0.9999969956951718 0.0007168463581855509 -0.002344084454404335 -0.046913366074919506 -0.0007193239638306282 0.999999183413265 -0.0010562887097324786 -0.02840099668015601 0.0023433253435412994 0.0010579716924405038 0.9999966947556539 0.8587381729156301
0.9978588693825142 0.01908719429037815 -0.06255682064147751 -0.10517901540323824 -0.017182231115151637 0.999376344134246 0.03084953352608047 -0.03626239683050443 0.06310663775352167 -0.029708614895221676 0.9975645094290668 1.7171321198558458
0.9934126672213734 0.014751210279680238 -0.11363834915820033 -0.2279704366890831 -0.009702062234751702 0.9989462888996118 0.04485735036854102 0.006467738402750084 0.1141803073761387 -0.04345933373830904 0.9925090144268287 2.557329792692069
0.9897102608250191 0.009608737604793135 -0.14276299163059403 -0.367449233966732 -0.0050284507062539965 0.9994620288891005 0.0324093735265068 0.03524038595517498 0.142997602431543 -0.03135801286000172 0.9892261423599273 3.4177155576529863
0.9897157263708125 -0.005151659896544945 -0.14295538246112494 -0.5448654666842606 0.004523381494992743 0.9999786321084951 -0.004719570560063682 0.04964547331074298 0.14297664142840577 0.004024391473377416 0.9897178811555962 4.342907759147184
0.9927634047368833 -0.02605931613126911 -0.11722514345481742 -0.7479606319253269 0.02031428560493443 0.9985456423470807 -0.04993926260988256 0.0031448020065891757 0.11835603920203272 0.047196527334415886 0.9918489480722252 5.310250094255823
0.9960646301581084 -0.041520823037990456 -0.07830245080605897 -0.8922303167456227 0.03529455142534431 0.9962266815011122 -0.07928867324507308 -0.08114847305733264 0.0812991216906506 0.07621299311487709 0.993771619886985 6.24900824553249
0.997831363684075 -0.051313397960213114 -0.04122505109949276 -0.990021793974471 0.04788660238604986 0.9956277777195373 -0.08020100713316441 -0.177803695677815 0.04516019220839573 0.07805295268617549 0.9959258474488295 7.123269794708601
0.9988588960927238 -0.043977958848231836 -0.01862377061636475 -1.0486457233110291 0.04291454076244677 0.9976132706094183 -0.05409347922929303 -0.2608099840870025 0.02095824151917447 0.05323252238551886 0.9983621841160123 7.967519106328961
0.9999119000595142 0.012890045369957023 -0.003168414388269338 -1.0694263857557686 -0.012917166684547867 0.9998787739853398 -0.008693913872344795 -0.31238129701459655 0.0030559653497632226 0.008734074875829037 0.999957187589471 8.827524673955763
0.9937650945748493 0.02178167391416219 0.10934576117132896 -1.0742270703779362 -0.03742385724103008 0.9889989831002172 0.14310997986142351 -0.32328318597708827 -0.10502567168955965 -0.14630984282757992 0.9836478222300538 9.6827555999675
0.983294308483341 0.022655148550005028 0.18060743934968124 -0.9853866139425339 -0.06538796159377322 0.9699564536470503 0.2343264656564609 -0.20409361353701672 -0.16987265048524725 -0.24222143231476126 0.9552340343311162 10.526437679479033
0.9820985340962859 0.01993734270262649 0.18730982807072097 -0.834610834360653 -0.06280833108072098 0.9721374454493545 0.22584043194711056 0.020417744460299623 -0.17758823968039011 -0.23356217485106862 0.9559869913372545 11.339280638588386
0.9905402391869632 0.008300636297820647 0.13697128892028462 -0.711839948673889 -0.02532041615262179 0.9920849739622363 0.12298894651230302 0.23615236501067008 -0.13486627108840377 -0.12529367053207185 0.9829102629677388 12.158218291004001
0.9998377203720303 0.0054271210358976685 0.0171778717693444 -0.5701570010297258 -0.004696767661510692 0.9990949501263249 -0.04227553672765047 0.3473557609147266 -0.017391759393348055 0.042187995796658176 0.9989583072960875 12.990807165018888
0.9918229484425001 -0.020608573434767387 -0.12594651898250153 -0.5493771705247529 -0.005198608726731732 0.9795324310503951 -0.2012192609762031 0.3021262346355204 0.127515541837582 0.20022862737752267 0.9714156079497499 13.848773988706325
0.9744071998876095 -0.04790296363600737 -0.21962676267266287 -0.6784681710030059 -0.020079324512291514 0.9545765749966827 -0.29728838388799056 0.11734082356748668 0.22389155753247358 0.29408989874269814 0.929184428368875 14.68575006649724
0.970442770842659 -0.045323779675110684 -0.23703709312085555 -0.8959946911281913 -0.02813615968552701 0.9542589584962535 -0.29765449206722266 -0.15290249628807462 0.2396855962242487 0.2955259635389211 0.9247784706820433 15.491966901083378
0.9855977607555355 -0.0112348957852369 -0.16873301725023798 -1.1291234512813817 -0.022377693198570792 0.980351047330441 -0.19598740481270233 -0.42912195971814393 0.16761948824878595 0.19694060301218316 0.9659803859522265 16.302882833070935
0.9991834197669195 0.012811754124575277 -0.038319089487300506 -1.2946303438409517 -0.013752762083123985 0.9996077904748278 -0.024395219964529556 -0.6131934912328822 0.03799151481540718 0.02490229263108565 0.9989677275186353 17.165709560985103
0.9940360065581824 0.01949790474637778 -0.10729515075884102 -1.3495925741533243 -0.020793614952827066 0.9997235981402832 -0.010970546870446404 -0.6356123230009452 0.1070515915017372 0.013136172652043115 0.9941666850810299 18.100867294921926
0.9928350798526421 0.01791834990054798 -0.11814159703862111 -1.440757257293168 -0.020346912144886067 0.9996050870653205 -0.019382287772611573 -0.6644772384547677 0.11774764277964489 0.021647231924049028 0.9928075795288173 19.039911094604957
0.9820469358812246 0.02893145165336576 -0.18640490023475192 -1.5852431068608208 -0.021362306160600676 0.9988685800818446 0.04248778178232038 -0.6634489126940718 0.18742323122227805 -0.03774295736306763 0.9815538709452934 19.96963477310454
0.9995181119975415 0.019821104373255766 -0.023888650240142535 -1.7206527080456222 -0.019327912516179595 0.999598839103095 0.020702479598084023 -0.642595168076378 0.02428941305668518 -0.020230785579573366 0.9995002449865618 20.93909491480933
0.9969057389276077 0.010463495562747182 0.0779067580753596 -1.7853585184599026 -0.005880481885357616 0.9982509573991082 -0.058825555539710694 -0.6282056829129086 -0.0783860167759546 0.05818540463353337 0.9952236387172653 21.92178605967189
0.9980660387717433 0.007270345901927003 0.06173592407140957 -1.744919855771097 -0.003444932439221782 0.9980797636314054 -0.06184592039874817 -0.6570108827834855 -0.062067017738680404 0.06151363669907249 0.9961745619162766 22.889146958027425
0.9994378978447955 0.0055524105030610536 0.03306144414844033 -1.688691003801568 -0.0031281902938013143 0.9973321681164019 -0.07292983522344647 -0.7180610328507956 -0.033378178156703214 0.07278541871720427 0.9967889345518912 23.857239386845592
0.9999786325141977 0.005085390777741231 -0.004107714165838532 -1.670825352595276 -0.005438492258747386 0.9958270405914007 -0.0910984523958945 -0.7984078773750148 0.003627301611681514 0.09111884562269822 0.9958334191296286 24.832831883274615
0.999432497712475 0.00976389744933592 -0.03223893333850901 -1.6871826175799427 -0.011913074126085452 0.99767111933631 -0.06715963301791628 -0.8918335599250847 0.031508112940516225 0.06750558457515708 0.997221256727961 25.8090194738683
0.999305636948274 0.015969651245862856 -0.03366324705805721 -1.7220298571461048 -0.016361609991593973 0.9998011448614855 -0.011400370702053807 -0.9729987067207649 0.03347449300421536 0.01194323962527693 0.9993682090928061 26.789301691025763
0.9982908316867772 0.0011902534858082617 0.0584294332229951 -1.7618774105540798 -0.0003082854433611676 0.9998859216596229 -0.015101278984661293 -0.9797619811593582 -0.058440742040175186 0.01505745541340479 0.9981773152633086 27.74882463062423
0.9924284257042322 -0.0035003371646552036 0.12277445782389541 -1.7102573883659393 0.00580125347530525 0.9998140863321958 -0.018388535282415505 -1.0272883292860506 -0.12268726630067502 0.01896155087146385 0.9922642260387166 28.707478823018477
0.9860946271624217 -0.01431928280809133 0.16556673706171893 -1.556671356227066 0.015717189040634006 0.9998510125507786 -0.007136012180716815 -1.0608289414861907 -0.16543988711935084 0.009639026976010226 0.9861727703140512 29.6649206347848
0.9954137841324214 0.0010260432718994744 0.09565743878225073 -1.473000377271154 0.000361207194235534 0.9998950385730173 -0.014483831206868107 -1.12765718825065 -0.09566225947853613 0.01445195738543402 0.9953089334669881 30.675624394157698
0.9995159832341473 0.015447995703205906 -0.027002938510986813 -1.3919758571585397 -0.015826810132836388 0.9997785201275114 -0.013871653566238193 -1.1631056345189483 0.026782668658920893 0.014292309834184079 0.9995391030565598 31.729499026032336
0.9914301680445007 0.018006095320098028 -0.12939089002930648 -1.402116814387302 -0.020356393583974137 0.999650538337402 -0.01686470995875159 -1.2037559639740139 0.1290420052986888 0.019354114112044254 0.9914502403728759 32.78064977674636
0.9797158965355577 0.019874427380737514 -0.19940353359912918 -1.5543011173793162 -0.02479783783412302 0.9994454394695049 -0.02222342823153824 -1.2351061959441505 0.19885127435921446 0.026717422403697243 0.9796654275954719 33.793094149311486
0.9758211077764437 0.02063274001344167 -0.21759470503092124 -1.7744034239136481 -0.027857359009720063 0.9991560082562312 -0.030186730768280438 -1.2665097176112856 0.2167882219285907 0.03551846287511243 0.9755722964639932 34.76641678568886
0.986200453590198 0.02100276451307003 -0.16421799298887868 -1.9935654531182836 -0.02608553261090068 0.9992431479957633 -0.02885612884502395 -1.2942620319500309 0.1634876457928627 0.032741641167227775 0.9860019140989447 35.75576877566359
0.9986416436625576 0.002996525135838996 -0.05201815433149636 -2.1586333596006044 -0.0035703469090898644 0.9999337630007722 -0.010941765582569336 -1.3223258260541821 0.05198192152944947 0.011112625622481461 0.9985861952710345 36.811560550132924
0.996970026565422 0.04172598168423367 -0.0656483707538063 -2.2170928090938657 -0.031273454698976105 0.9877502116967355 0.15287737021627923 -1.3410224921217813 0.07122315045919622 -0.150361104496945 0.9860622703932678 37.85083394488861
0.9962675777186216 0.057391405698968376 -0.06447588804015225 -2.3195212155426277 -0.039214733709013946 0.9663483671146587 0.2542302854401167 -1.1942106489378266 0.0768968025785269 -0.2507529858779921 0.9649921356293375 38.878663887256046
0.995957082064212 0.06478227625549825 -0.06223140179440007 -2.3895000956812678 -0.04631491733144541 0.9639049358505901 0.2621873434692257 -0.9426963454972636 0.07697024826984208 -0.25824509932625017 0.9630083330663622 39.876782585627986
0.997599156036383 0.04785283717943261 -0.05006026217844446 -2.486429318523021 -0.0394622250390521 0.9868244692438994 0.15690825248043452 -0.648809261042219 0.056909196712509415 -0.15455605091802546 0.9863436371032975 40.863803494379304
0.999175910487901 0.024198246519653143 -0.032587494013042166 -2.5686389696452663 -0.024832166557541613 0.9995074196164857 -0.01919066532598007 -0.49039096474237903 0.032107061602309236 0.019984068578979452 0.9992846309226902 41.87051731423679
0.9998217013889557 0.0028515356064587652 -0.018666391627118414 -2.6079402554240656 -0.006528640020052832 0.9797703441640643 -0.20001862302325707 -0.5245881124022905 0.01771841672329731 0.20010482613199604 0.9796142691220372 42.89022084038599
0.9995899799982366 -0.01714950651603651 -0.022929594706009113 -2.6222583870917164 0.009086286632032755 0.9493918037407689 -0.3139628041426077 -0.7360110248222969 0.027153476432419547 0.3136257282432443 0.9491583594435277 43.876551307186865
0.9989140368078803 -0.028031826758089278 -0.03721510119278747 -2.6568889390720765 0.014709883869080884 0.9476508786325494 -0.31896932696344815 -1.0657482848015916 0.04420821625832792 0.31807550819822844 0.9470341095756243 44.824456879403165
0.9988202788821281 -0.011977962681114713 -0.0470593126154397 -2.735042433690464 0.0018116929556620145 0.9776181045077406 -0.21037956057404272 -1.3916398003073582 0.048525954523968504 0.21004611433850115 0.9764864881752514 45.76649546137677
0.9982896689830515 0.011897146241530123 -0.05723805301560566 -2.7917258296387897 -0.012885020375640825 0.9997738016815201 -0.016921043738484708 -1.6169866044576653 0.05702379373234439 0.01762961663190772 0.9982171525103056 46.73688225755179
0.9999268285702357 0.011698336236633458 -0.0030800056432076367 -2.8067032294834298 -0.011842366242666866 0.9985841992730123 -0.051858994630198316 -1.6584880802020228 0.002468981012900731 0.05189167458827158 0.9986496674215554 47.73514957547254
0.9994236233588388 0.007313742421126118 0.033150116803599 -2.803791845708289 -0.004794596344214712 0.997138504363938 -0.075444118132192 -1.7084366806578561 -0.03360703673623763 0.07524169247595044 0.9965988434646906 48.718334119138646
0.9990450875156844 0.004770305319933946 0.04342991247899719 -2.764157071440283 -0.0012782936652017633 0.9967875451136331 -0.0800809332590523 -1.7971495951739778 -0.04367240634639091 0.07994894679412466 0.9958417980936658 49.694000813442635
0.9996776935734376 0.010066387529622797 0.02330615398985285 -2.726904473179571 -0.008583679176829097 0.9979849919105493 -0.06286713269337282 -1.90895608747712 -0.023892036821597046 0.0626468176637913 0.9977497415750682 50.699770449101216
0.9996853968148742 0.014497386891177742 -0.02046785695705851 -2.7173978018712304 -0.01503412512315406 0.9995405686570478 -0.02631780177992663 -1.999378615344175 0.020076914027520404 0.026617238438156304 0.9994440655389657 51.74088146344191
0.9975619220021126 0.016087307474053767 -0.06790736565118421 -2.7270261086773595 -0.015258958296198463 0.9998029255747619 0.012699378089610872 -2.039698929437559 0.06809828164618573 -0.011632220354827506 0.9976108036135406 52.78644889303727
0.9943786988262624 0.014917263441443538 -0.10482594417419523 -2.8010155343984353 -0.01069849389123571 0.9991144125223552 0.04069315567225172 -2.019079084217001 0.10534014215412921 -0.039342927465117264 0.9936576817543477 53.790496904623026
0.9928707380363525 0.012944427362834259 -0.11849109397501131 -2.8923464788062208 -0.007566281629881242 0.998925344192204 0.04572644872265007 -1.9927736238468916 0.11895565952674966 -0.044503915903391485 0.9919016849142961 54.754161980617944
0.9946734080042177 0.014134429493843331 -0.10210303282546822 -2.9530264273062024 -0.01152321129483334 0.9995924217050276 0.026119074855923685 -1.9801439406160533 0.1024305960674329 -0.024803394379767058 0.9944308747301185 55.71362801424772
0.9973668277686725 0.016344879392998175 -0.07065589702412325 -3.0285142020260514 -0.016575799846777452 0.9998590119358126 -0.002683115759622572 -1.959741126404732 0.07060208018248994 0.0038472286607772873 0.997497140399679 56.67393457601404
0.9918625981909545 0.04983386366494203 -0.11715448067451073 -3.108087129889312 -0.02893077778783767 0.9843594860584014 0.17377978105472883 -1.9629106990068588 0.12398224230300525 -0.16897629490275476 0.9777910898317986 57.6313300511919
0.9850407075083717 0.07934975124941378 -0.15296542592384713 -3.227046053229634 -0.03316922199346197 0.9583817563328921 0.28355636448620036 -1.8145271541258698 0.16909940054227332 -0.27424081772219566 0.9466770128355841 58.57273460296729
0.9810522758669933 0.09334615263561555 -0.16977316573688173 -3.3770614712379805 -0.04161685457053385 0.9573568727646965 0.2858948330870216 -1.5631440058715698 0.18922068975629824 -0.27341235151018584 0.9431019121016673 59.47725871536498
0.9852272891850905 0.06942125380516086 -0.15654992227758577 -3.5582764674683225 -0.04154023991184063 0.9837272025121951 0.1748004562511167 -1.3171306213276768 0.16613728393429744 -0.1657150583310138 0.9720786605667687 60.36608866145233
0.9925884594942544 0.03759766927837434 -0.1155619545683608 -3.7096403090344556 -0.040361323949954384 0.9989501815847368 -0.021667908086112922 -1.167565678927369 0.11462597265817526 0.02617154899228145 0.9930639135602064 61.264579410087
0.9979228914250148 0.02094771410624093 -0.06091876594007716 -3.8097205704085746 -0.03362977323681621 0.975969520628456 -0.215296384447814 -1.2137151311828407 0.05494489168229436 0.21689787476594527 0.974646792843456 62.171370993573476
0.9995880831007421 0.02349967763390879 -0.01647511074580919 -3.8673730061319813 -0.027617048878756722 0.9437825579838317 -0.3294112655279463 -1.4301066628734027 0.007807863613861861 0.3297305693996192 0.9440427897448243 63.05309876038573
0.9998628194913904 0.010601677754027167 -0.012725825219816803 -3.857128401547791 -0.014185049685598146 0.9447631813784101 -0.3274466605069619 -1.746470403797677 0.008551407144012148 0.32758225767056465 0.9447839636103665 63.89290337596521
0.9992976971755207 0.002885897296523963 -0.03736019293974582 -3.8771772606323185 -0.010771158593643963 0.977073640029448 -0.2126289822722998 -2.043148563188152 0.035890034302737774 0.21288206490072695 0.9764185229097981 64.7228251089106
0.9971618647402032 0.01587355884886152 -0.073595146832605 -3.92942361977169 -0.017012915182711103 0.999744534310966 -0.014880417747344828 -2.24520359486132 0.07334014061090169 0.016090253099977858 0.9971771796076924 65.56453786531337
0.999287762256018 0.006874645410562151 -0.03710400862223842 -3.9982773787857973 -0.008364667331623929 0.9991585175145993 -0.04015332138764459 -2.2648306277322336 0.03679674640224825 0.04043508536540081 0.9985043832280867 66.41683258167188
0.9998721964975433 -9.55267853878051e-05 -0.01598691795848655 -4.02083077283907 -0.0008697351439588169 0.9981762706105751 -0.06036038726468751 -2.315980256363407 0.015963528180119497 0.06036657738017751 0.9980486171041195 67.25838154285152
0.9997715567180082 -0.002772771985566078 -0.021193067573310544 -4.015082785354829 0.001367225794029039 0.9978153810529412 -0.06604995100529687 -2.397547328988456 0.021329910250139084 0.066005886629073 0.997591227837851 68.08310465216009
0.9996778759185702 -0.005597625020067497 -0.024755019553021958 -4.089080806351481 0.003947915319468909 0.9977988904106653 -0.06619507730848163 -2.446931125525903 0.02507106626304687 0.06607602355908135 0.9974995743092091 68.89472102051307
0.9992650301084376 0.0005288880816352353 -0.03832909964739582 -4.133346194332308 -0.0024303814990273764 0.9987671953949998 -0.04958006301504749 -2.5233401276893885 0.038255625052429604 0.04963677749616709 0.9980344169775127 69.69418870343037
0.9980312290432669 0.007861374524771848 -0.06222430911602534 -4.183227789394749 -0.00934394629575185 0.9996784923328756 -0.023571224717668607 -2.5746155097935124 0.06201900129804985 0.024106238977700235 0.9977838106124707 70.48453960368707
0.9951663914049191 0.02014592573250051 -0.09611448951376556 -4.237059723842296 -0.019864389398957846 0.9997951345697618 0.003885218711808109 -2.612534219450287 0.09617307030514176 -0.0019571834386654585 0.9953627027275382 71.25759473083221
0.9917755405713166 0.03001971506869423 -0.12441902519979459 -4.320115293115744 -0.02807800840636189 0.9994554853673534 0.017330845710479506 -2.621703735792497 0.12487154427012173 -0.013694870437597713 0.9920783980892298 72.00604301946787
0.993157832033229 0.026427423199383224 -0.11375021746835075 -4.4910258474976095 -0.025435991480270315 0.9996248351951211 0.010158700632600815 -2.600850850915206 0.11397601067098287 -0.00719584353414456 0.9934574418803053 72.71560998434751
0.9958272602178221 0.0196288313930563 -0.08912225751858552 -4.598162657752305 -0.020287012691491933 0.9997731635031014 -0.006485264455371112 -2.596898468651204 0.08897474317536044 0.008266227503754197 0.9959995806021883 73.41945803785794
0.9963562944133083 0.021140544787370763 -0.08262694444957995 -4.657073048214592 -0.022389739423684916 0.9996481672025745 -0.01422115948412163 -2.6242782491540524 0.08229723052156913 0.01601933752146149 0.9964790748800767 74.11838324054135
0.9972124051100149 0.021501609884409977 -0.07144998157507444 -4.71568964990219 -0.02273746626405945 0.999604827914289 -0.016528630866949313 -2.644488642263073 0.07106635436400685 0.01810714728563708 0.99730722673336 74.79937782511786
0.998286056271232 0.018036049606503346 -0.05567450735320459 -4.785137505357964 -0.019437184302780717 0.9995052274459246 -0.02472844869074036 -2.6749863623084806 0.055200957607726475 0.025768221181575467 0.9981427017497686 75.45902294201642
0.9991300258285296 0.011687192024477778 -0.040032499677949814 -4.859760446387038 -0.01331755628140442 0.9990824735289109 -0.04070446882155137 -2.6982089318165268 0.0395200478564196 0.04120219205255959 0.9983689424193298 76.09241725818286
0.9987673343209317 0.00645819068694341 -0.04921487241182187 -4.979558437224554 -0.008647679825537945 0.9989761327008561 -0.04440612488921242 -2.6801094079444527 0.04887769969112509 0.044776981442393185 0.9978005774731803 76.69926199406609
0.9970613155203659 0.006114648660715938 -0.07636323830583124 -5.077974851304089 -0.009032917574398818 0.9992396134350447 -0.037928898511249205 -2.683514477050433 0.07607325083688271 0.038507220283195344 0.9963583966089565 77.29277400424786
0.9957876789414026 0.012052581426687014 -0.09089352974468096 -5.124011224448497 -0.01436990512162259 0.9995870676780144 -0.024883728773318077 -2.7032930133169892 0.09055608370114995 0.026085041917190254 0.9955496804745051 77.88018789854175
0.9932245143381816 0.024671784170777047 -0.11356217320707435 -5.189658246064086 -0.025317772632072896 0.9996704218676937 -0.004249474299032458 -2.7166861394784774 0.11341990348538306 0.0070958233277098855 0.9935218038798487 78.45462038700123
0.9930929404633054 0.02523917183541321 -0.11458357564244634 -5.216496016647376 -0.026295506637707165 0.9996244301104644 -0.00771654436877612 -2.7787387882714754 0.11434578231230061 0.010676278911281612 0.9933836414678854 79.01361998171218
0.996961952507257 0.01829698317750924 -0.0757105386291724 -5.2155104584352765 -0.01905514278035375 0.9997751466635484 -0.009303636251503968 -2.790766377457775 0.07552328638597368 0.010718046486273064 0.9970864339128179 79.56414811750228
0.9773641877825384 0.050497416723926596 -0.20544891176248217 -5.226791764038964 -0.05259583797317266 0.9986045271098207 -0.004761960066544278 -2.809480574653559 0.20492174669389734 0.015459926907515163 0.9786562565027297 80.0933503363077
0.952843881096279 0.08168758992097186 -0.2922596036237066 -5.35893199333895 -0.08720908354516109 0.9961726114709317 -0.005891001815962707 -2.8160888611780712 0.2906597908287201 0.03110089722316256 0.956320877209801 80.58594480773348
0.936314199257551 0.1115817571798578 -0.33296430999934723 -5.4796748494232705 -0.12234718976823986 0.9924210743876162 -0.011470669864816176 -2.823339551013132 0.3291608807627361 0.05147739869096438 0.9428696580119204 81.07009159551679
0.9429040854106125 0.13928418198589557 -0.3025422323651588 -5.643363897209232 -0.15216852535452527 0.9881657556225323 -0.019317849424332074 -2.8371850582025013 0.2962712027980492 0.06425228450002209 0.9529401966173534 81.52613948284194
0.9686425497728988 0.16601531742510334 -0.1848527120431293 -5.784675101724579 -0.17497503739035433 0.9840148485052463 -0.03314384122943238 -2.8504840207812716 0.17639542811451267 0.06444914507920071 0.9822071882443442 81.97480491807056
0.9858434255771483 0.16373602748850138 -0.03610060316118444 -5.755358573236282 -0.1648830128642638 0.985810972469587 -0.0314693283590727 -2.9105999125656328 0.030435707895820095 0.036976206685553376 0.9988525555976854 82.42523094084632
0.972961224821297 0.13419868119201692 0.1879818314640145 -5.74774714250198 -0.13350219462188465 0.9909124799017148 -0.016420146350540475 -2.9589141324184656 -0.18847710477769503 -0.009119821344520305 0.9820352385903778 82.87157800185908
0.9027474422511687 0.07850816650259033 0.42294624162105543 -5.638851038615439 -0.08187383414191228 0.996590141243043 -0.010235509761356613 -2.9643535580133737 -0.42230762577992403 -0.025388150180225843 0.9060969655829046 83.30061510681294
0.8382442059657358 0.003078033342427809 0.5452863255901526 -5.416892138042244 0.019815688173027143 0.999151640074855 -0.036101781645174635 -2.9589054815806066 -0.5449348490114174 0.041067333082018424 0.8374720798250136 83.6656150409703
0.9111130282334977 0.3887875962358189 0.13681101854880293 -5.1379912654275675 -0.3744352950780669 0.9195230201636092 -0.11948064775935319 -2.9787737893225934 -0.17225347480671266 0.05763350069507178 0.9833652017509283 83.9720618068126
0.8978648011803798 0.41691334295985344 0.1414993401516586 -5.021639737457043 -0.4034439676669507 0.9077865937787137 -0.1147016351618069 -3.0590363977161976 -0.17627184617647956 0.045899505636579435 0.9832708027943513 84.38470091657625
0.9097636738831765 0.3919595649781445 0.1367397422285361 -4.882774581209294 -0.38570545093821623 0.9199096517561699 -0.07069326504265856 -3.150219582140224 -0.15349711006768618 0.011572900586572926 0.9880813251817286 84.78325311088317
0.9539597090125689 0.25192356794141635 0.16277404429552894 -4.594546316642889 -0.2548372107102768 0.9669790823690027 -0.003074133732629679 -3.2553780137594637 -0.15817354272463505 -0.038548283703258426 0.9866585834043464 85.15535137230542
0.9805942682037674 0.0802440500396686 0.17887362466039794 -4.381677843785518 -0.09501759018689843 0.9926005311175121 0.07560319556942201 -3.3062216785490826 -0.17148334823239453 -0.09113220099648961 0.9809629876914537 85.56084291062116
0.9679120186200801 0.012206667334325759 0.25099267217070337 -4.026297944476142 -0.04530322642391364 0.9909300340689435 0.1265119964893033 -3.35195824241727 -0.24717188733022338 -0.1338232597597112 0.9596860910010616 85.8390116398443
0.9440635290531856 -0.01220002524005237 0.3295378771792202 -3.872368776757413 -0.04124666407509147 0.9870988746087954 0.15470786808925593 -3.3094426281204177 -0.32717390760010356 -0.15964639404066883 0.9313808367448253 86.22513246160092
0.9145450047895913 -0.01040161561631299 0.404350393355783 -3.706199124819767 -0.05770070546778782 0.986090567827901 0.15587180832135794 -3.2497945043947425 -0.40034742762121694 -0.16588308664062548 0.9012240225180704 86.5670326924568
0.871916982279593 0.010913178512461152 0.4895321016513645 -3.494355012082238 -0.08622208903812302 0.9875518289349116 0.13155659059587785 -3.1749888452771096 -0.4820026217504923 -0.15691490592695467 0.8620041675790135 86.88189086581498
0.8102673501639461 0.030820233527904112 0.5852494634457871 -3.2648488929316324 -0.09099175541673589 0.9931224550534281 0.0736769279682165 -3.151331152417204 -0.5789536438303856 -0.11295088522866212 0.8074990871955104 87.17680865741745
0.712604651433804 0.003034461355988732 0.7015592653505355 -2.9889861338444503 -0.0010650996005442048 0.999994172889854 -0.0032434162823338133 -3.1363546495195056 -0.7015650193087911 0.0015640430360442832 0.712603731011588 87.45518534485338
0.6394890769492105 -0.15936406589147542 0.75210159883169 -2.680856220399923 0.1410262797583445 0.9859959928092178 0.08901399093224993 -3.1476039841284416 -0.755754794149642 0.04914261558670624 0.6530081886570241 87.69128251677007
0.5851182878682158 -0.2823122473322791 0.7602212731885132 -2.372871486010905 0.258812845389359 0.9534325377942315 0.15486221920376458 -3.1058445161367096 -0.7685391989115634 0.10614231428346255 0.630936850132341 87.90061975232837
0.5713951057729814 -0.3534273344323812 0.7406731751418438 -2.0651973374920174 0.3720203563008034 0.9160087907133285 0.15009580218556048 -3.0333844356785304 -0.7315110987514146 0.18978149175281583 0.6548851027406044 88.12088727358342
0.604672361012959 -0.2402482038156336 0.7593761494742748 -1.651558794698432 0.28331565667248626 0.955943427551746 0.07684010674680133 -2.913832033876195 -0.7443813367564039 0.16868006368265165 0.6460986469609448 88.23454990233977
0.6154332740414207 -0.013412961150001748 0.7880748553759628 -1.1320573622819519 0.08025215375332412 0.995725300684331 -0.04572436325473213 -2.849747587553885 -0.7840927732230485 0.09138499904407979 0.6138789008665336 88.33200975733519
0.5851393922353612 0.1491151305433642 0.7971051182231031 -0.6862299570662104 -0.042319826899767175 0.9872241673036556 -0.15361469898019475 -2.8766599864094173 -0.8098277124830933 0.0561526609755673 0.5839742757688539 88.5086127050641
0.5426267004527874 0.21655471422830613 0.8115789054067475 -0.3164983525847502 -0.07638845641735714 0.9749139053944488 -0.20906381990846293 -2.958475311319321 -0.8364933159815998 0.05144835093607614 0.5455565960595341 88.6801730165118
0.47946526206659335 0.18561123560463863 0.8577071363167804 0.03213185097630039 -0.015849076828656643 0.9790483481603682 -0.20301019365571787 -3.059522883392093 -0.8774177279010787 0.08374246940335688 0.4723614395599371 88.81392005295935
0.39755224575917886 0.09510937281794951 0.9126370686609262 0.38725936590111754 0.05375351883370476 0.9904914375183221 -0.1266383489148587 -3.125573310626893 -0.9160036960104634 0.09940281386893829 0.38865963192761493 88.93566543898545
0.291072354306892 0.008724142645216034 0.9566612639243569 0.7588166979715452 0.020330244118426172 0.9996762116182233 -0.015302061910942086 -3.1870044524356143 -0.9564850054926768 0.02390316422039203 0.29080074451060983 89.04402220169733
0.21360427632892595 0.12736989381542047 0.9685815005891043 1.1411744691156382 -0.04853163486537867 0.9916235567638251 -0.11969712648330057 -3.2028068493041664 -0.9757140429199999 -0.02143902564283373 0.21799650141274474 89.1410218889695
0.16142307789886925 0.20392774946460257 0.9655858651202182 1.5269505362056413 -0.06888346824417338 0.9783594611018276 -0.19510979646136015 -3.2637837794854083 -0.9844783683374215 -0.03501767940401679 0.17197704615688683 89.19166776423914
0.14647663624070956 0.2193410627752696 0.9645901166901009 1.9214164741971103 -0.08736056485672929 0.9741658156733769 -0.20825247965232033 -3.351663257600248 -0.9853490380284128 -0.05376301474100678 0.16185429096084653 89.25396588703866
0.1327610353124205 0.1533645553171795 0.9792108152359924 2.3571169256241644 -0.05200019999214067 0.9876732629004595 -0.1476397810630246 -3.45391161206352 -0.9897830503214082 -0.03131834803951286 0.13909951248126076 89.26807578527036
0.10962415366268222 0.02786811612715112 0.9935823634894416 2.856342560839126 0.020874405801244233 0.9993218779310177 -0.030332218363774952 -3.539010077534871 -0.9937538951451642 0.02406558521927834 0.10896808473983564 89.26683450571707
0.07921218956153406 -0.10229006908768827 0.9915957698532718 3.3746779939604736 0.0831491310008201 0.9919329919404875 0.09568260820966934 -3.556867853732138 -0.9933839393903419 0.07487109766814265 0.08707851454458423 89.26925574532534
0.05450178382961018 -0.18351685827368416 0.9815045177118371 3.8750916471977233 0.11195912636678458 0.9778901175841601 0.17662409788706673 -3.507848823703366 -0.9922170677742737 0.10026205992592897 0.07384314292358264 89.2742424222979
0.04880850802382679 -0.19422253583454646 0.9797424845940319 4.347793541957003 0.11743680571832464 0.9752236828122655 0.1874763055555532 -3.4233671369208194 -0.9918801975073217 0.10590738905327195 0.07040808715448982 89.2862010547707
0.05946092989128871 -0.12167119845670193 0.9907878265716481 4.815688085500719 0.09754583872498336 0.9885019731039341 0.11553639477269148 -3.34489684586558 -0.9934531731107908 0.08977732807196345 0.07064576562226664 89.29498554526491
0.09322744820299128 0.009086090508762634 0.9956033777869694 5.3076154806432045 0.04293008393842165 0.9989917058977581 -0.013136949437718717 -3.2876586868326356 -0.9947188802845771 0.04396606085102112 0.09274338088858744 89.32106766893793
0.049238223314942715 -0.09359384143546567 0.994392171233331 5.810209163159427 0.058373448384052194 0.9941676228423633 0.09068229273521324 -3.2984200366689174 -0.9970798051753631 0.05358106510058688 0.05441444269809644 89.3415926608781
0.023312639958365664 -0.16391669830424394 0.9861986802035423 6.321068666071912 0.059031925478686194 0.984971241562283 0.16231723589788993 -3.253475521150243 -0.9979838438534201 0.05443316371742962 0.032638598242894265 89.37201245447102
0.011913713390367519 -0.1741754032599044 0.9846425708512191 6.8489754892120205 0.05633478670744941 0.9832653626077708 0.17325016162310686 -3.1809574283525897 -0.9983408512326237 0.0534055764415656 0.021526475909115484 89.38810506100505
0.011587299838499269 -0.12794947232121934 0.991712996292362 7.417034224832891 0.05454664303563926 0.9903837241181688 0.12714064155637525 -3.0756863229499354 -0.9984439885221392 0.05262139806719081 0.018455087359830855 89.39912300096846
0.013117680463063395 -0.025386399411437287 0.9995916452152824 8.05066367793688 0.04696742341413058 0.9985898886808932 0.024744602686658724 -2.9994501085437455 -0.9988102860889589 0.04662365225082438 0.014291516843479122 89.39920670103965
0.012668827983438925 0.0904963616310036 0.9958162025841328 8.720457980223326 0.038905202783024104 0.9950974066920386 -0.09092599403467372 -2.986296259514255 -0.9991625923712012 0.0398943570738052 0.0090859385717675 89.39501150548767
0.012257776481315766 0.16877773314102476 0.9855779135672181 9.373051035744247 0.033278583772399 0.9850370862109776 -0.16909900842726266 -3.0512857156803346 -0.9993709435329001 0.03487141500938626 0.006457680497331598 89.39202093390904
0.01406101444416345 0.1827593697739743 0.9830571197202227 9.994769311097157 0.028665126703319655 0.9826765508908203 -0.18309862599267498 -3.159568908453961 -0.9994901692282333 0.030754009318170447 0.008578608685226728 89.39241840493182
0.0159091491848792 0.1286703413762067 0.9915598026454808 10.620247069214525 0.029570878339087392 0.9911909731761825 -0.12909693198644656 -3.281621761542662 -0.9994360720558703 0.03137511664024142 0.011964110052280767 89.39142755830744
0.03760991198543223 0.02963953488120917 0.9988528382562039 11.274552362606181 0.045132792851228204 0.9984896485083657 -0.0313281475846946 -3.375194831874879 -0.9982727711051205 0.04625926711120558 0.03621539281076449 89.42208176423057
0.16113875487911705 -0.09889443277489962 0.981964455997333 11.94282387030027 0.03264631517905026 0.9949565403122386 0.09484566935360135 -3.398966763288703 -0.9863916665205753 0.01677420805979785 0.1635545968865707 89.45405056014873
0.2890154244891969 -0.16764010542189073 0.9425321636217339 12.610584997287532 0.0354754619815033 0.9857475482898229 0.1644483585743677 -3.322747448625538 -0.9566669096422894 -0.014091348223015693 0.29084335629463753 89.5698922016228
0.3777584435731091 -0.1686324566513922 0.9104183944060772 13.27438198871741 0.044041161138781655 0.985434520520267 0.16425340755228754 -3.218888027223645 -0.9248561695932893 -0.02195222837678284 0.3796829799115618 89.77710436526169
0.3817980641323594 -0.09728042015551813 0.919111939906749 13.908420425084769 0.053933765898173704 0.9950957968140549 0.08291865929356017 -3.0906027377274823 -0.9226707902176289 0.017912984602414975 0.3851723482569977 90.09038963501885
0.31252048186791587 0.03246107190846924 0.9493562172459811 14.58029509635781 0.061169047654941786 0.9966539604728857 -0.05421467220871337 -3.0285102051509174 -0.9479395001908257 0.07501441117721293 0.30948916312805375 90.38110671268626
0.1698429940626376 0.16851326633003136 0.9709565574414862 15.284419491781067 0.08383745819857981 0.9792287409119197 -0.18461406656822757 -3.0767824465072655 -0.9818984865914805 0.11275793560916443 0.1521874173068168 90.64805698254557
0.006873694116763731 0.2651333700047559 0.9641872476024099 16.022968285647785 0.11344064428937706 0.9577787894572626 -0.26417988320269653 -3.221395511316902 -0.9935209975397601 0.11119391429255623 -0.023493421885699323 90.79744861646704
-0.09908163704916927 0.26708536992704907 0.958565717293597 16.774622724023256 0.11940909916150998 0.9595362280525006 -0.2550131253332182 -3.4412196224833123 -0.9878888076282125 0.08919435086209497 -0.12696484370563402 90.78269334686595
-0.10967523462359162 0.16709828336895527 0.9798211605213514 17.531089925163762 0.08076185768281641 0.9840065811868441 -0.15877207098415813 -3.6560860127537755 -0.9906810108475281 0.06171881298377633 -0.12141632044331183 90.70106263202598
0.01639487965771146 0.020631770804028778 0.999652708671616 18.313387938748637 0.05186053823581095 0.9984237997295592 -0.02145695009737043 -3.7703495218786958 -0.9985197506784235 0.05219431163526425 0.015299063305306376 90.59015580672542
-0.05271630384321473 -0.07886899799281136 0.9954901669352239 19.109947149807017 0.04930709667810454 0.9954548037841249 0.08147725965129708 -3.7795974110851924 -0.9973914986234274 0.05337990987926779 -0.048587896589534864 90.67868042817308
-0.10606611265872955 -0.1389019388471833 0.9846096846618762 19.914488935318403 0.04320217441940152 0.9886165472126555 0.14412111123205826 -3.7247393570911265 -0.9934201285815087 0.05782364535223512 -0.09885784828367275 90.66103035518258
-0.11400738373933246 -0.1381837768597934 0.983822931357912 20.711346458061477 0.039782554319047786 0.9888503928528888 0.14349999625971804 -3.5995284840876782 -0.9926830636334866 0.0554990483472454 -0.1072389425898331 90.57099486065428
-0.09017247192302806 -0.07189877121319482 0.9933274847729341 21.51643039997442 0.05345839766634875 0.9956033714340553 0.07691636047089395 -3.478495321366684 -0.9944903845820924 0.060037434048888685 -0.08593242395387257 90.52036701773721
-0.008169438469812969 0.02716085251199369 0.9995976932575974 22.32572012328798 0.05082273687815676 0.9983504093125023 -0.026711601258118348 -3.4346750142300677 -0.9986742760736865 0.05058407176553496 -0.009536351100794522 90.42593495632687
0.07308029885149604 0.12910098520120403 0.9889348843780642 23.13981071513486 0.04462549668690303 0.9901698975506882 -0.13255994504338714 -3.455814983958047 -0.9963271726522486 0.05381923080588474 0.06660071643938731 90.44608768590015
0.14174111873683812 0.20639958631602295 0.968147027071717 23.947436736789587 0.03453990155024994 0.9763946378412791 -0.2132146955434741 -3.5493704320665533 -0.9893009908314702 0.0636609924786906 0.131266246904905 90.49996823179046
0.16415823085125647 0.21537889671199859 0.9626338899576041 24.73058213350087 0.030874519875752234 0.9742726037402517 -0.22324797339199423 -3.734712983222621 -0.9859507286199591 0.06636885152172686 0.1532851469694947 90.61378658158249
0.12233000072150416 0.154043679914563 0.9804620928938846 25.503871671566532 0.03098864486583193 0.986807116515444 -0.1589069497657529 -3.9244548127010837 -0.9920055820472266 0.04982227888059548 0.11594251038462139 90.75899378156053
0.03626072596182149 0.03369213788958095 0.9987742485652857 26.292539381896873 0.03452000066023273 0.9987928439500497 -0.034946021641799364 -4.065313845196182 -0.9987459783684433 0.03574485583410629 0.03505390098490815 90.86209184156692
-0.030198517482220827 -0.036273678520750724 0.9988855138545396 27.10501180031793 0.05281988416950685 0.997887081214001 0.03783428316387823 -4.124574944934905 -0.9981473385118039 0.053903556401946856 -0.0282187389694553 90.92161540265009
-0.06367499809361885 -0.08246418188666033 0.9945577677156522 27.913708856831736 0.05557492240234331 0.9947406628200098 0.08603744378107647 -4.109051087402368 -0.9964220604832823 0.06075090483418506 -0.05875716929938564 90.9280481200515
-0.08014532860934177 -0.09379221288138206 0.9923606940547931 28.72333322317566 0.05508211044231459 0.9936252884819746 0.09836029279302755 -4.035507933525559 -0.9952601104290886 0.06254443933654649 -0.07446815223137837 90.86747948708205
-0.0783239317356614 -0.05930646284708381 0.9951623511679061 29.5593738365175 0.05168852941421218 0.9966447470489465 0.06346293490487975 -3.9627307647166647 -0.9955870919434731 0.0564091450414933 -0.07499567128324264 90.8003149002542
-0.07084301580933652 0.00878702654367404 0.9974487732588367 30.423095281380903 0.038362378709495944 0.9992454070102434 -0.006078196170250395 -3.92257925206865 -0.9967495146779807 0.03783390983569659 -0.07112664940623248 90.68606747079171
-0.060815977182184885 0.0896067032210736 0.9941187331789044 31.289839769800352 0.020313399741298026 0.9958671049378173 -0.08852160806107322 -3.9620610617160965 -0.9979422742375056 0.014810403121403012 -0.06238484791241627 90.59538419382902
-0.046521795150475914 0.14242254400349652 0.9887120619955794 32.12466061712272 -0.004439849398561722 0.9897444676455047 -0.14278016844939423 -4.057169820826994 -0.9989074082783149 -0.011032122401955363 -0.045412354728785395 90.53184976923896
-0.0292619535048546 0.14838926628346774 0.9884960109828135 32.91693327284467 -0.029279743644795055 0.9883678860791819 -0.14923678628093553 -4.193464909544487 -0.9991428499915174 -0.03330986969684625 -0.024576775451721183 90.48087226417957
