0.9999899678422716 -0.002507928216098922 -0.003711402389042054 -0.000774485315954576 0.0025041551974680667 0.9999963434735513 -0.0010209040988808835 -0.033123653813395486 0.0037139495903456697 0.0010116005091251718 0.9999924915953807 0.9994509611434395
0.9999891655136972 0.00014791259096148243 -0.004652630688924551 -0.06042211261055121 -0.0001586978963780823 0.9999973012383319 -0.0023178282361929845 -0.04096124387435367 0.004652275808408464 0.0023185421968235365 0.9999863902573624 1.8566697114351536
0.9999831979831321 0.0031417335854273727 -0.004871679536490039 -0.177673731770787 -0.0031622122385383555 0.9999861732928491 -0.0042016231248305815 -0.02271277476165378 0.0048584117967191845 0.004216957813740422 0.9999793063366914 2.573279847985522
0.9999530549568723 0.0037262649652082132 -0.00894443021258632 -0.2107261622632172 -0.0037622700791134778 0.9999848745646442 -0.004011977789647926 -0.03739348514421098 0.008929345231906579 0.004045440809341092 0.9999519494467661 3.4319489056916166
0.999909384087347 0.002253565353340352 -0.013271965086617736 -0.22876050769832706 -0.002308577604131777 0.9999888020298491 -0.004131135964012126 -0.049290666345287504 0.013262506682670407 0.004161400978718238 0.9999033896624147 4.292112891752551
0.9998414638795657 0.0024998432831034143 -0.017629460874542716 -0.2641218568873357 -0.002592833479839448 0.999982837138961 -0.0052538216623352054 -0.06573560264226225 0.017616024571762312 0.005298698998218421 0.9998307854168191 5.150625624445259
0.9997386709075208 0.004963082991739474 -0.02231496581402405 -0.29405515380047403 -0.005098419031281782 0.9999689304260115 -0.006012013476335984 -0.07470150279133993 0.022284434375712155 0.006124213408698883 0.999732913329695 6.010596355243298
0.999671289675747 0.0031930822710656745 -0.025438490985883317 -0.3404656828998752 -0.00330757232695414 0.9999845846993352 -0.004459857508941787 -0.09154703565174976 0.025423858151953027 0.004542531156558281 0.9996664407928083 6.868622865252554
0.9995647843198314 0.0019655920993155783 -0.02943430643567668 -0.3892273500704473 -0.0020069260300589462 0.9999970410812812 -0.0013748005641452436 -0.11119294802245115 0.02943151704482952 0.0014332747051451842 0.9995657714868288 7.727321640737927
0.9994559746161493 0.0019256766738244009 -0.0329248625423253 -0.4192455815544671 -0.0018941234436740016 0.9999977165864677 0.0009895040328846381 -0.11659368993187233 0.0329266928260834 -0.0009266019635521647 0.9994573399141846 8.587378942009236
0.9997295275024217 0.01761516325879645 -0.015184790520472623 -1.083178560986073 -0.017850381207533437 0.9997205711384088 -0.015496565214242981 -0.32907432926229013 0.014907572925544505 0.015763428118892572 0.9997646115978549 9.681126757476875
0.9997286491719631 0.017878012553614 -0.014933341619853 -1.0967353315842265 -0.01809698641266862 0.9997287651881894 -0.014659302100631943 -0.34505451025832207 0.014667211990766718 0.014925572767258713 0.9997810261102114 10.544032768414413
0.9997814853658394 0.012000675216170504 -0.017116229550666974 -1.1127550095811005 -0.01227226091466314 0.9997990426803314 -0.015851368001997823 -0.3343019029091788 0.016922562799929663 0.016057959081039 0.9997278473756914 11.40461718347722
0.9997759370913573 0.009770743291319224 -0.01877786432567673 -1.1649047209986514 -0.010059414248073065 0.9998317249874631 -0.015340465885357315 -0.32730526120536474 0.0186248167261868 0.015525922971897164 0.999705987737288 12.2628017007182
0.9997441362734879 0.007169463949739808 -0.021453689040586026 -1.1548560664766438 -0.007512232458944528 0.9998447384374202 -0.015939428549666502 -0.33373503310437796 0.021336080948936197 0.016096515327254104 0.9996427731165067 13.118786946372499
0.9996781409303969 0.008911283991990296 -0.02375296957350115 -1.166261890843154 -0.00934120240432245 0.9997934396624379 -0.01805048325094797 -0.3560535066298344 0.023587210169646038 0.01826655483569279 0.9995548891836042 13.982207303070217
0.9996581891591697 0.00970579076906233 -0.024275552981491543 -1.2058131702601982 -0.010201965591879657 0.9997398533983334 -0.02039964276994222 -0.38139669417144295 0.02407124311439116 0.020640328307135414 0.9994971496218997 14.851725074047927
0.9995936222138424 0.012380607439483125 -0.025677051794161954 -1.2516336538735 -0.012958066094153273 0.9996640722984418 -0.022446181831096264 -0.4084318715870112 0.02539052879540393 0.022769785135667783 0.9994182597553267 15.731775502152766
0.9995850472339127 0.012345449799257517 -0.02602543401423688 -1.2972418806611037 -0.012906407474998145 0.9996855900816114 -0.021497572636709445 -0.4405081082974535 0.025751854155860048 0.021824547015581133 0.9994301031863608 16.62198716333998
0.9995668017302768 0.010969161453386472 -0.027310920447973702 -1.3339504134090103 -0.01152903349096732 0.9997248600375642 -0.020427569841650048 -0.4677564668507049 0.027079332810654347 0.020733589170253943 0.9994182447877611 17.522583049386327
0.9992576363652039 0.012905794278380298 -0.036298989515823984 -1.3437315292618306 -0.013641723245195182 0.9997049028078808 -0.020100017133997655 -0.6310233689177158 0.036028871099817804 0.0205802763812737 0.999138815516314 18.07316342606778
0.998962218989616 0.012199746266263762 -0.04388224267720584 -1.38001752233309 -0.013401429548833634 0.999540307405872 -0.027195138481399456 -0.6810229688809033 0.04353029654608443 0.027755000666792085 0.998666497495834 18.98090387285736
0.9989414878256025 0.010294452711083701 -0.04483222216387654 -1.4495690886632302 -0.011533123722584764 0.9995564080662678 -0.02745858974638699 -0.6884675730111567 0.044529663798096135 0.02794658005982306 0.9986170926361057 19.893170658536402
0.9988334570476746 0.009586873413162346 -0.047326704304772774 -1.4457249714344174 -0.010895084137093234 0.9995634725007284 -0.027462002547716982 -0.7319569482188659 0.047042770154796965 0.027945595367520015 0.9985018885689287 20.810593424351115
0.9989399367702471 0.00927352457163149 -0.04508885081119891 -1.5274380399588048 -0.010409191813756623 0.999632803914133 -0.02501811472818693 -0.7640796283617967 0.04484028825999705 0.025460932441441448 0.9986696598315046 21.73502486159586
0.9990037275979022 0.006774948594305252 -0.04410954904598943 -1.6076169883867646 -0.007781330532299587 0.9997124036793593 -0.022683933185951178 -0.7569346443461603 0.0439431808207272 0.023004564790104515 0.9987691359158904 22.66767869927878
0.9990646069088861 0.005762175447478393 -0.04285683791540051 -1.6534072230310823 -0.006559589883042327 0.9998075425579123 -0.018489175884093826 -0.7783328716096095 0.04274205192267593 0.018753004517120496 0.9989101269979297 23.603630658293746
0.9991537031988371 0.004589338933716743 -0.04087560827928832 -1.7071570382451946 -0.005223889679369968 0.9998672935936954 -0.015430689493241868 -0.8050970166358263 0.040799367160142624 0.015631160218312116 0.9990450833018304 24.545702235249
0.9992230139293844 0.003703225367205366 -0.039238432126635116 -1.7566585154419756 -0.004279862483386947 0.9998839342596708 -0.01462192827659398 -0.8235954981256611 0.039179729593249626 0.014778502335563238 0.9991228876658355 25.491098870438154
0.9993229461959544 0.004886248556919125 -0.03646606341899616 -1.7957063752871276 -0.005509681500321009 0.9998400472243141 -0.017015386455984924 -0.8516469939464347 0.03637708916341798 0.01720478251886678 0.9991900233901836 26.43930198044513
0.999074504419281 0.01705581966411882 -0.03948713252381735 -1.7682818163070735 -0.017582071966974845 0.9997606664012094 -0.01301847388743846 -0.9764568249756084 0.039255641183358524 0.013700690953191316 0.9991352689714684 27.738092899507865
0.999584474911947 0.01823006404510726 -0.02232806037071963 -1.7824293829014415 -0.018629357458782827 0.9996678645450525 -0.017807516295275657 -1.025522989220034 0.02199601226768319 0.01821607424350646 0.999592091847207 28.69878021225199
0.9996012951298947 0.01645773250769472 -0.022943273858406388 -1.7718970898309916 -0.016836638330156715 0.9997234055193457 -0.01642072064622643 -1.0599079040893762 0.022666680047509904 0.016800461228997855 0.9996019038187735 29.668354252609866
0.9996625062052513 0.01529002510473096 -0.021002114649039963 -1.8817496075327973 -0.015506100582773298 0.9998281097922865 -0.010164237005360656 -1.123750803399933 0.020843093152208232 0.010486467540642126 0.9997277626766038 30.63747577623904
0.9996878368180281 0.010684150510751339 -0.02258490305396117 -1.9231387718097581 -0.01082549136250068 0.9999225194621495 -0.006145226539836749 -1.1418550581544875 0.022517496638251148 0.006387800899299799 0.9997260416458185 31.617439295210097
0.9997053225645006 0.002914615544672857 -0.0240992334408131 -1.9274517711677217 -0.003079532635801174 0.9999720767990997 -0.006808972083982248 -1.1659153995588782 0.024078714977196967 0.006881180009428935 0.999686383245628 32.597808932835875
0.9996980547861601 0.0013628419023620124 -0.024534504656022263 -1.9718106487835176 -0.0016265228948123308 0.9999411025085434 -0.010730607497783333 -1.1835235099707975 0.024518435513708116 0.010767273375743685 0.9996413917720753 33.57732492982227
0.9996645952904811 0.002599326369745554 -0.025767041451092328 -2.019132231247168 -0.002976301495190402 0.9998889468414407 -0.014602589281509351 -1.202842642493346 0.025726223044366458 0.01467438198829068 0.9995613157586348 34.56191718968423
0.9995987657866343 0.0030179567263000587 -0.028163795465723368 -2.0455396767975396 -0.003448145696875491 0.9998779418497893 -0.015238493806239727 -1.2142495225457375 0.028114368730064686 0.015329492471307314 0.9994871629648285 35.57490416121891
0.9995147159567448 0.0004123972136577105 -0.031147431907711333 -2.06659725797576 -0.0008412233435398308 0.9999050309903001 -0.013755774917211512 -1.2267244624016014 0.03113880102370082 0.013775301405953667 0.9994201399521532 36.63509583934979
0.9987332467422247 0.00373925787095149 -0.05017887804951489 -2.214307514674478 -0.004578912952243785 0.999851248405677 -0.016628728688184664 -1.3506810683811001 0.050109234756772494 0.016837428906576243 0.9986018053157658 37.85225240958672
0.9990171214270319 0.004083540911701898 -0.04413746469011346 -2.2870682410370757 -0.004383146723758948 0.9999679928944382 -0.006693370710304744 -1.3644133510193188 0.04410871932448921 0.006880252923404096 0.9990030445395366 38.89741897747699
0.9989534531438267 0.004816192559138776 -0.04548409327730153 -2.3363396102315694 -0.005014216498096322 0.9999784372089338 -0.0042406072783204895 -1.384256016307752 0.045462688932081274 0.0044642363750170885 0.9989560623514193 39.93130604573062
0.9989611055042097 0.00277380011554383 -0.045486434491243365 -2.4182330457346732 -0.0028653051624274685 0.9999940003246363 -0.0019466229879731727 -1.3679454610939332 0.04548076204433384 0.0020749331676338635 0.9989630598456661 40.965920494721495
0.9989142679783068 0.007091696365785043 -0.046043382499759374 -2.4965303573693527 -0.007067280776413898 0.9999747863003944 0.000693041057846579 -1.3739580066957184 0.04604713641249547 -0.00036688708895610375 0.9989392006634205 41.988761353155326
0.9989186353729184 0.0069936929621620325 -0.04596355255480591 -2.5502331862773255 -0.007001111250770276 0.9999754919202187 -4.119902887085372e-07 -1.3883526439755824 0.045962423195059304 0.00032220748969379384 0.9989431174177896 43.01215754614299
0.9989310145291584 0.007504523803837904 -0.045612611569874596 -2.5929851759562994 -0.0075948489948913355 0.9999695255259119 -0.0018072875330638221 -1.397881208085765 0.04559765871721296 0.002151776466085181 0.9989575683569091 44.02375431835107
0.9989222482020806 0.009584181261696032 -0.04541459585247813 -2.6515180409421655 -0.009777336706853042 0.9999440680100392 -0.004032931744398382 -1.4141773663557964 0.04537340337490442 0.004472619040015278 0.9989600842601775 45.029864438860216
0.9988767466549205 0.008791855049627003 -0.04656123147928471 -2.7388114952695823 -0.009009805234183611 0.9999494059535002 -0.0044731356881002405 -1.4244095970611603 0.04651954859758708 0.004887618850567692 0.9989054223399975 46.02969763531262
0.998835803287381 0.006365408328899211 -0.047817566312586365 -2.7959881425103923 -0.006529437738431548 0.999973320384729 -0.003274898709891985 -1.4444474214432474 0.04779544449078969 0.003583307905621124 0.9988507172697936 47.02957924403776
0.9980229527785596 0.012824277343951855 -0.06152823447630304 -2.809482136098066 -0.013433082976146073 0.999864724654308 -0.009491294628275197 -1.6518338544861775 0.06139819222844835 0.010299043769698396 0.9980602144602839 47.737097890801486
0.9976886007370586 0.011225043816643307 -0.06701831354671028 -2.872788772223597 -0.012789780638820114 0.9996544631110785 -0.02296466619203125 -1.68129130813096 0.06673737686290644 0.023768735208567388 0.9974874283699237 48.722030889808984
0.9976102431541082 0.012566199265897514 -0.06794036642534594 -2.932164396591467 -0.01439761106348947 0.9995442228945975 -0.026534039905375666 -1.71754735503257 0.06757596872901639 0.027448808973165737 0.9973364784947403 49.69976289870357
0.9975682763139953 0.015633644347933164 -0.06791997685752212 -3.0058573574562577 -0.01751117442007771 0.9994783514870965 -0.027136390310158003 -1.7695737281229844 0.06746030582760225 0.028259760668447837 0.997321659779135 50.67988595283336
0.9976140477320584 0.015531436750380162 -0.06726801795896005 -3.0863196929452412 -0.017140359061744586 0.9995790641550422 -0.02340731924344984 -1.8152048153770348 0.06687615314065626 0.024504468478202954 0.9974603306225809 51.65894835673118
0.997624814034455 0.01304038357580202 -0.0676363720117743 -3.138502374683791 -0.0144351229904604 0.9996922800973637 -0.020173555412573915 -1.8491083728629378 0.06735248805329651 0.021101978815501313 0.9975060645645721 52.63604675208234
0.9976200906482056 0.007468194157765198 -0.06854473583790156 -3.207867874867739 -0.008825109875920799 0.9997706218367365 -0.01951463932187621 -1.8605005635218639 0.06838327405691917 0.020073111074442634 0.9974571660181951 53.60606901609684
0.9975977542949257 0.00410461883527895 -0.06915108625277208 -3.2628304849571315 -0.005558848200282185 0.9997671518216689 -0.02085045191534556 -1.8920234357910153 0.0690494013906527 0.021184764398146826 0.9973882824281561 54.56937454605809
0.997442462936998 0.003324589548316714 -0.07139664021864146 -3.274911973802484 -0.004930850747235952 0.9997384218063115 -0.022333263871056944 -1.941886930633405 0.07130371547881206 0.022628191897741134 0.9971979467940932 55.53383146692135
0.9973534105289867 0.0017361189003536974 -0.07268535201374664 -3.3199259124771214 -0.0032833018692801745 0.9997704575100188 -0.02117196776502141 -1.9668208316298945 0.07263191058366571 0.02135458221018989 0.9971301757461735 56.49344820848203
0.9974476456893674 0.01143836331506552 -0.07047948604672977 -3.1073386873198423 -0.012031457141080741 0.9998956457352581 -0.007996354090005589 -1.9722392620739146 0.07038066600850655 0.008823915476871223 0.9974811779516726 57.63337118443464
0.9980490757305167 0.007647865181824975 -0.061964123423333496 -3.1629591857478743 -0.007784219826917554 0.9999677827509194 -0.0019594340754463015 -1.9977891689362584 0.061947141622093436 0.002437953726063548 0.9980764539986313 58.596130050200934
0.997990326820815 0.009344174073263089 -0.06267371046117227 -3.2263270409641036 -0.00933454077395163 0.9999563325338263 0.0004465132020298782 -2.0198364488142992 0.06267514595612646 0.00013941444933104893 0.9980339706858625 59.54830210500931
0.9978652272810911 0.0116801720957956 -0.06425388519824003 -3.3063175364798734 -0.011897892523340739 0.9999246967198612 -0.003006832751812791 -2.0447103234739337 0.06421392634591845 0.003764899667579655 0.9979290541885901 60.48833687173575
0.9977281145699545 0.014711867497878813 -0.06574321525000996 -3.373006068454227 -0.015461207169371818 0.9998210137659517 -0.010903738115443148 -2.0601602436028834 0.06557103376911218 0.011895435542646642 0.9977769982033562 61.413209076186874
0.9976100824257572 0.016476539083455834 -0.06710176675993713 -3.428254898282498 -0.01754145287768758 0.9997288842123404 -0.015311939866930933 -2.0960792606293333 0.06683128663592766 0.01645240807237622 0.9976286370164033 62.328435948758965
0.9974117648835735 0.0220558896720028 -0.068434706126433 -3.492863180471163 -0.02305697914620258 0.999637891309657 -0.013873066374604125 -2.13016636412264 0.0681039425032529 0.015415057209074521 0.9975591356038771 63.23936142638063
0.9972422482565275 0.02458498565669681 -0.07002482968581351 -3.530712110989051 -0.025436482552658186 0.9996126384605128 -0.011294174841908164 -2.163346715535972 0.06972003763349154 0.013044213670102844 0.9974813105227152 64.1395760402725
0.997070598660456 0.027797888413110313 -0.07125656942802466 -3.602744463711086 -0.028554605007981838 0.9995459145439081 -0.00962285048316653 -2.1806406888916894 0.07095671793224931 0.011629364486312015 0.9974116011266 65.0224676749393
0.9969449624211055 0.030625308290023526 -0.07185285238125338 -3.6860552071087214 -0.031422546512386594 0.9994562522794708 -0.009991163603458586 -2.20618191267227 0.07150780009102559 0.012218439819190716 0.9973652010444953 65.88993898827327
0.9963441931594791 0.018923356613493925 -0.08330759468299115 -4.004950126222963 -0.01944468477724003 0.9997960751867998 -0.005450896713755189 -2.2573961481138647 0.08318745693492956 0.007050859206422907 0.9965089725602828 66.42249441934229
0.9949679614347202 0.022129845344345336 -0.0977191161619484 -4.089595034873726 -0.022749098801131008 0.9997275397226355 -0.005227315167762658 -2.2803316988160436 0.09757681190822635 0.007424032944572988 0.995200306226171 67.26286237005806
0.9948851858498198 0.02297970651139549 -0.09836361148930775 -4.149830840739661 -0.02355860018360649 0.999711279074798 -0.004727668349271756 -2.316899050189701 0.09822657142524284 0.007020796199993741 0.99513931139653 68.09137652982209
0.9949598644973612 0.021353942562940893 -0.09797385965864307 -4.2840376254114005 -0.021847186211645754 0.9997534620945167 -0.003964276057649149 -2.315098426566923 0.09786505246525205 0.006084748724984736 0.9951810927358533 68.89957029162869
0.9949165714972751 0.023933073700239758 -0.09781729777174968 -4.3856257753151855 -0.02412719727274645 0.9997085751103791 -0.0008019990875638215 -2.3410909661243604 0.09776959707327335 0.0031579794225688905 0.9952040660357534 69.70013118764811
0.9949410746512503 0.024627286947466867 -0.09739483923403057 -4.4810619539349235 -0.02438702547972202 0.9996959044976059 0.003656708761253818 -2.3534976586393417 0.09745527671740985 -0.0012630393186147863 0.9952391038195859 70.4912232751796
0.9947264656586677 0.027651502298553045 -0.09876564655206975 -4.560765779917629 -0.027223591087788126 0.9996132439853559 0.005677899026735516 -2.370512650407686 0.09888445078221429 -0.0029592008559768566 0.9950945224066877 71.26631356454888
0.9945207661965689 0.030544781660222637 -0.09997730701073325 -4.644241666117951 -0.030542010177761595 0.9995322686960684 0.0015586691736015257 -2.3785865210227515 0.09997815370414968 0.0015033790674898314 0.9949884967341528 72.01823890398774
0.9946356299897362 0.02997536782993182 -0.09900222663345214 -4.7961619538457 -0.030736279857796315 0.999508490251313 -0.006169198979111586 -2.369350436083114 0.09876864206530378 0.009179065257472158 0.995068088175666 72.73607280172683
0.9946551939890265 0.029489588173360212 -0.09895155006374544 -4.891581555772551 -0.03085020249404313 0.999448971833073 -0.012248171614159357 -2.3772299203941043 0.09853583143572105 0.015235382869458563 0.9950168707273722 73.4455850047971
0.9958560628780722 0.02207497167760501 -0.0882235663211257 -4.655791405576378 -0.022911934152006857 0.9997014766004446 -0.008485337724840347 -2.6248846528368817 0.08800991593223587 0.010471547561055132 0.9960645568381987 74.11512194042014
0.9956670357794081 0.024378417428614258 -0.08973765444852486 -4.718592434965547 -0.024850297355749756 0.9996825914061817 -0.0041447751147777965 -2.64052222364803 0.089608127887918 0.006356823349556432 0.9959568134278337 74.7918715349064
0.9955603614758474 0.024590076215298143 -0.0908564516685891 -4.799713499896299 -0.024838805625623288 0.999690176473776 -0.0016077303638459919 -2.662540120729173 0.09078876799017233 0.003857358365016131 0.9958627015775168 75.4462641139997
0.9956733979272272 0.021538944078389324 -0.09039114197772682 -4.896070023027206 -0.022117359154293883 0.9997407860784574 -0.00540213617639839 -2.6707233154459367 0.09025135502633473 0.00737797663430834 0.9958916900831607 76.07273031836999
0.9962006356935957 0.013703239904585164 -0.0860029921560459 -5.045144963633833 -0.014954363192355123 0.9997912777620271 -0.013920055045991852 -2.6301434689103322 0.08579429156527081 0.015153287666037551 0.9961976296938896 76.66716955682762
0.9965663551855038 0.0093223412643018 -0.08227146325204383 -5.164547596110557 -0.01102904528532842 0.9997327996206067 -0.020314761205547517 -2.6147907554987384 0.08206009914918876 0.021152383224973356 0.9964028888012766 77.25164352320694
0.9967994608168728 0.010914964305263898 -0.07919405577066092 -5.213516039217995 -0.012562658808232634 0.9997142427540286 -0.020337463912855763 -2.6240372696485075 0.07894944280271819 0.021267260965004187 0.9966517391206349 77.83391643007853
0.997048900035794 0.015962993240236766 -0.07509110322951261 -5.271927603758898 -0.01730987752311124 0.9997001456605431 -0.017320130092565816 -2.6345557100717 0.074792105716767 0.018568834457247767 0.9970262480543586 78.40341650770003
0.9972618743347977 0.014496957100148651 -0.07251615153248622 -5.276189866612168 -0.015449652236968174 0.9998013293176383 -0.012594051788052342 -2.703323484069626 0.07231916927069058 0.01367991701436278 0.9972877205834221 78.95614999977418
0.9976417708821566 0.011430049865981697 -0.06767755130895428 -5.251309817260233 -0.012083501948258621 0.9998841705780114 -0.009253886112796535 -2.7170592074299638 0.06756393987758112 0.010049845152207285 0.9976643296423074 79.49948199772459
0.9979215381245786 0.011184455707769039 -0.06346267956520509 -5.2240578686431665 -0.011578181577379642 0.9999159184147137 -0.005839675694770865 -2.8094515967367513 0.0633920299283449 0.006562320578867469 0.997967126958691 80.09559507164388
0.9985963142056272 0.01421297907283477 -0.051023450302894395 -5.281848071769011 -0.014555901179727385 0.9998738582876838 -0.006355568719378688 -2.8182802255168338 0.05092668255230037 0.007089339798309812 0.9986772322754942 80.60480481921651
0.9991275912930788 0.019363801376700993 -0.03700134474764421 -5.279749095713549 -0.019622081882457478 0.999785486044949 -0.00662991677646216 -2.823829750122728 0.03686502705123671 0.007350176195739438 0.9992932225780397 81.10687895800629
0.9995260721471876 0.024318667821992348 -0.018874148812030058 -5.297853119335029 -0.02442962288952583 0.999685469928819 -0.005670514850718828 -2.8354718461097805 0.01873031295762641 0.00612891577362997 0.9998057870246345 81.59454580973083
0.9997219376543698 0.02323847327055089 0.0040025907418565 -5.303898026994697 -0.023217630737798155 0.9997170285018006 -0.005177310735661122 -2.8420965078390057 -0.0041217709199016 0.005082940446654953 0.9999785871311943 82.06912893724781
0.9995466842614731 0.020406280373087837 0.022136162793715344 -5.183698995510012 -0.020348358358242426 0.9997889206447937 -0.002838744096021676 -2.8723998083935527 -0.022189418514676953 0.0023870226754423686 0.9997509348976511 82.51244927868686
0.9984459192633725 0.019348592826431546 0.05226258950679962 -5.1450041401224045 -0.01940311433812438 0.9998115981806748 0.0005360012931448629 -2.9043230533292785 -0.05224237226907845 -0.0015492253036672769 0.9986332331945785 82.96472798026232
0.9961191892676294 0.020316455719196186 0.08563762257215103 -5.095627181774173 -0.02055075837730409 0.9997870896221619 0.001855196745665311 -2.899692140285153 -0.0855816984110383 -0.003607915167711103 0.9963246237272391 83.41218206953354
0.9921807032172762 0.02134866477022694 0.12297026744624115 -5.014784567221479 -0.021723207610868912 0.9997625682171242 0.0017057089421239947 -2.887539461638404 -0.12290465578799965 -0.004363680147379329 0.9924088894609948 83.84222425255795
0.9864811165040145 0.02087868038157369 0.16253949515892205 -4.90009946067968 -0.02153137791753551 0.9997656301256953 0.002254902291439455 -2.898388901619008 -0.16245432141363747 -0.005724117826858814 0.9866994618064503 84.26556056616089
0.9738200916394663 0.03269372127954051 0.22495677297693809 -5.002514669316428 -0.03308889997468686 0.9994503827308716 -0.002014238709678516 -2.9851019308717532 -0.2248989858086673 -0.005482066034819347 0.9743666625732956 84.36962541040081
0.9607930285492429 0.03429870757336343 0.27513697488700256 -4.829491033791121 -0.034535143188775486 0.9993955329181644 -0.003986560942639895 -2.991388903752731 -0.2751073975306824 -0.005671634862674024 0.9613967715682633 84.74198503061179
0.9467399499356559 0.033831335685476194 0.3202169700711799 -4.5567735007963766 -0.03333066258578611 0.9994195423948867 -0.007045935763791277 -2.972173795504705 -0.32026947111366044 -0.004002374911424618 0.9473180283662115 85.05638383474006
0.9263244537410739 0.03342599136355777 0.3752408686466125 -4.374197422094232 -0.032687466721492045 0.9994308636898455 -0.008335359830300626 -2.983866894364667 -0.37530592310891164 -0.0045444257648914205 0.9268898598397952 85.40865762239649
0.9089570000283138 0.03255692373848044 0.4156166729285706 -4.014517601642615 -0.032860035000422096 0.9994393119614705 -0.006424936245083441 -3.0381317770723495 -0.41559281779080204 -0.007817187644487763 0.9095171803644128 85.58264490485877
0.879057249886539 0.031035370559635816 0.4757049055834308 -3.8123201471133488 -0.031706106373726055 0.999475333300851 -0.006616716842239375 -3.051272673962027 -0.47566067131993656 -0.009266277428314653 0.8795800485811902 85.92388385323487
0.8448263339797717 0.02843184693498265 0.5342846577379561 -3.5945408507866006 -0.029015555523364746 0.9995522251366937 -0.007310729235524337 -3.0538513969058876 -0.5342532760329783 -0.009326269573110845 0.8452730078169299 86.23355334579007
0.8078866451166776 0.026538171817040372 0.5887400904293242 -3.3338014005315575 -0.026379551086172078 0.999612735302349 -0.008859949539804627 -3.0399463533666142 -0.5887472190393866 -0.008372864382342195 0.8082738441985013 86.51958242865028
0.7675325316519221 0.026368394145231143 0.6404674235635978 -3.0719213978896898 -0.028601301032042607 0.9995672419459628 -0.006877092977068318 -3.06551612824015 -0.6403715940258955 -0.013039808999464013 0.7679545461457935 86.78476948511083
0.7247069032177598 0.02720773714050804 0.6885198932988194 -2.7793817453889154 -0.03190651861853189 0.9994733724525736 -0.0059120070977586245 -3.0781562941655114 -0.6883181520911459 -0.017683800439150302 0.7251933567703571 87.03959815205414
0.6741032963515001 0.01443280838851715 0.7384960662658008 -2.6914569176204974 -0.01224740917274385 0.9998900340679044 -0.008361862247151504 -3.150031291710146 -0.7385355420131092 -0.0034079045915770176 0.6742059324640342 87.68967962607105
0.6207175932236184 0.00995142198887083 0.7839710700421785 -2.3736240788635445 -0.008325052642960028 0.9999467312901268 -0.006101481843207114 -3.1499156408028313 -0.7839900273352786 -0.0027393033038457183 0.6207673745101613 87.89657993735236
0.5717736213841766 0.0042953722463595296 0.8204001923856975 -2.0452439098999293 -0.0033219436531773706 0.9999902178091021 -0.0029204411430347 -3.1441244067756635 -0.8204047114562358 -0.0010554920037688924 0.5717822971700335 88.0889586572457
0.530357376847795 0.011790828971851713 0.8476921783143233 -1.6876086671630244 -0.006588861197909099 0.9999304076540116 -0.009786049100465505 -3.169383563006133 -0.8477485710582127 -0.0003952227708398378 0.5303981561692317 88.18529611355154
0.4865055302678492 0.020848601224835516 0.8734287062180671 -1.3267847537835427 -0.01222754220923814 0.9997798039974182 -0.01705376000784849 -3.214870581212675 -0.8735919277502052 -0.002383137816362699 0.48665333084633056 88.29691398927505
0.4393073933875951 0.02150382516917676 0.8980793949412769 -0.976532897435338 -0.010810726536920758 0.999767617221804 -0.018650462363716282 -3.2247298188028477 -0.8982717530384337 -0.0015156047406757458 0.4394377778884394 88.44708240468545
0.3972068645899218 0.015044721359764921 0.9176057775983378 -0.6173371735390362 -0.008561085309336835 0.9998828563806932 -0.012687841988002005 -3.2409596670140064 -0.9176891709838191 -0.0028160034078930393 0.39728913348320644 88.55895337411717
0.35959687489151504 -3.4648193866083425e-06 0.9331077577409005 -0.23374243571901665 -0.005778631857477256 0.9999808156091157 0.0022306563124617922 -3.261980281162398 -0.9330898643657596 -0.006194223254258539 0.3595899562225906 88.61688369587351
0.3248440148174225 -0.005723898735026102 0.9457502857628802 0.14529673161020887 -0.005628549575532087 0.9999522766889866 0.007985222237865358 -3.249690054917651 -0.945750858031318 -0.007917154020447532 0.32479629493767725 88.68704279981749
0.2915398253749769 -0.001913397854047865 0.9565567777863377 0.5222321568518102 -0.004115159830814092 0.9999862367823871 0.0032544900316395734 -3.2608140542649564 -0.9565498396214885 -0.004885197483348149 0.29152793891092804 88.76826267010293
0.27390300046718896 0.014351923866003384 0.9616502319536016 1.1291212394755112 0.022631469896087216 0.9995156006262716 -0.021363068015755597 -3.1993236505896543 -0.9614910103092036 0.027614966703723324 0.27344551689237584 89.1459349863827
0.23040142973704705 0.014655568513600777 0.9729853007557037 1.5217578005012034 0.025558757405433088 0.9994504823459143 -0.02110647432446886 -3.2145651784649782 -0.9727599555363156 0.029731257122133266 0.2299002419636021 89.20217220549073
0.2044769067782444 0.014864001944577394 0.9787585279529334 1.9177994758911805 0.027725049415256435 0.99939561663196 -0.0209695753830633 -3.230325951501566 -0.978478674386582 0.03142392246388072 0.2039412191482175 89.28288138825793
0.18123776807230113 0.008426561770516936 0.9834032054457107 2.3271876283437556 0.03207292448903113 0.9993807179150827 -0.014474397198315168 -3.2378938249261258 -0.9829161708604105 0.03416392419294597 0.18085526629005555 89.32393173201727
0.16046864509492068 0.004503397238008751 0.9870306648502453 2.7489598917910216 0.04003936299528633 0.9991368005266202 -0.011068118374883232 -3.2429975110056026 -0.9862285046338559 0.04129616503678551 0.1601498154882561 89.36944020564223
0.1404092464040159 0.0055807264604191085 0.990077824727143 3.1753850995261703 0.046859090086116266 0.9988260807830908 -0.012275423568749834 -3.2473428401671125 -0.9889840591235827 0.048117728953733445 0.13998290952747572 89.4217675793592
0.12361374803047671 0.009916988125313914 0.9922808547202656 3.623702586784419 0.04673981957772614 0.9987820603794488 -0.015804592054989988 -3.255303715414285 -0.9912290505043221 0.048332692980067156 0.12299967571337385 89.46456847577517
0.10873449706221945 0.011461749880693593 0.9940047471910277 4.090374938183046 0.04208130267714275 0.9989840992043387 -0.01612245334590178 -3.2663331342279363 -0.9931797285051788 0.04358208148503813 0.10814170823419879 89.5038057072411
0.09462207679967337 0.01118660379745019 0.9954504118626888 4.564687628373872 0.038232057831258624 0.9991583551799115 -0.014862403175809183 -3.287581865468214 -0.9947788559956953 0.039464429169213645 0.09411475173554938 89.53021073378937
0.08106386487881378 0.009591254288378977 0.9966627602414392 5.051011169032058 0.036488901505569736 0.9992548234281082 -0.012584034431640355 -3.2962560775225076 -0.996040767176638 0.037387239759515974 0.08065348365283562 89.56804415454349
0.08519264854809784 0.014993218254468399 0.996251683080001 5.802266728107588 0.03542512773636476 0.9992090083578635 -0.018067040193608025 -3.303148841489698 -0.9957345394020551 0.036831522136195824 0.08459412520328109 89.34282934649687
0.06734732269188658 0.013106929504133827 0.9976434967087237 6.31639854187995 0.036861667663889826 0.9991983615034679 -0.015615755691676399 -3.3154515713335067 -0.9970484218849514 0.03782648236036292 0.06681019120590292 89.38169730253125
0.059928063862061766 0.012281942083372813 0.9981271367217731 6.84565946385672 0.03706298449619212 0.9992074308199838 -0.01452051563693055 -3.33884661552281 -0.9975143920475432 0.037863756981947785 0.059425361296607464 89.41753670306362
0.05481947914804076 0.009122825732380394 0.9984546052558394 7.391082872521277 0.037460367375423353 0.9992354971108676 -0.011186696996709178 -3.3435315669896917 -0.9977933381126756 0.03801572522331359 0.05443582509441434 89.45093687835744
0.04956486586537515 0.00810267339223422 0.9987380391051732 7.954620024002503 0.03802386405133912 0.9992268573043495 -0.009993668209349727 -3.3564456786131713 -0.9980468475148613 0.03847121424613561 0.049218450199851806 89.47692719975936
0.043724052667095725 0.008224480744471227 0.999009792311792 8.53847647667117 0.03867756761658684 0.9992025127629053 -0.00991888358433168 -3.364145125130791 -0.9982946724197366 0.039072962580011805 0.04337108038303397 89.49955771476075
0.03933860558753495 0.005791704873892122 0.9992091524125883 9.141421378484972 0.03909744618141135 0.9992085101541476 -0.0073309574831436145 -3.372512286969393 -0.9984607472567565 0.03935491570543319 0.03908102861105684 89.5216118584534
0.03635265686554426 0.004237802761989334 0.9993300382589158 9.760570609847369 0.03926255308037735 0.9992128668835143 -0.005665560875919141 -3.377238156113705 -0.9985674420210319 0.03944220686242936 0.036157655529566415 89.54480125071869
0.0336341353203374 0.002986397994416873 0.999429750591942 10.400177496539014 0.03836257255522895 0.999254732851471 -0.004276903188169147 -3.385941046533696 -0.9986976809666667 0.03848454626152062 0.03349450299447443 89.56185723309963
0.029314297884149715 0.0018742466449880196 0.999568486467572 11.053597003413792 0.037085975639445365 0.9993076906845528 -0.0029613762977423828 -3.396919086776631 -0.9988820262425535 0.03715678320603278 0.029224495057230352 89.60716202892492
0.031638580810772414 0.02531668700394385 0.999178695511181 11.944882219663763 0.04753453494521281 0.9985098723647392 -0.026804902120606447 -3.399731404735853 -0.998368403041594 0.04834356368015601 0.030388018344079913 89.45097772055203
0.03254415003083825 0.019980543883378065 0.9992705620425804 12.631802406899203 0.04814567652646788 0.9986081436543082 -0.021535302623955567 -3.4049333528920336 -0.998310008028858 0.048811405362077336 0.0315368764464707 89.47769915057908
0.03508587042249154 0.01819697232939625 0.9992186206705416 13.338701444405626 0.04779020690163736 0.9986598435513594 -0.01986486854406085 -3.433480711094349 -0.9982409918556716 0.0484498408255107 0.034169212794383466 89.50172508644476
0.03758747781721706 0.015105048106998333 0.9991791726377337 14.059041821810322 0.048342475893050095 0.9986875626819685 -0.01691618068240063 -3.4385281743150036 -0.9981233323271579 0.04893863163222912 0.03680793118466323 89.57082728701775
0.041749282189894835 0.015145156416662883 0.9990133240721782 14.797584060647887 0.04796935212862675 0.9987016506247721 -0.017145095383671125 -3.4505431757985714 -0.9979759208983892 0.04863781734895379 0.0409685736942533 89.60584572992765
0.045459178197387706 0.01237781351989719 0.9988895098308345 15.55394079334212 0.04605851091717107 0.9988338896272303 -0.014473234062591926 -3.470559538792798 -0.9979038414044268 0.046665304719935026 0.04483606411901729 89.67238120494191
0.04879466167956223 0.0125848925957395 0.998729543705367 16.322914092372116 0.04470016630472009 0.9988912441246914 -0.014770834213295973 -3.4828912267705867 -0.9978080858180634 0.045364114555229804 0.04817801351978473 89.74105991070665
0.05317603422888088 0.01572091466509476 0.9984613974640091 17.10955275438465 0.042228162310568286 0.9989462400651491 -0.017977535080596865 -3.50676889205087 -0.9976918821417572 0.04311916397374374 0.05245613411836793 89.78492180000733
0.05670396207793464 0.017289243722571134 0.9982413248990277 17.90224733576096 0.0409341747829219 0.9989690543638338 -0.019627066980789663 -3.532702776033633 -0.997551529505872 0.04197511733073208 0.05593778245127273 89.84772520284403
0.06159514066550967 0.017669666271314256 0.9979447988442327 18.705152633562783 0.04232614913652168 0.9988976164041686 -0.020298991141020267 -3.536179443691341 -0.9972033572675478 0.04348947960059621 0.060779350263064906 89.87994869022022
0.025900685561628847 0.0198908981722584 0.9994666110767974 19.11714992498505 0.055800856870055635 0.9982144367619106 -0.021312029764177214 -3.779166034841759 -0.9981059156522443 0.05632308949269797 0.024744509087721765 90.68559671367184
0.023290777372555665 0.02565020822905161 0.9993996230273395 19.924732755145136 0.059207958544414255 0.9978807046707772 -0.026991052049818182 -3.807725445503351 -0.9979739261796295 0.059801054033849325 0.02172272087137476 90.72130037279348
0.024494005903212497 0.028093580496991184 0.9993051558006053 20.739945646463973 0.06270194526956295 0.9975937801269106 -0.02958235811280753 -3.8227102246593274 -0.9977316822343701 0.06338296764084769 0.02267354579268815 90.73114163347755
0.024635923453950284 0.030131030068908056 0.9992423091035313 21.557419799078914 0.06321441466556407 0.9974983909128934 -0.0316369705357376 -3.8448889960874464 -0.9976958499733577 0.06394592366347968 0.02266957857489207 90.78857430598377
0.02733084330206562 0.033076209109948886 0.9990790706422157 22.376444538481817 0.060635783895568805 0.9975571571297092 -0.03468457828289925 -3.8903305978322895 -0.997785711821816 0.061527901396095236 0.025258476478690717 90.78421617547266
0.026654130522756586 0.03201728480857066 0.9991318485563171 23.193518538596383 0.06016331540500445 0.9976237593477174 -0.03357395217136727 -3.9186241129840558 -0.9978326176296073 0.06100596903921925 0.024664527889907306 90.83393108562534
0.028401322888746593 0.03374842401955914 0.9990267307406572 24.012499193909267 0.06059218459508285 0.9975339444613598 -0.035420570483204544 -3.9313248007948842 -0.9977584637697465 0.06153920314365712 0.02628639291114585 90.85460277426641
0.02981200255816668 0.03552752124019959 0.9989239409174251 24.82832668190765 0.060556379135767634 0.9974682465423419 -0.03728299995589456 -3.972262632835608 -0.997719484348901 0.061602697784052016 0.027585107871634762 90.8837494115282
0.030489341190271604 0.0387304440224876 0.9987844375938211 25.640251941368966 0.06121712728223792 0.9973007759579915 -0.04054165266608711 -4.012108174628766 -0.9976586908362468 0.06237880232425313 0.02803607710608365 90.92806755925278
0.029575139757953024 0.04115623173715105 0.9987149121233214 26.450981889475276 0.06224485606400118 0.9971370059395724 -0.042934476582792466 -4.057868662618795 -0.9976226185296069 0.06343465909945842 0.02692870258787405 90.9607192937637
0.03294761487495259 0.040908409685616945 0.9986195254905873 27.103438454774693 0.028838872186430345 0.9987070483590473 -0.041863480612272144 -4.1247548893510455 -0.9990409271521695 0.03017836269503493 0.03172526280396095 90.92301014156438
0.030585790449053563 0.04949650674270565 0.998305867579108 27.910447544813547 0.025767804585222032 0.9984021539605228 -0.050290746801441584 -4.179989477698982 -0.9991999447905633 0.027262332755254342 0.029261502751523182 90.98138779662236
0.026090817944585162 0.05147588142287531 0.9983333625852239 28.72307844804179 0.02397109314353205 0.9983539558047939 -0.05210341277136894 -4.217559198207263 -0.9993721308464062 0.02529056267973532 0.024813938156926153 90.99256381939635
0.019283676775419013 0.05356178355045964 0.9983783226577562 29.534163562540975 0.021940641721866844 0.9983008641964126 -0.053981411481436106 -4.270319859237069 -0.9995732829817201 0.022946021171201113 0.018075731286920294 91.0110489370683
0.014503883361280081 0.05411207189606656 0.9984295273290736 30.339694427001643 0.021795432093363955 0.9982802001654139 -0.05442059442494088 -4.328372449456643 -0.9996572395112765 0.022550512916901234 0.013299543596632421 90.9891146910521
0.005699486450079938 0.05676040749979857 0.9983715600890591 31.138886740837656 0.021898030218586634 0.9981412799562368 -0.0568723264854785 -4.4012677387839725 -0.9997439632859759 0.022186513646396178 0.004445951581726104 90.98514176327859
