0.9999982765528649 0.0010505880328982812 0.0015307376773500282 -0.004601631182416115 -0.0010432982364217598 0.9999880477044119 -0.004755626957217659 0.003586845294627921 -0.0015357148469581636 0.004754020731228335 0.9999874203480846 0.9999829796208002
0.9999832001388946 -0.004293089048426662 -0.0039019312394838602 -0.12261725428093617 0.004257701281334574 0.9999500827700956 -0.009032742097466118 -0.2513288057921612 0.003940514152395689 0.00901597537967177 0.9999514924233115 2.02627230029915
0.9999998637442686 -0.00021212946500686735 0.0004888202128746401 -0.19471784304360032 0.0002145997635620133 0.9999871279820488 -0.005058863923992798 -0.27935193904857064 -0.0004877409929459291 0.005058966802196539 0.9999869977969985 2.881731314187642
0.9999938248419602 -0.003168543767638282 -0.0015107023160037634 -0.18964475397837785 0.0031701669153833593 0.9999943621530987 0.0010733558050384307 -0.29178089490410375 0.0015072923916580902 -0.001078139317816881 0.999998195388584 3.79670567222062
0.999965895159898 -0.004325016369384203 -0.007031650819101127 -0.10232954975831254 0.004337142883014446 0.9999890893933568 0.0017102550108199816 -0.2929943713213821 0.007024176681070173 -0.0017406948878038594 0.9999737336177128 4.827790274130937
0.9999818970399734 -0.005420035491231262 -0.0026014877541837996 -0.1866243248120077 0.005414560369801742 0.9999830989091205 -0.0021069435128391314 -0.29679111601849156 0.00261286312351555 0.002092818222023581 0.9999943073682891 5.679852601532703
0.9999220025030995 -0.012055802809255058 -0.0032564889598497406 -0.20643491244476994 0.012036656901648657 0.9999105318688176 -0.005836123580916591 -0.2624456351596379 0.0033265562605508114 0.005796469611135861 0.9999775935734317 6.609547577705738
0.9999707306634407 -0.006827138448305142 -0.003446603989412213 -0.19392004789453682 0.006803949148257692 0.9999544308041562 -0.006695485097264629 -0.28494764802246303 0.0034921573741066286 0.006671836832441134 0.9999716013657882 7.511286414393324
0.9999548652772698 -0.008560233184153719 -0.004115297313318528 -0.20395493639096363 0.00853374532757033 0.9999430225935229 -0.006411360598480353 -0.2523882767516008 0.0041699449225902985 0.006375950352295194 0.9999709605591028 8.368892201059223
0.9999602746511779 -0.005987791425651967 -0.00659750412262937 -0.17840440027700172 0.00596187139521258 0.9999744418261418 -0.003941390267250892 -0.2615537452237644 0.006620935254433659 0.003901898236297872 0.9999704421134693 9.395675299352135
0.9999330474245373 -0.009055546825560687 -0.007201205535974797 -0.20146798451486614 0.009033068649391513 0.9999542026577872 -0.0031478614789492146 -0.2693705145681786 0.007229381035044945 0.0030825994957556667 0.999969109919651 10.29060657109802
0.9999332686734158 -0.00979841531475351 -0.0061122664779830445 -0.2881747574670306 0.009803201105363254 0.9999516175563838 0.0007535588753377616 -0.26296636938105 0.006104586633549559 -0.0008134308140512287 0.9999810076420144 11.093135690046296
0.9999648891783487 -0.007304035354504662 -0.004090550523733681 -0.32970391024071133 0.007312320890677874 0.9999711840385208 0.002014344958874569 -0.26719337409981125 0.004075719237067752 -0.0020441882648899574 0.9999895539673941 12.088054682077441
