0.9999986 0.0007122128 0.001533514 -0.01101102 -0.000705572 0.9999903 -0.004327036 -0.01712164 -0.00153658 0.004325946 0.9999894 0.961713
0.9999880975614772 -0.0025203247280384884 -0.004184216097223192 -0.11022321779239308 0.0024828667693149913 0.9999569214786226 -0.008933175899852843 -0.25043126172561475 0.0042065512767594645 0.008922678843477512 0.9999512955870969 2.0242222992006424
0.9999999784048033 -0.0001936378355839271 7.335183383253608e-05 -0.1957423475750809 0.0001940072793756146 0.9999869910098753 -0.005081060946882115 -0.27387763058068565 -7.23665318842165e-05 0.005081073517847854 0.9999870130426802 2.879175934670331
0.9999969534068537 -0.0017280802103958148 -0.0017780273204741463 -0.1882085821473154 0.0017290630432044477 0.9999982843659658 0.000551915404751485 -0.28477255039235255 0.0017770709297085393 -0.0005549896172637875 0.9999981871090068 3.7890359446273565
0.9999689726422496 -0.003756235158126776 -0.006927686934888717 -0.1011992230760447 0.0037616834920449803 0.9999925575289447 0.000773737309726235 -0.2821476715140897 0.006924729361203151 -0.0007997746445353238 0.999975616571131 4.817034971742174
0.9999693802371502 -0.007371900826922214 -0.002625517806097279 -0.17351931164789666 0.007368884186414638 0.999972120678894 -0.0011562108811624034 -0.29770683683618127 0.0026339685411334995 0.0011368266140083564 0.9999957683487688 5.684245278183601
0.9999216164828367 -0.012175404312655878 -0.0029289595899991655 -0.21892314849631136 0.0121570802097327 0.9999068597718904 -0.006194143449416711 -0.2609015948002489 0.003004103515826307 0.0061580484034181576 0.9999763912804998 6.599800897059461
0.9999590035035738 -0.008471742764723476 -0.0032051891254259455 -0.17954578473581656 0.008448647239913148 0.9999386760370605 -0.007151458659317971 -0.2790511492898704 0.003265578343873829 0.007124083766169113 0.9999691754623992 7.521792953972974
0.999941695735387 -0.010552042859881424 -0.0023102196697250875 -0.2078504819598085 0.01053714254939374 0.9999241635423322 -0.006368917938854023 -0.25741958958090083 0.002377250096428871 0.006344201512445724 0.9999769252976616 8.332154295047452
0.9999693158306069 -0.0049367370672704575 -0.006090007502885621 -0.1870338887735901 0.0049133749384040045 0.9999805130013093 -0.0038449227752484967 -0.26332729920778786 0.0061088700625617975 0.003814880576170084 0.9999739565999285 9.380430065124921
0.9999315297791003 -0.00909007712691012 -0.007375205185311417 -0.19903854623005465 0.0090707453493232 0.9999553499647776 -0.002650122428075248 -0.27305037530693793 0.007398965289228374 0.0025830410343104715 0.9999691738057971 10.286788485671515
0.9999399207284838 -0.008566684895948145 -0.006842719541566763 -0.27786470952692127 0.008569368317498289 0.9999632206832006 0.00036326956834857593 -0.2686330263920714 0.006839355615012426 -0.0004218861815765305 0.9999763783052277 11.10746707863336
0.9999698108252619 -0.006899634153517198 -0.0035737738463463304 -0.3333703135901558 0.006908223880006108 0.9999732608137173 0.002397499857269992 -0.2708852905411807 0.0035571365102871925 -0.00242211625180099 0.9999906171666453 12.056044120653915
0.9999087721607187 -0.011965612706011767 -0.006269136466561272 -0.2799367253565748 0.011979729568078662 0.9999258005528479 0.002219479289467696 -0.2830521012724733 0.006242113470000925 -0.002294379722367297 0.9999777753525317 13.026113103953163
0.9999809696235988 -0.006098787822978836 -0.0009273151775513781 -0.37797070093415225 0.006099961696039079 0.9999806365608565 0.0012713135547957528 -0.3199016515943204 0.0009195440450287105 -0.0012769464776843245 0.9999986465077296 14.161317308972368
0.9998957450757815 -0.01264780281105913 -0.006963342724895356 -0.3207635842646706 0.012640469275289877 0.9999195314179584 -0.001095824064160853 -0.31562064607884743 0.006976641842814762 0.0010076889190472004 0.9999750181144976 15.032575574685392
0.9998996732309217 -0.011941854544204194 -0.007617211751787375 -0.3614346496315794 0.011917300126445747 0.9999237191165629 -0.0032605020018870072 -0.30360645576079237 0.007655566666414405 0.003169396913023791 0.999965529661257 15.872420969717597
0.9999843844558234 -0.0033261371168760608 -0.004487864896062365 -0.4476448180518091 0.0033117746947790763 0.9999894182333404 -0.0032031872721048674 -0.3220103909360922 0.004498471680609393 0.0031882730170057633 0.9999846665102498 16.70358477310593
0.9999492566248994 -0.008427302052123688 -0.005520750472387732 -0.4515255007419047 0.008411208509861493 0.9999603649681743 -0.002931366612526174 -0.3104720717088784 0.00554523518383522 0.0028847803091426234 0.9999803056384596 17.557750256657428
0.9999540951400956 -0.008093835581175485 -0.005131815663293244 -0.49404172082207864 0.008079036723553451 0.9999631991713724 -0.002897439036577928 -0.301692549971948 0.005155078295528174 0.0028558444435612985 0.9999824927427738 18.371124670814897
0.9998009421853374 -0.009942250753218713 -0.017299312902454345 -0.38068022594144596 0.009936268935456932 0.9999505861118259 -0.0004315463544143335 -0.3368926311986591 0.017302745910539888 0.00025956904871682254 0.9998501250642945 19.344105003275505
0.999750234091013 -0.013255873544562279 -0.01799410563256078 -0.3890881236021326 0.013266694046250216 0.9999119333630374 0.00048224574970779965 -0.3178215468171201 0.01798612523209822 -0.0007208481851103245 0.999837842481806 20.160574615988462
0.9996736728836231 -0.011508705230703577 -0.022805691801819582 -0.37614514971612295 0.011524605323583285 0.9999334680670982 0.0005660090906534257 -0.3125085466589681 0.02279765635244032 -0.0008286515351606357 0.9997396426990269 21.177314693538737
0.9996512316533712 -0.0064498241549045985 -0.02560859174339665 -0.3508997968251563 0.006496002834504294 0.9999774642546213 0.0017205892779090853 -0.3317946355565524 0.025596912092782736 -0.0018863431255825664 0.9996704595708367 22.026045943384748
0.9998242263069198 -0.000370437993001114 -0.018746051505532973 -0.4830533616027306 0.0003834622301835183 0.9999997238548713 0.0006913469753332348 -0.3271580914684586 0.01874578650488939 -0.0006984143679759412 0.9998239407281052 22.840006548919405
0.9996179818355728 -0.0013365807102886844 -0.02760660023292645 -0.41745151455309043 0.0013673530222482455 0.9999985258118465 0.001095938292506303 -0.3342657275990143 0.027605088589617986 -0.0011332680221467686 0.9996181854752678 23.595375280686632
0.9996462253838981 -0.007241166187299479 -0.025592014936220518 -0.49589338570618263 0.007306316135681922 0.9999703899908148 0.0024532356354010163 -0.3304948795758711 0.02557348634277097 -0.0026393514806105863 0.9996693531026261 24.485990810418006
0.9995949965768036 -0.010777169737258738 -0.0263371327341539 -0.5079309974366047 0.01092290821503946 0.9999258467610468 0.0053960747653025685 -0.32865098358033595 0.02627701878246927 -0.005681567097112087 0.9996384647945983 25.325216880283133
0.9995000675679693 -0.008252949005191518 -0.030520652819046312 -0.4699157886245339 0.008387214857987284 0.9999557344714146 0.00427384158587387 -0.3335411669910598 0.030484023666614568 -0.0045276877092075216 0.9995249395800998 26.115856731876764
0.9994694044584045 -0.01214579231770847 -0.03022318073327639 -0.5049651214391289 0.012211381303871168 0.9999234907909108 0.0019865678753043293 -0.32707058473719186 0.030196735434612775 -0.002354580223337204 0.999541119541354 26.955908601413338
0.9995562377106604 -0.008794471591923482 -0.028460247391840752 -0.5822173519055919 0.00883038270696698 0.9999603960670682 0.0011364273725033907 -0.33354785442985607 0.02844912049962669 -0.0013872377635390223 0.9995942068558288 27.736847012314282
0.9994287483172605 -0.008192629962690786 -0.03278729951663651 -0.601094145546983 0.008187549633541128 0.9999664500059581 -0.0002891462975406012 -0.29738273127974774 0.03278856220907214 2.0533547786491394e-05 0.9994622532187203 28.445346021353103
0.9992505768758463 -0.010952603530045728 -0.03712474296807888 -0.580792882492563 0.010897043020632206 0.9999392219747206 -0.0016985496102941396 -0.28502614453562475 0.037141082697998 0.0012927267831447287 0.9993091195082281 29.332284201031236
0.9991878418460322 -0.009771309648607816 -0.039090556943771795 -0.6001882828339223 0.009726806057862584 0.9999518328759778 -0.0013284420178827265 -0.2780051395235288 0.03910164806171902 0.0009471369061737824 0.9992346898505264 30.273717419282544
0.9992023653938967 -0.007299469232479735 -0.03925888916317271 -0.6391913826288801 0.007239530944377369 0.9999724150311101 -0.001668633413593282 -0.28594013766754695 0.039269979886918924 0.0013830865050159275 0.9992275926909248 30.894977555016965
0.9991357336860527 -0.006833341739929694 -0.04100010786441238 -0.7294833415552537 0.006874267050162529 0.9999760268435512 0.0008573324952189207 -0.30918953193532916 0.04099325977026712 -0.001138437215302117 0.999158687313621 31.6342899283197
0.9991585341093777 -0.007858293716194734 -0.04025439804399048 -0.7593865436174301 0.007885852271458577 0.9999687632072826 0.0005259208652741631 -0.2940317391586789 0.040249003730566696 -0.0008429185589155092 0.9991892136752475 32.45601623291341
0.9992458125207511 -0.004023210043362561 -0.0386214986950554 -0.8183137020987441 0.0040716867232885815 0.999991037413142 0.0011766531177002989 -0.29891913335379505 0.038616414945417614 -0.0013330203268165862 0.9992531048912727 33.095301613564864
0.9989739049716486 -0.006857077122589886 -0.04476686481257858 -0.8179661097971991 0.007000557599720975 0.9999708551371354 0.0030491199362481865 -0.313437375064738 0.044744647779132805 -0.0033593840229413858 0.9989926811272553 33.79081871080872
0.9989964746694339 -0.004382257075956577 -0.04457382352722914 -0.9121910628084979 0.004511271689075113 0.9999858988870838 0.002794271517252002 -0.30906351989132985 0.04456094794208193 -0.002992551729643365 0.9990020498746003 34.365780357872126
0.998982534783108 -0.0031929238896359637 -0.04498602477650486 -0.9682877639834098 0.0033145672897633314 0.9999910431820337 0.0026297422679376074 -0.31956381081291074 0.04497722487564348 -0.0027761755532983053 0.9989839990085254 34.995107154645474
0.9990469358625768 -0.004031318538717266 -0.043463240610233676 -1.026461828811336 0.004206517285219874 0.9999833855111371 0.003940308559645337 -0.30077430386769965 0.043446634855044054 -0.004119381528310236 0.9990470940983032 35.78207490732579
0.9992967032532719 -0.005036774037203523 -0.037159053748497435 -1.2577845464513167 0.005232196238787916 0.9999729921774285 0.005163764581268284 -0.2789016022150878 0.037132041458737 -0.005354555590460822 0.9992958875211424 36.24620043991695
0.9992742103542385 -0.000899375533628924 -0.03808269563203923 -1.2841699669670337 0.001185172737882636 0.9999713152626083 0.00748279167627146 -0.26713886692807126 0.03807487222542204 -0.007522494173464544 0.9992464567159565 36.98886301022852
0.9990712520348196 0.0019132810078045424 -0.04304701777538753 -1.1902242830731693 -0.0016305669443935477 0.9999768750630101 0.006601760114093754 -0.2980180017312338 0.043058653887400086 -0.006525436713982959 0.9990510919438508 37.81449607153487
0.9990235327646337 0.003076830898862617 -0.044074947321896825 -1.1440475730165616 -0.002885480713975163 0.999986128587921 0.004404475281277104 -0.30332007887579937 0.04408788769839235 -0.004272996209677769 0.9990183969421976 38.528001046978005
0.9990924183239387 0.005308034805320903 -0.042263902877704304 -1.121242517911753 -0.005138291571348925 0.9999782813679619 0.004123922782265759 -0.3157807858744333 0.04228487446341866 -0.0039030148514307226 0.9990978633777432 39.21426538864533
0.998966609632113 0.004999773131479348 -0.045175681658291264 -1.0081330429588986 -0.004781357222601151 0.9999763693083166 0.004941607833542363 -0.3317881526114012 0.04519932055238637 -0.004720499165507954 0.9989667203282508 39.928711810305465
0.9990260279844405 0.011041382096804815 -0.042722242724156825 -0.9852436315582589 -0.010799895702656269 0.9999244194196525 0.005879188471045835 -0.31023405579837515 0.042783926992921696 -0.005412065494322257 0.9990695721361182 40.590342595987686
0.9992774485536111 0.010478144607039499 -0.036536946007650804 -1.0717164727610649 -0.010128699732418204 0.9999013475820873 0.009736205356128166 -0.3209526025283637 0.03663535877191583 -0.009359096525333158 0.9992847622684882 41.11072446610928
0.9994606217453583 0.01393502389040567 -0.029740187345928107 -1.1534003341682748 -0.013625772800081152 0.999851260384827 0.010575934618132726 -0.3139312526493502 0.029883142651426328 -0.010164994484413244 0.9995015901200891 41.72316008122831
0.9994674056772928 0.02179707384652658 -0.024290514783713312 -1.255454481201252 -0.021485497985114857 0.9996844646436356 0.013015127929097405 -0.3049454710215748 0.024566546557455868 -0.012486298741615188 0.999620104931299 42.21999784141322
0.9994629603861381 0.027569674135904977 -0.017718526338488538 -1.2351892989905053 -0.027288632351489945 0.9995009669239354 0.015912233366934155 -0.31227568086530405 0.018148386126804594 -0.015420169220576381 0.999716263449198 42.85366391403795
0.9994342978862034 0.03251646444049449 -0.008604255274388116 -1.3517740915628715 -0.03239373908204121 0.9993766112153786 0.014037778996692854 -0.31116438321149753 0.00905535930015541 -0.013751109056085682 0.9998643507317375 43.36406605648073
0.9994294453770044 0.033747796509151134 -0.0014650392292582788 -1.3838408902041865 -0.03372502050973221 0.9993401598911484 0.013485011863334543 -0.31825306250423546 0.0019191727541764732 -0.013427904284489726 0.9999079139572428 43.876600692064585
0.9992973037297433 0.036152471633740565 0.009908429454013323 -1.4756059925573608 -0.036258978224333535 0.999284201196993 0.010788869954836482 -0.28032885485365056 -0.009511278640932735 -0.011140553687067371 0.9998926258306312 44.50003099337542
0.9989947125938021 0.04134526403490493 0.017333743746569277 -1.5204241004133965 -0.041519438834171314 0.9990895178417428 0.009811615920940438 -0.25392759244569413 -0.01691228272252117 -0.010521435195434145 0.9998015126449891 45.04046527366298
0.9985443466934225 0.04800758020986626 0.02459220385654944 -1.4639142409253036 -0.04829506614818841 0.9987699468767444 0.011232374556008663 -0.25871962186805836 -0.024022697681459784 -0.012403701045253925 0.9996343648652074 45.489874286458154
0.9980880049380401 0.050033350152198584 0.03629443508731179 -1.5554631537475168 -0.05031983787117239 0.9987084703935442 0.007022861915196467 -0.2588688499084639 -0.035896160766901795 -0.008835760087909771 0.9993163812177218 46.06312438837149
0.997432137693972 0.046769642840458966 0.054240195465667364 -2.003619611698728 -0.04723878933111361 0.9988562168036598 0.007399176905608693 -0.23922499014985207 -0.05383207384483489 -0.009942413440173532 0.9985004405652772 46.42956846102164
0.9965104136945514 0.0485701122922904 0.06788411822103826 -2.164152482645523 -0.0493274081831008 0.9987372360736025 0.009523390232589657 -0.2470551967826452 -0.06733582024191712 -0.01283869973549232 0.9976476707777111 47.05532481434917
0.9963624736015912 0.0466209406820823 0.07133497601596257 -1.9976061291965492 -0.047409705459460175 0.9988312435091697 0.009403345525351884 -0.23977715804220145 -0.07081318489636379 -0.012751104704944194 0.9974080315448054 47.334254063218296
0.9964835337384168 0.05364634138105388 0.06436574781540357 -1.4290821070007227 -0.05429227057632006 0.9984903243892471 0.008327260475491906 -0.2675368588184407 -0.06382182476015924 -0.011792534546049093 0.9978915787555617 47.39131765828374
0.996233972535888 0.053436600088562526 0.06828383054638025 -1.3849326326394493 -0.05413912268826889 0.9984973938272319 0.008478158708738174 -0.27488179822408493 -0.06772815646385193 -0.012143051155425421 0.997629831545525 47.64486658251521
0.9933612749609912 0.06297868718081343 0.09626712848485157 -1.983803096961108 -0.06396767997589507 0.9979258645764988 0.007218979545092228 -0.2266013137718741 -0.09561278463321099 -0.013329034475191638 0.995329248796716 48.22539166590975
0.9922045751920195 0.06299779968053261 0.1075249394030352 -1.8692896071928136 -0.06427449198980073 0.997896537632708 0.008446032747513373 -0.21771810515849474 -0.10676664408315141 -0.01529129799346057 0.9941664126697999 48.662159487351914
0.9923108695565669 0.056085062373488835 0.11033538682849729 -1.5701597003379981 -0.05706891900586405 0.9983535439673089 0.0057767939038903555 -0.2744418650172335 -0.10982969721871143 -0.01202909223300021 0.9938775089917524 48.74408664878537
0.9938125483848933 0.05743523021172268 0.09506908772461409 -0.6931096569240437 -0.05785961078510401 0.9983232685971949 0.0017111215569458665 -0.31983743697783956 -0.09481137529419463 -0.007201191044305444 0.9954690882261591 48.622525370036236
0.9911380010219564 0.05978070509800977 0.11862569959434158 -0.9665966077433107 -0.05971146748343965 0.9982070829991642 -0.0041409772336247356 -0.3097826470159627 -0.11866052872777927 -0.002979032121622328 0.9929303098429582 49.01207321022624
0.9851810910262332 0.0645575013406772 0.15890509870757774 -1.59179603413389 -0.06444605603622834 0.9979039676554258 -0.005859831803969246 -0.26414930276636356 -0.15895028072197395 -0.004467808547125839 0.9872763681066161 49.796332680379514
0.9845036832312414 0.06226040304492603 0.1639403059574531 -1.3129979437274348 -0.062170664480678484 0.9980493073450506 -0.005683248487151936 -0.27919532990701884 -0.16397431306417345 -0.0045970957540025234 0.9864537632520536 49.81995037183998
0.9829736503363675 0.06440991592331946 0.17208860744966056 -1.044935274362532 -0.06446309604629777 0.9979060585188384 -0.005285251161208396 -0.3119881053018413 -0.1720686455790624 -0.005898098420443513 0.9850671950207268 49.89462714510211
0.9788830446130525 0.06127563828975368 0.19502213964042414 -1.0790279124361444 -0.06117270152014937 0.9981056251721149 -0.006556446271517451 -0.31793118419299005 -0.19505440216292247 -0.005512033644408719 0.980776822457502 50.155605780259684
0.9750323267851772 0.06020231985580572 0.21374759140639157 -0.8324916146843155 -0.059361606721694285 0.9981828096709455 -0.01035543294886349 -0.32287190340933847 -0.21398254725805382 -0.0025915159091432706 0.9768339263602775 50.331327970851845
0.969952397292163 0.06050624060359346 0.2356516757993226 -0.949282586534411 -0.05919170297374626 0.9981663843709441 -0.0126550116490862 -0.28538510211456325 -0.2359852289598636 -0.001673862636308714 0.9717551084127102 50.81468823284463
0.9667691826635609 0.07324625741379034 0.24493418673609454 -0.5821668446693077 -0.07234255876191728 0.9972990002705101 -0.012696794567779708 -0.35785755534390457 -0.2452025535198505 -0.00544429255953635 0.9694565009399347 50.830611404534054
0.9594312326403668 0.06900936224333129 0.27336766413910835 -0.530388277034149 -0.06733845927741655 0.9976097238080562 -0.015502231611475865 -0.3355738477121312 -0.2737839850378703 -0.003534829130948907 0.9617846105099942 50.98441517146181
0.9504611902060817 0.07022925239887423 0.30280657827825574 -0.5311662114822617 -0.06830009671303919 0.9975204771121576 -0.01696971719200433 -0.3276562547497762 -0.3032474611806924 -0.004552657786567719 0.9529008659668498 51.43951417908463
0.9435066660648466 0.07533119789143256 0.32267752663372323 -0.44477652802265066 -0.07341836645345352 0.9971366983646229 -0.018113435847150725 -0.30967791817148926 -0.32311803225272645 -0.006600305797161816 0.946335542864757 51.57620289231775
0.9335671341696907 0.07623777823113918 0.3502007872234859 -0.2028818002120108 -0.07413237980774236 0.9970590145789502 -0.019434623413507376 -0.3229151521578091 -0.3506524018531117 -0.00781768830344355 0.9364729491303887 51.843652654246156
0.9208881661494823 0.07968119443667138 0.3815969558910123 -0.3032116959766538 -0.07714977870852512 0.9967777198080688 -0.021955443877597805 -0.32268225480675006 -0.3821166693264179 -0.009221608156869253 0.9240679703246614 52.08773503916718
0.9103851177478608 0.07626654346314592 0.4066726952882291 0.07032672973440501 -0.07316045830251665 0.9970501566128513 -0.023206330730369613 -0.36519851755754107 -0.40724280443238775 -0.008625658984246472 0.9132791021850095 52.30683489104441
0.8953126020630174 0.07238853035108346 0.4395174655704363 0.15079690177713267 -0.06837385247479878 0.9973469316721647 -0.02498310430217971 -0.37729782940854983 -0.44015972559436106 -0.007683810681907783 0.8978865436193003 52.43846369067295
0.8772588150097382 0.07177322029552388 0.4746219038158472 0.3564827734129958 -0.0643618539296933 0.9974176286417734 -0.03186932057313587 -0.36891229360763705 -0.4756834422149106 -0.0025899007945265158 0.8796126842455435 52.72018972055201
0.8568704101795712 0.06953014186167561 0.5108219492488432 0.43628709197833193 -0.06109851310220208 0.9975762933724895 -0.03329558846078924 -0.382871558117066 -0.5118987375897336 -0.002680454790485785 0.8590415588118985 52.9384190364421
0.8382389236312391 0.07592650979054144 0.5399917150439993 0.7594115596243132 -0.0649342318478424 0.9971113527302211 -0.03940206967285613 -0.4045232448217507 -0.5414233573176567 -0.0020355963639524417 0.8407475755658346 53.13210766192472
0.8085359370151867 0.07470980141548772 0.5836852423574788 0.778642290735341 -0.06202679626983672 0.9972022688385018 -0.0417175107392621 -0.4326272759232936 -0.5851687535109705 -0.002474016511920223 0.8109077025832426 53.505285871978245
0.7858882414119432 0.081933365481245 0.6129167809718545 1.2185816525423687 -0.06806038085361721 0.9966221347497606 -0.04595853195007571 -0.41780466172492264 -0.614611746169381 -0.00559707604071959 0.7888098479578581 53.59926760581291
0.7521919261234179 0.08267558921172394 0.6537372798445099 1.4130941368393657 -0.0698120423140773 0.9965129018985748 -0.04569914978925063 -0.4708200318408942 -0.6552356278115747 -0.01126419822578941 0.7553404975676484 54.05650302229952
0.7222058633145786 0.08561170675544699 0.6863597521836342 1.7310994884168238 -0.0698332266449007 0.996265076402073 -0.05078676491181646 -0.47846072021985764 -0.6881439997162195 -0.011252211712239904 0.7254868038506472 54.115222361846776
0.6815939682401442 0.08696093365137467 0.7265451496931354 1.8359825628313085 -0.07101457366838271 0.9960873537298506 -0.05260180944204912 -0.4923792356687919 -0.7282765491008333 -0.015742211386613372 0.6851024301449916 54.388778719202655
0.6432101573097259 0.08360795200526279 0.7611115421076772 2.308343606717128 -0.06465311397125266 0.9964011067481163 -0.054816566997043764 -0.5012992175350798 -0.7629552793764148 -0.013949652821764814 0.6463006413109057 54.66918845839491
0.5946441042233984 0.08230963295798505 0.7997649109769309 2.348831684863535 -0.06246366065518962 0.9964687116692731 -0.056110660135890424 -0.5374180171977608 -0.8015589555817969 -0.016590363612287048 0.5976854507678182 54.90886983436902
0.5497652171270201 0.08485606835041182 0.8309982244933424 2.8024135071388203 -0.06546958644591351 0.9961437745789715 -0.058406804762275055 -0.5763369758043004 -0.8327496835064164 -0.022295071941694698 0.5532005169317384 55.085379021963945
0.5042106794033759 0.085796919722802 0.8593083601333625 3.3438863135292913 -0.06322828442149052 0.9960495387132456 -0.062349700023536084 -0.6314627760463306 -0.861262957654272 -0.02289519961368174 0.5076434386620701 55.29352608406415
0.4534692948136226 0.081235893056318 0.8875622317197321 3.6399949257260227 -0.05781545034622062 0.9964212840724781 -0.061660633561783834 -0.6577979777209247 -0.8893947372666241 -0.023353597689170502 0.45654299909350243 55.41911216102006
0.39667677216038283 0.0801051922101154 0.9144566943500387 3.9568472702373754 -0.05688132417091914 0.9964157852987632 -0.0626104966165118 -0.6757534779946921 -0.9161943116641944 -0.027179368849853034 0.3998113671959892 55.713150575664805
0.35482239686682693 0.07655248348754824 0.9317945669856811 4.3787525731892245 -0.05433851466044933 0.9966459901397994 -0.06118861053807517 -0.6967985583389377 -0.9333532869842236 -0.02892123343663239 0.3577919502863972 55.69147732400446
0.30546845179732485 0.07686757736701634 0.9490946635158675 4.856113379548529 -0.05286940719662874 0.9965678909475232 -0.06369631307750637 -0.7144152240957259 -0.9507332993902133 -0.030720848695679346 0.3084838751342187 55.8478864965231
0.2595967778311504 0.07551340487626293 0.9627603508732094 5.380536142071199 -0.044378855555018276 0.9968177556445293 -0.06621844823914343 -0.7965663186481836 -0.9646968113819082 -0.025536099733888602 0.2621217614952591 55.930206016234735
0.21743371980403425 0.07006614014505015 0.9735571808891633 5.786416201561122 -0.03314329623761201 0.9973750206596722 -0.064378092834669 -0.8089227606142679 -0.9755121585325972 -0.018268919295469963 0.21918509103363867 55.90050268200796
0.16671048992965712 0.06886822757481818 0.9835980190803106 6.331859169529483 -0.02233604989469082 0.9975655622142547 -0.06606044939623675 -0.8621596746068841 -0.9857527987759583 -0.010956718890821622 0.16784280356825826 56.141401421231755
0.13377300091598726 0.0713607430337162 0.9884395277225135 6.953690808522029 -0.02887772032587092 0.997261167441431 -0.06808939288217558 -0.9055623356916086 -0.9905910943867038 -0.019435349945890818 0.1354672740283509 56.06661025728259
0.10063520939270841 0.0714400347246148 0.9923553276003574 7.410754910383321 -0.01267121541859883 0.9974297929339865 -0.07052036239844438 -0.9265432765355552 -0.9948425943087542 -0.005477511771799847 0.10128171522266177 56.11025203114128
0.07059270739585145 0.07111333974303366 0.9949672098913714 7.9413559895637 -0.008412833342518557 0.9974624403855687 -0.07069480070616141 -0.9281938408458131 -0.9974696487441671 -0.003379951325764654 0.07101176809859713 56.11834046685167
0.045740239802400995 0.07027052691902605 0.9964788277127505 8.517508139989241 -3.0187737168051523e-05 0.9975227916621899 -0.0703427689669921 -0.961889841879787 -0.9989532740969447 0.0031874177533376914 0.045628984712746824 56.0989614721804
0.024852826887935737 0.0700733418493751 0.9972323054653535 9.139951620796333 0.007452472577346334 0.9974995534895608 -0.0702778575112166 -0.9938385227827465 -0.9996632310927459 0.009178453420430298 0.024268397792452986 56.128171018107686
0.008626082602320895 0.07114784870691533 0.9974285936459186 9.808874356723262 0.010786274855047217 0.9974008892222102 -0.07123916315985947 -1.0416635105877927 -0.9999044770585749 0.011373057305616769 0.007836179202651873 56.14198170831413
-0.0056354458792084545 0.07038278692496461 0.9975042675405593 10.313255679987657 0.013711024776646952 0.9974316204271391 -0.0703002060620878 -1.0857399884016343 -0.9998899716575561 0.013280635997398507 -0.006586052371537648 56.137874698286474
-0.0145429650042966 0.0722028238843463 0.9972840414832366 10.829984319665352 0.014977152600345354 0.9972932305450649 -0.07198508556715326 -1.113439100513899 -0.9997819299485038 0.013889602031371611 -0.01558505053680018 56.06607998892661
-0.024478711461351426 0.07544970430693286 0.9968491916875637 11.31524097109378 0.01789028550334093 0.9970212732784605 -0.07502341039502353 -1.1069969246345042 -0.9995401068521041 0.015997443375977055 -0.02575566692072141 56.10471457770871
-0.03057311373416826 0.07618509819755007 0.9966249504811405 11.91026338186543 0.020446073761188923 0.9969299756128848 -0.07558119953846577 -1.1648831254609517 -0.9993232250081965 0.01806631701890148 -0.032036993601711014 56.043436376933606
-0.03270190157001293 0.07486158394986217 0.9966576691386738 12.632674429807413 0.02285759271557529 0.9969860826438215 -0.0741362626008352 -1.2345880292170617 -0.999203568549813 0.02035679994191881 -0.03431455058558708 55.970873333230045
-0.037407062665770395 0.07210815318303693 0.9966952009267648 13.346851274289238 0.020902812754177037 0.9972313819762131 -0.07136244059415095 -1.2805140024995127 -0.9990812910089046 0.018164276606110655 -0.03881081240805552 55.9570680216438
-0.038847558229412014 0.0659106304321035 0.9970691104493266 14.130978907667586 0.019551317634136766 0.9976813386606163 -0.06518934631017187 -1.345340627547999 -0.99905366396509 0.016961571975143055 -0.04004617530233816 55.89435055598991
-0.04149534141018906 0.06152355575417296 0.9972427917512835 14.804247939223687 0.01951779511904448 0.9979618044695995 -0.06075577773041949 -1.3812640047968983 -0.998947842542178 0.01694290289655972 -0.042611621719953564 55.899224091631844
-0.0426669041847456 0.057217526653906114 0.9974496706745792 15.481693550321646 0.021605833722873752 0.9981780799931581 -0.05633510019597713 -1.440698916629036 -0.998855516014673 0.019147091122594963 -0.043825451764954844 55.83190226244043
-0.040825399429748756 0.06006528829877152 0.9973593399544897 16.209007332915377 0.021124690075049014 0.9980201883884109 -0.05924038121121784 -1.481181053841267 -0.9989427946534083 0.018650397759394418 -0.042013483934510376 55.77076697140384
-0.03729998161995791 0.06640704158737948 0.997095315637716 16.866446446779104 0.024999563547005985 0.9975392265844716 -0.06550141380648936 -1.5394752742195024 -0.9989912079786046 0.022483746789060347 -0.03886839465860243 55.719950720539515
-0.030863676009309775 0.07194581764091151 0.9969310575166551 17.573589451590934 0.026932166403477478 0.9971037759269507 -0.07112450425903624 -1.5803589589993623 -0.9991605487612616 0.024654349148131343 -0.0327119989591601 55.63808694708469
-0.030013080575020758 0.07354994907880126 0.9968399921896753 18.400494506166115 0.030056856059772603 0.9969044931853885 -0.07264976008707756 -1.6062070537285398 -0.9990973483664204 0.027781431020214967 -0.03213091049485016 55.6515639002379
-0.02863543904825453 0.06880487263802364 0.9972192727011762 19.140899058866115 0.02652222668947642 0.99732922730509 -0.06805088023822597 -1.6570466528103547 -0.9992378502159327 0.024499807449804806 -0.030383875784388885 55.62763128615395
-0.027639334603875756 0.0642607677679932 0.9975505199740259 19.743238532014068 0.0241797672444152 0.9976824903606857 -0.06359933580463753 -1.709383839768215 -0.9993253494372775 0.022362694027889853 -0.029129148536389083 55.640281149398255
-0.02616833331882718 0.06355110088531431 0.9976356296199851 20.4803770153594 0.024789083578942904 0.997711487072377 -0.06290572730676346 -1.750723450289009 -0.999350038832188 0.023084332372196058 -0.027683878263270876 55.6409553392065
-0.02114876073801379 0.06856057681516516 0.9974229367547944 21.131771903783985 0.028270284991314842 0.9972879306624196 -0.06795188578447471 -1.7896912749838967 -0.999376458033183 0.026760329660769626 -0.02302968845639462 55.56867609731395
-0.016178779138228513 0.07473083260107624 0.9970726751273598 21.83256649951958 0.02794207556009763 0.9968472824349346 -0.07426056013312199 -1.8101751538898752 -0.9994785116807343 0.026658831009730183 -0.018215965321223944 55.541643440565366
-0.013066649858895017 0.07475584243738909 0.9971164580926544 22.662719310684917 0.026068616646352544 0.9968878244322235 -0.07439711037501201 -1.8997329770162033 -0.9995746446542659 0.025021321399448432 -0.014974826101657703 55.53677409797162
-0.008847823091831191 0.07071039557966599 0.9974578555731898 23.41926616219804 0.025770389714083033 0.9971814293125121 -0.07046223080450877 -1.935956955656559 -0.9996286274501966 0.025081436024269294 -0.010645180893688383 55.54088826444293
-0.005111914697947755 0.06680828299745514 0.9977529551471369 24.080955837516793 0.027580320509659778 0.9973955413833763 -0.06664307106460107 -1.9907043119713173 -0.9996063887611626 0.027177668482744607 -0.006941257577850509 55.52887199084686
-0.002554636446899227 0.0675693193714683 0.9977115275333005 24.787984037327664 0.03174983928332152 0.9972169740227119 -0.06745455446638284 -2.039477532948831 -0.9994924394373086 0.03150485412808697 -0.004692905321005897 55.55442592322801
0.0029033446765305707 0.06971258972928396 0.9975631234510234 25.63679236916671 0.034376928319158416 0.9969704469109453 -0.06977124864567642 -2.110847074751651 -0.9994045704422976 0.03449572021405686 0.0004979791108572358 55.490692961268934
0.004339702314710663 0.07219291208525465 0.9973814522779308 26.42936605039168 0.031691099398687965 0.9968796721279629 -0.07229450241921459 -2.13245469299367 -0.9994881314475137 0.031921847926889076 0.0020382227644706727 55.52763697807523
0.009609883866534108 0.07131110793842362 0.9974080493514493 27.11421929618414 0.030314675097101097 0.9969745906318381 -0.07157221670778348 -2.204409817394581 -0.9994940426594753 0.030923898159548803 0.007418969612469505 55.503027438875975
0.013019787482988212 0.06889452389694142 0.9975391952659695 27.748019563336268 0.03176917856915354 0.9970913669466329 -0.06927825939530406 -2.2539408326608985 -0.9994102844064577 0.0325929857955061 0.010793126392263106 55.525876147907546
0.015756605041705934 0.0684521033109238 0.9975301699625915 28.54624987119298 0.037865480583672305 0.9968973168985651 -0.06900679685982854 -2.310036760903985 -0.9991584770591094 0.03885926774200957 0.013115675492860423 55.52326677750449
0.01692850969972753 0.06955179835169291 0.9974348960851923 29.386404817080386 0.03759034670819579 0.996828141132639 -0.07014748245617171 -2.3628166102929637 -0.9991497073499906 0.03868141223690681 0.01426026782183186 55.565978800820695
0.016495104677204452 0.06872508147894188 0.9974994553950488 30.116992430603716 0.03928472620383623 0.9968201147487089 -0.06932791844479623 -2.434196811135318 -0.9990917529014859 0.040330059945742645 0.013742736071921913 55.658396648549406
0.019449367065481806 0.06671928478538555 0.9975824235564829 30.97922038683549 0.040907744356210016 0.9968822927973925 -0.06747003429789528 -2.488497646641798 -0.9989734925793431 0.04212108872285756 0.016659323397923843 55.622729615770375
0.02320474946804926 0.06584128244467867 0.9975605009317664 31.514433329358354 0.04152985807524163 0.9969040807882064 -0.06676402761549247 -2.5365634317661643 -0.9988676233480978 0.04297777960705405 0.020398459576237832 55.714410249036845
0.027909792647379958 0.06608521493619422 0.9974238047290162 32.27308712604116 0.04368208500384745 0.996778414667917 -0.06726478449466225 -2.591294999362319 -0.9986554113475578 0.045446887973939094 0.0249330667056658 55.66428660861814
0.028087792050126542 0.06646254732218611 0.9973937641397934 32.88334776789133 0.04446334910758451 0.9967164471644939 -0.06766958463153315 -2.634683949194201 -0.9986159651273512 0.0462481429997644 0.025040345327289902 55.75129480631947
0.031959217708958064 0.06601075970330315 0.9973071976131144 33.680476067616084 0.041543391036953314 0.99686659936998 -0.06731289875506138 -2.662007922606575 -0.9986253276193844 0.04358277984878996 0.029116691134186617 55.73121393202542
0.031792360901339876 0.06663173011849101 0.9972712484673817 34.41260233728321 0.038024248561938534 0.9969724240644776 -0.06782397374419509 -2.693349951927725 -0.9987708585137267 0.040076764249408266 0.029162409983768834 55.862255506778155
0.03545347751451695 0.06573239185151299 0.9972074989524047 35.20988052423357 0.03928502425740194 0.9969716243141509 -0.06711355538142236 -2.743512464454889 -0.9985988015720165 0.04155471946343012 0.03276373538573336 55.84842537937607
0.04252222154246767 0.06558138430013431 0.9969410382995546 35.96629036587682 0.03679048293008309 0.9970637273457141 -0.06715869259268174 -2.819179583905513 -0.9984178017638836 0.039533669122757756 0.039984516283653126 55.824567164522776
0.04155793597964549 0.06701977293376844 0.9968860584519207 36.78936690768492 0.03731799865812643 0.9969473781678294 -0.06857962759199779 -2.8704593639373774 -0.9984388349096956 0.040051808482100236 0.03892995519538067 55.90692790530233
0.047263502060765204 0.07193429362245159 0.9962892023179974 37.69084881103295 0.031118580653496493 0.996813322805881 -0.07344842102082848 -2.903325888926695 -0.9983975445667518 0.03447452242983939 0.04487431750070211 55.89394483015604
0.04850557621532675 0.07349835013933306 0.9961153471493788 38.34359799638421 0.029568238819475585 0.9967461060787771 -0.07498474713041274 -2.9547771869293924 -0.9983850974573522 0.03309054057825859 0.0461744505860319 56.01201308845634
0.05243078646364106 0.0779058886960521 0.9955813992851513 39.1630253254677 0.018434655511709176 0.9967068344052165 -0.07896483195369215 -3.0011613153723897 -0.9984543377407554 0.022493375214520345 0.05082187763742454 56.07626531989773
0.05274634672923582 0.07748070023533103 0.9955979091039581 39.90346216531442 0.017713634398011286 0.9967558828876049 -0.07850932215737262 -3.0564146570665756 -0.9984507809565983 0.021776723928576686 0.05120268891374194 56.19428651113394
0.056569560446125794 0.07630490504182694 0.995478797100959 40.579464557724734 0.01976241722717646 0.9967941334668144 -0.07752879393510909 -3.14889693675539 -0.9982030280425632 0.024058823552242148 0.05488015483578325 56.267975053508
0.062104659830102674 0.07610785027543882 0.9951639184776739 41.43030100776526 0.024156850010437395 0.9966815543793414 -0.07773149556707483 -3.2056115240731624 -0.9977772071200451 0.028867499788158422 0.0600599612121875 56.27137287055283
0.07181061021746855 0.07636019777077789 0.9944913280576614 42.45302823195916 0.02176222259728382 0.9967077926390984 -0.0781018340565697 -3.2937424711509062 -0.997180816935047 0.02725086845319028 0.06991233933160594 56.21222263108288
0.072404584673952 0.07619464731196243 0.99446093824911 43.18483149972531 0.012640319223036394 0.9969273819752359 -0.07730397186355975 -3.3535327751618706 -0.9972952159128985 0.01816745467160475 0.07121889946067086 56.34175460738541
0.07453555243207712 0.07759460743754247 0.9941952017022331 43.847165525255484 0.014139682906084522 0.9967855978272994 -0.0788568763375311 -3.3830646804891322 -0.9971180953502641 0.01993523407364518 0.07319871120207726 56.44451938817311
0.07790973898847374 0.07967010042082719 0.9937722808996475 44.77517455035697 0.011440362257370877 0.9966646688148798 -0.08079892136740663 -3.459142243241681 -0.9968947648896597 0.017664125555111914 0.07673834072358689 56.568821312937764
0.08477967406188851 0.0878207091151571 0.99252231062207 45.368141835282515 0.006519175865355709 0.9960379559956615 -0.0886886804038223 -3.495362589605096 -0.9963784052269474 0.013989412081558092 0.08387116418501922 56.60639813740211
0.08981921116875884 0.09081337408582042 0.9918094911877976 45.93163823200277 0.006243546425856934 0.9957632618645074 -0.09174085448370049 -3.5308561323902286 -0.995938544423816 0.014432486588609277 0.08887157905322784 56.74027860441611
0.09695354047844632 0.09679142361665456 0.9905715534908124 46.95131636151779 0.0009622028516742317 0.995250366691989 -0.09734281300356087 -3.609863071323247 -0.9952885022221365 0.010390848390991836 0.09639981290475595 56.85530085337826
0.10275566613503309 0.09288233065860182 0.9903609219885646 47.77045251121147 -0.0028496011393019955 0.9956541941848024 -0.09308313931366785 -3.6963870956484532 -0.994702614590228 0.006742674587788649 0.10257368525173248 56.96358303562891
0.11111628893346762 0.09126088298644348 0.9896086268088505 48.51659216849925 0.0010641330135143577 0.9957631821217454 -0.0919479688960819 -3.7536944142714144 -0.993806887359026 0.011269979869082247 0.11054829368111621 57.05861763857877
0.11828025818331277 0.08660233095651676 0.9891968551322774 49.37007960838815 0.003970621059078494 0.9961402876878348 -0.08768502111380566 -3.8455692765013816 -0.9929723739914261 0.014299120045635084 0.11747975815818852 57.13342031326072
0.12482995473798625 0.08305574486844366 0.988696012484209 50.3354576145207 0.001543707624550066 0.9964725882905321 -0.08390395372983721 -3.899202270712557 -0.9921769858625534 0.011999972624078297 0.12426130873114241 57.31665398077306
0.13443904595158046 0.07673973768088817 0.9879462149416863 51.386806063251214 -0.004703981161342388 0.997034897301943 -0.07680563018018831 -3.987450831947166 -0.9909107646105152 0.0056783846591637694 0.13440129478067353 57.39861658268792
0.14313040726346163 0.07433532673033909 0.9869085558357231 52.03064955736759 -0.005146624140232401 0.9972176779984421 -0.0743654483573781 -4.0361297791115565 -0.989690510423154 0.005564699201618877 0.14311464072865204 57.45306888789203
0.15111680947304737 0.07130398628104524 0.9859411886551454 52.77068315881184 -0.002246448092437341 0.9974171920505479 -0.07178965467237229 -4.124672592924498 -0.9885134296010367 0.00863374742791062 0.1508865722516636 57.56244634851617
