0.9999899678408926 -0.0025079281538607145 -0.003711401886331844 -0.0007744853159546878 0.0025041550056302707 0.9999962434742001 -0.0010209048441464654 -0.03312365381339615 0.003713950090991413 0.0010115996607375961 0.9999924915964856 0.9994509611434401
0.995537613414163 -0.023740510003252148 0.09133082714802013 1.258863713405658 0.03136756639377714 0.9960554258530836 -0.08300294813552336 0.25127857309646207 -0.08900002775897 0.08549737750135795 0.9923552870863479 1.0685457574498005
0.9788661403857225 -0.029856081654382843 0.2023109556132059 1.8601763077592608 0.046529341536915444 0.9958538965583339 -0.0781653195374037 0.32446816056750616 -0.1991384425465757 0.0859267769141274 0.9761968261294768 -0.21412595790113542
0.9793686776714756 -0.012695236351759048 0.201682676572141 1.3978914142112002 0.027987580005860123 0.99692774776448 -0.07315414017414827 0.32942640762741504 -0.20013435027001164 0.0772894764934001 0.9767150961281393 -0.9301760042481377
0.9791149086087213 -0.008797118188234572 0.2031174711867289 1.1662556474117638 0.02448988162405473 0.9968919565519914 -0.07487601752849456 0.21265044748900228 -0.2018274915418978 0.07828654038168577 0.9762871737924428 -0.5426820947682132
0.9781436036427458 -0.01925209867557588 0.2070376755166062 0.9124556960129442 0.035655753823995884 0.9964857407470977 -0.07579296416441067 0.23715528521657944 -0.20485093912679728 0.08151847915409573 0.9753925163668636 -0.10263635620221623
0.977051521686758 -0.02701145325274434 0.2112837758741718 0.47068382455570135 0.0445781184043537 0.9958910474299947 -0.07882596353082115 0.2415349816484107 -0.2082864434329315 0.08643565482640687 0.9742408900944504 0.2809021318673297
0.9759593868835622 -0.014694420503955951 0.21745693117320214 0.21422419696421668 0.03267247311649247 0.9963142156985483 -0.07931105758586927 0.23787362656458727 -0.21549002797440298 0.08450921980082973 0.9728421892018725 0.4528833291195409
0.9750741729854295 -0.03219510929714888 0.21953131505615786 0.19395466391232505 0.05050884289538607 0.9956473982621274 -0.0783254263144006 0.3247462003182436 -0.2160541054793585 0.08746136401849539 0.9724561041882704 -0.36994415483653414
0.9747842684532267 -0.0289457989330804 0.2212643524451969 -0.05061760236964982 0.046997652870772975 0.9959412208381516 -0.07676000966582504 0.2904371534329154 -0.21814441633082116 0.08522334710716632 0.972188137574452 -1.0386705411554806
0.9723357022711061 -0.025290963033791438 0.23221493525173098 -0.3136782759815441 0.04423390408662751 0.9960698596415577 -0.07673336859767142 0.2710148675377596 -0.22936164341475365 0.08488236199439134 0.9696329032174346 -0.5660518934021456
0.9686212805775818 -0.030262154959754324 0.246692521864555 -0.5431917827434223 0.05024690621351881 0.9959075483024541 -0.0751214859809492 0.2533941957566061 -0.24340961261100522 0.08515979853860248 0.9661776961352063 0.38395340870286787
0.9678638309825672 -0.017216038135406245 0.2508852747946393 -0.43099452714586417 0.037821550193082795 0.9962713198353609 -0.07754245513399002 0.1878291234393632 -0.24861483434061793 0.08453939837164268 0.9649059794704017 1.1868408179956578
0.9670516100037454 -0.012649364684955484 0.2542664238011196 -0.6575760734804189 0.034462587978755524 0.9960757458118898 -0.08151830739339322 0.09770656997798799 -0.25223747927372836 0.08759507673101269 0.9636924495099757 2.9171596943110414
0.9684029137717105 -0.002275855427828174 0.24938102122862937 -1.1085685328882073 0.0238396877429443 0.9962238896941022 -0.0834833101252922 -0.06923339674065268 -0.24824935431182601 0.0867906336009225 0.9648001949100027 5.621792337166397
0.9670610934883842 0.0010463097020592337 0.25454270860462636 -1.1158847662451477 0.021388230973602297 0.9961210818100049 -0.08535294404040639 -0.27991141750649945 -0.2536446828683989 0.08798571593708264 0.9632874234509403 8.228005448945726
0.9660259741578145 0.0015749439218634216 0.25844070945107556 0.1232914227071944 0.022455819058529437 0.995688008583664 -0.09000535978308585 -0.4168106406239769 -0.2574680836559617 0.09275100011992382 0.9618249362809302 10.211518897135772
0.9709070544251673 -0.011342679099014413 0.23918831978509772 1.6784088381694215 0.03439779453617151 0.9951242138957735 -0.09243629027376857 -0.4718751087526407 -0.2369736186890255 0.09797458711509466 0.966563123237116 11.92104424195113
0.9748643899133865 -0.01797742398738559 0.22207306399444024 2.9257346847891283 0.03899469994544703 0.9951215360962152 -0.09062250401548927 -0.6217167917420309 -0.21936053390558355 0.09700431542245633 0.9708094160544245 13.907982201643605
0.9795007198876083 -0.012028647493449868 0.20108163953170566 5.077784118569429 0.030623427041386368 0.99550499756529 -0.08962073721815639 -0.6652930509653042 -0.19909977277894686 0.09394137899662441 0.9754660748568716 16.036740073027016
0.9817066059700557 -0.011091314964459524 0.19007694774533998 6.171480593594559 0.028266661185906948 0.9957290816586807 -0.08788871389560222 -0.7503569257548082 -0.18829035788155837 0.09165376697713 0.9778272193488489 18.040834838775265
0.9823827160602014 -0.008647470925473919 0.18668017861088002 6.696517435828089 0.02512687997686528 0.9959702655307404 -0.08609155522760004 -0.8573533677002574 -0.18518343267650497 0.0892655443266538 0.9786411753566914 19.85119330917979
0.9835959812646955 -0.01515578559810785 0.1797478353704495 5.983837743075972 0.031028785489979255 0.9958266871266973 -0.08582719670753189 -0.9277571911340933 -0.17769690665468227 0.0899966404674613 0.9799613478037199 21.20679364871475
0.9843960713873819 -0.021268334085098022 0.17467697175551472 5.5983157568511865 0.03663545221626362 0.9956877742973417 -0.08522689546892312 -0.9906423348164624 -0.1721110841039806 0.09029639371856382 0.9809302314231529 22.569157616913216
0.9824716738828951 -0.03175751791090661 0.18368691946284108 6.363820577600232 0.048670392245931074 0.9949031483621649 -0.08831129077882449 -1.2982305179795328 -0.17994613880546442 0.09570346194407636 0.9790096969034118 24.3230678608173
0.9836017351823683 -0.040282607528217794 0.17579797411751766 6.273507689131279 0.05518630221439402 0.9952072119374833 -0.08072790251075905 -1.5084180767575566 -0.17170348114915365 0.08910575325875629 0.9811104795066995 25.38824577786135
0.983493188458496 -0.07291004163872533 0.16560591575069067 7.478391151532626 0.08708316063753828 0.9929842351227146 -0.0799921225096453 -1.525631656651892 -0.15861184065172465 0.0930931989227969 0.9829423407473215 25.733256384393297
0.9840311784231199 -0.06095930032014131 0.16723246787211218 8.017475052994428 0.07499158852831621 0.994056689669366 -0.0789144232857042 -1.518326938691871 -0.16142799151424794 0.09019528340568995 0.9827540626573892 26.322545869642738
0.9840916517064869 -0.07898272118076882 0.15913978288556369 8.32999404055332 0.09230552289226113 0.9926605196422295 -0.07813295241022288 -1.5178122106157503 -0.15180063143955463 0.09157947039851286 0.9841592916625961 27.656929800036398
0.9838991564885674 -0.07921375331770182 0.160211609769461 8.432444084620807 0.09173649698890865 0.9931529296120961 -0.07232985080602372 -1.997580178102509 -0.153385121713238 0.08586253456234157 0.9844289421462856 30.040625421524858
0.9862011838658994 -0.03018658388249254 0.16277623526007767 8.703777917173596 0.043598035686480026 0.99588423218374 -0.07945929908746498 -2.254811899335643 -0.15970768285078987 0.08545958115892673 0.9834581241827903 32.591454770179936
0.986153999749278 -0.03148337153226932 0.1628164402539611 9.625139131579791 0.04497474041545092 0.9957916537234691 -0.07985150184832651 -2.1652814139050705 -0.15961725347757075 0.08606850714909572 0.9834197207408382 32.98353494232886
0.9848103551892494 -0.03440379262022702 0.17019118650824133 9.827731476974034 0.048894451053558496 0.9954570839170364 -0.08169788240461107 -1.982369607315841 -0.16660729544571679 0.08877832633888394 0.9820184595397324 33.131608652592206
0.9848195296432101 -0.046682492990720525 0.16718652373216566 10.194270465998859 0.06033389769158058 0.9951631071212828 -0.07752601479936869 -2.110891938486898 -0.16275874030795412 0.0864361527517921 0.9828724250712872 33.1866905901179
0.9821579173942009 -0.04856557630764135 0.18167908854209638 10.197686131572492 0.06383948423067996 0.9948135017568361 -0.0791877793926126 -2.1471803874424022 -0.17689099669243794 0.08937321145006373 0.9801641581844903 33.115217661660864
0.9827149097326772 -0.04550250602061666 0.17944637779865302 9.851507756725818 0.06027606061075488 0.9951489672959623 -0.07775255646345669 -2.199609297280304 -0.17503791948375994 0.0872249254312345 0.9806902465998234 32.469767623497006
0.9800232005377113 -0.07716511564191483 0.1833033008811624 9.193866668147265 0.09240844294916786 0.992807693370825 -0.07611593738775185 -1.9900896994244446 -0.17611140899682218 0.09153416400608672 0.9801051483697483 30.82044898283307
0.9779699065711626 -0.1006064569427815 0.18290234124679913 7.6069823604395355 0.11542034540843707 0.9906883489346917 -0.0722132673406297 -1.8083064298898768 -0.17393407951627457 0.09173305452854079 0.9804753168107873 28.69431479945649
0.9812751126928946 -0.08779385361274607 0.1714394644436502 6.974723720258219 0.10193388938041996 0.9919234655960139 -0.07548086392856235 -1.5671545159001252 -0.1634280594658899 0.09154298641240559 0.9822988253657505 27.301387060346464
0.9801665817970494 -0.09091623820244385 0.17609050287272798 6.457048821848801 0.10543232568652562 0.9916020657042578 -0.07489616476313911 -1.572332850874737 -0.16780241444557398 0.09197634704969485 0.9815205458351611 27.096487629926113
0.9786473469279912 -0.09439099617292708 0.18259221483451057 5.996788484488232 0.1098035134732969 0.9910276221669013 -0.07620707575598566 -1.5853174689050777 -0.17376065487236947 0.09462911503210698 0.980230811959812 27.36731563067277
0.9782605731887085 -0.09796900086581387 0.18277994549095444 6.441394879749534 0.11272811554624808 0.991001984540577 -0.07216320640720474 -1.7334972388286134 -0.1740655152882946 0.09119885603380196 0.9805018377860922 28.441654264227978
0.9830971898660237 -0.09629678596521175 0.1557144371659113 7.669905055028451 0.10782240676592553 0.9918876387682335 -0.06733038363907061 -2.0067894196676925 -0.1479675094825171 0.08298182072073841 0.9855046975476437 29.927534015422278
0.9801767676059664 -0.09204260273043596 0.17544743430663606 7.380678971847042 0.10521298300382538 0.9921707421546898 -0.0672870468038818 -2.0650055563709104 -0.16788052070882953 0.08441255129064278 0.982186594523705 30.58127402153074
0.9793007478371804 -0.06837778712806633 0.19051153774272633 7.516074317860941 0.08329154866928808 0.9939641406274261 -0.07139936716765688 -2.17725535733016 -0.1844794883151526 0.0857894562440203 0.9790849606867297 31.657064724708302
0.9767025965568384 -0.06141317955980405 0.20562247552798432 7.335231966293326 0.07807065817693881 0.9942055012399298 -0.07389508219378425 -2.16885682570684 -0.19989284210679245 0.08822660103703649 0.9758374927010022 32.32062132374596
0.9782571969465422 -0.05676644143870999 0.19947579361544343 7.150494585091237 0.07321368341570947 0.9944115470599832 -0.07606235798420348 -2.153764909010147 -0.1940432323170762 0.08901290585063698 0.9769461504369384 32.503289552370276
0.9789622800475378 -0.0622809398865501 0.1943042092392499 7.371813709613173 0.07840950811138327 0.9939860088952368 -0.07644486033897938 -2.0500058924731817 -0.18837459754052654 0.09007192951103844 0.9779580426364525 33.56177853173503
0.97502521432675 -0.07588734381454389 0.20872737989761087 7.769572957381979 0.09234989636535919 0.9932434795503966 -0.07027759929310853 -2.0136861985398733 -0.2019839138531301 0.08779838134910828 0.9754454503230576 34.95004400175476
0.972235384140889 -0.07684254854709421 0.22102887802049903 8.265945349198203 0.09290168163282896 0.993668306081548 -0.06318762795534606 -2.091718908318768 -0.21477387416900381 0.08196720452161865 0.973218070371601 36.00138524755234
0.9717641745054401 -0.07012196094697008 0.22529425435206912 7.85498571896502 0.08596524323994094 0.994411313087119 -0.06128813845859945 -2.1359557442758605 -0.21973749111522276 0.07892509526011167 0.9723611070510574 36.229398579225574
0.9719109098756826 -0.06591335163914966 0.22593108613984306 7.718810622868866 0.0815411220954626 0.9948296086085859 -0.06054122125218924 -2.1888375221011733 -0.2207724389641315 0.0772633491167324 0.9722601423146254 36.720696911884076
0.9701027378898243 -0.06296907492723551 0.23438402573904593 7.21232660440257 0.07800642761310406 0.9954102698673286 -0.055439671302782934 -2.2298643369340745 -0.22981726370796307 0.07206563918546417 0.9705619193976994 36.81488678617382
0.9685180472431416 -0.05859085863898694 0.24195093310592422 6.030119409871225 0.07468787752506309 0.9955249920468001 -0.05789552957548277 -2.198788174991669 -0.23747604332512523 0.07414366805508801 0.9685595840561799 36.60770680778506
0.9656137007330157 -0.05281255351658544 0.254561173374222 4.508864445168708 0.06977923700802718 0.9958702463354182 -0.058081586875678604 -2.178479544789069 -0.25044245697201856 0.07384746032274117 0.9653107927162112 36.17941347881837
0.9648395273394464 -0.049754902570928704 0.25808809082015916 3.0463380800000346 0.06665312238090067 0.9961389222514612 -0.057138469094920825 -2.170673296631634 -0.25424865155606446 0.07233183272727021 0.964430173134689 35.86278848058729
0.9568555948527689 -0.04885203366784549 0.28642835909943337 1.7228059490641088 0.06770019970330184 0.9961178059826123 -0.05626858098652278 -2.2327543163547854 -0.28256752465666735 0.07323216148151593 0.9564478613559675 36.63959214946303
0.9491962131824193 -0.03262175623131711 0.3129900201853964 0.15859987760929406 0.05214951339363407 0.9971663198649197 -0.054221497850982764 -2.3042793951346177 -0.3103342604336099 0.06778911669491898 0.9482073438157861 37.48736519493061
0.9327666325353589 -0.01860383305633974 0.3600010148679277 -1.0717698785507055 0.04027421542905629 0.997793414880709 -0.052787753348401516 -2.4063304385419295 -0.3582245273735734 0.0637374131073259 0.9314572512525245 39.548856643486616
0.9181356923781523 -0.034534558879698835 0.3947589672970736 -1.4846968832041019 0.058262565318291236 0.9971335016704227 -0.04827593493476122 -2.5321280595856437 -0.3919601264666382 0.06732353168428883 0.9175154777745285 41.13270875398435
0.9100965074234554 -0.031597845041554634 0.4131904218858598 -1.7612328462171118 0.0545947384919555 0.9975403430600759 -0.04396603050795956 -2.59423695209299 -0.4107847737767571 0.06257135854430265 0.9095826440335157 41.78536331668226
0.8958090395279988 -0.029189106763483994 0.4434800359077927 -2.5784845416450857 0.05149901136921084 0.9979368810644286 -0.03834305986496887 -2.6629691790641257 -0.4414457606730167 0.05718685203130863 0.8954636577350974 42.37000930798615
0.8805259521029222 -0.02419830427065113 0.47338021413316733 -3.0577370123155125 0.04698150283129222 0.9982338861314822 -0.03636158234112834 -2.704569578617672 -0.4716641512460723 0.05425744194129728 0.8801073108657842 42.93804013878971
0.8849098973195644 -0.025081622786734453 0.4650867705337007 -2.7466998729156864 0.048440053123321294 0.998090160229324 -0.03833983793193513 -2.703885544100305 -0.4632367683860328 0.05645614207975555 0.8844343981901582 42.90720017280571
0.8947266422321493 -0.024666673538927125 0.44593286607048743 -3.6029004568314154 0.045440046716400014 0.9983201714554291 -0.035949744536259105 -2.7268406850221316 -0.4442968824190754 0.05242841725719331 0.8943440998676851 42.751741354659025
0.9071664968909511 -0.01931728815551264 0.42032862042150954 -4.416785357514101 0.039735646535905875 0.9984144759735205 -0.03987398213917222 -2.577777804504834 -0.41889180852963886 0.0528743806056614 0.9064953396524593 41.956226481909596
0.8896050519466507 -0.01406917493295495 0.45651431990712027 -5.261514987337404 0.03794399720364776 0.998346979970597 -0.04317332684527118 -2.5729823217501417 -0.45515213637700175 0.055729195405729105 0.888667929247183 41.98027961616575
0.8741090789232291 -0.009813298189182825 0.48563094731404977 -6.089680882653476 0.03687015858604864 0.9982520761015276 -0.046192242385503894 -2.540762677726688 -0.4843286647740879 0.05828235525332153 0.8729425882591055 41.9960791046301
0.8663198277996799 -0.0071039607062435995 0.4994396092241793 -6.699421048940328 0.037900915189423276 0.9979512727210671 -0.051547564907443166 -2.5003587666116505 -0.49805004349436 0.06358589839786746 0.8648137850442168 42.17283822891646
0.8561072633619621 -0.00803148644248887 0.5167361699781013 -6.230562023774554 0.03951027244328069 0.9979701818542346 -0.04994780510297444 -2.548376419249529 -0.5152859557727116 0.06317706642489473 0.8546864727466063 42.45495842367864
0.8472558355165549 -0.008842463453054509 0.5311118730612492 -6.4701233714489605 0.04095211164403384 0.9979730488982784 -0.04871358478970049 -2.51886205113147 -0.5296044272371833 0.06302301988150015 0.8459002224402717 42.269717055287686
0.8399736348699749 -0.010478275728731577 0.542526490058489 -6.6794123519609325 0.04289737918598288 0.9979667915908391 -0.04714181098394339 -2.600048187128276 -0.5409293230146124 0.06287083891947462 0.8387148862757933 42.77129915567957
0.8383425812997055 -0.011036404986566276 0.545032531778665 -6.266400840808024 0.042250157903343605 0.9981033452895778 -0.044776443448543216 -2.6256077798367796 -0.5435044791629744 0.06056570481932816 0.83721840752238 42.943350883008684
0.8388516402833819 -0.013477015821277138 0.5441937794026119 -5.558769921716779 0.04278276715561013 0.9982336123974135 -0.041226432645752355 -2.6183158745303174 -0.5426767684313734 0.05786497270396548 0.8379460430601918 42.40118518597272
0.839918370664926 -0.013298035165582398 0.5425503519573007 -5.086991755961264 0.04492736845040349 0.997972267944621 -0.045091180627681825 -2.543766516977582 -0.5408504326013133 0.062248263503739916 0.8388122487774284 41.07096740173984
0.8296737274160656 -0.003177325932682721 0.558240111413276 -4.835041953117498 0.033209035186159225 0.9984939543903422 -0.04367315399444107 -2.529303155758669 -0.5572604596882694 0.05477307953555183 0.8285292489152108 40.29958150143313
0.8264420486528571 -0.00334103665582935 0.563012417328621 -3.9075762770354308 0.03312400603860333 0.9985390070862405 -0.042696926632545 -2.5485939192305347 -0.5620470403098915 0.053935758734737445 0.8253448301345864 39.84420109428055
0.8250336505642499 -0.00672869139130399 0.5650440922158163 -3.1418883053297746 0.038705280565576525 0.9982538595370394 -0.04462695611743149 -2.490312922024124 -0.5637570112432029 0.05868892675525895 0.8238529320395855 39.513329889858795
0.8176893379272698 -0.004944309906373281 0.5756390325773703 -3.0222560403221452 0.039109954973453216 0.998130014006559 -0.046982067275195535 -2.290314900179305 -0.5743301292753331 0.06092994791476372 0.8163531349637376 37.5519807353984
0.807832017549683 0.00543001538319117 0.5893882548391562 -3.4959882320382616 0.026157986491616173 0.9986422920248538 -0.04505330128496922 -2.261667726803777 -0.5888324658558636 0.05181271052808327 0.8065926867527773 37.154900406749476
0.795853978265029 0.00583848323268882 0.605460941471685 -3.218893051887944 0.02461156866142188 0.9988154247131578 -0.04198250410991845 -2.3281136303242085 -0.6049886050400282 0.048313289169368175 0.7947670319644324 37.283597091450524
0.7704996784443373 0.00898287615518042 0.6373775492664923 -3.3981829570527804 0.02047060122102227 0.9990365706560231 -0.03882596632151038 -2.384635737534124 -0.637111948764862 0.042962902683978905 0.7695729902913544 37.53123271340456
0.7462470897502269 0.010307167189036218 0.6655897101874101 -3.2423631415774747 0.018311373805329056 0.9991841723401302 -0.03600349292442824 -2.4647224161080423 -0.6654174700740222 0.03905537093408084 0.7454490833191203 37.571554443730165
0.7188629373805776 0.01750949589113126 0.6949317726599544 -3.4300613252777263 0.01360964703669066 0.9991369281144645 -0.03925254696926097 -2.3775302857545686 -0.6950189383879556 0.03767498296074873 0.7180037569507511 37.71079591897147
0.6934880281592847 0.01164287715974861 0.7203745399108054 -2.8728302129381236 0.020560622299735917 0.9991426774170838 -0.03594161869710135 -2.4156113591423236 -0.7201750380865036 0.03973643657042492 0.6926536377615891 37.88966519462591
0.6596078244297582 0.01570557255302212 0.751446298853343 -2.356211835979722 0.021732256386209358 0.99896541085416 -0.03995505365568729 -2.406868739001833 -0.7512959950774671 0.04268529196328198 0.6585836569372346 38.25963443975426
0.6289364591071396 0.018971097752512975 0.7772256619682533 -1.9598153294429093 0.014486996366294025 0.9992429824743405 -0.036113224574072095 -2.4642377444541927 -0.7773219787578031 0.033972594870168474 0.6281851224174174 38.411327041155246
0.6006313414724428 0.026772436938632856 0.7990781981615313 -1.9176252807398284 0.009640367417249433 0.9991243448255936 -0.04072103289150433 -2.3859882467443 -0.7994682260942528 0.03216174209453665 0.5998469349272562 38.2314695704912
0.5593985867780019 0.024115585342880316 0.8285483801027488 -0.7580243789323888 0.013527970312351877 0.9991782349040824 -0.03821537391711589 -2.356934858954525 -0.8287886306912364 0.03258620866817379 0.5586123268625196 38.782935994747305
0.5310637286798674 0.022978193464785447 0.8470207310938355 -0.6517268669886339 0.019466062172817836 0.9990378621352317 -0.03930694386728328 -2.3245283518440223 -0.8471084675296965 0.03736265194757597 0.5301051653914933 38.53954554549307
0.4734601464796936 0.01762782937558477 0.8806393045100548 -0.28143095690490916 0.022610732950258772 0.9992273199228505 -0.0321578680389472 -2.348023633613754 -0.8805251814702502 0.03513737060737898 0.47269547043288035 38.95558026581047
0.4542762502367125 0.020196192734288364 0.8906323697774415 -0.10991157109036884 0.024099209065810066 0.9990988465142088 -0.034947845250108356 -2.281678383042108 -0.8905350594852457 0.03733951236694313 0.4533798920720722 38.28650445172403
0.4160995796190109 0.008192984428529703 0.9092825874642022 1.1781630756167187 0.036295246982320443 0.9990131839595641 -0.025610661310716626 -2.3353345689653744 -0.9085945825907751 0.04365921845439757 0.4153913632519418 38.62133092707744
0.36555451106931597 4.994451678906782e-05 0.9307903771976591 1.9881325703751758 0.045947624076703664 0.9987801515496136 -0.018098853147242768 -2.393949149008535 -0.9296552927891862 0.04938371647377815 0.36510611386240827 38.965433678152536
0.31730053841888717 -0.005163182906209143 0.9483114213879043 3.014728501641037 0.0551367012838343 0.998394292269261 -0.0130126102943168 -2.3609862817390472 -0.9467209292062677 0.0564156605529632 0.31707558256800866 39.14022464427156
0.2622396305253743 -0.01430803217452602 0.9648971646717633 3.3141072895266364 0.06297815473298926 0.9980124939409268 -0.0023171050511553177 -2.440383528889216 -0.9629456321158434 0.061375064236394966 0.2626194219305185 39.312737562623674
0.1917711881984228 -0.01751561758316823 0.9812838021244983 4.0965497924320005 0.06655789672600165 0.997771290870091 0.004802583789878774 -2.4348003447031137 -0.979180244540632 0.064391172887289 0.19250954318077 39.731857624766214
0.13215423327764533 -0.017029286656110382 0.9910833378553856 4.150870558168749 0.06920132527233999 0.9975716382628537 0.007913248942650287 -2.4385444749550103 -0.9888106746875922 0.06753849282917034 0.13301175710271315 39.69012907994473
0.07372843330628352 -0.018358281543773395 0.9971098033225267 5.3386736871575575 0.06825851025031424 0.9975790331287296 0.013319744500976883 -2.4365033386949 -0.9949396822781011 0.06707916917520138 0.07480308153792779 39.9916417858427
0.027030735444074548 -0.0184985313895691 0.999463859850167 6.109236057079352 0.07382597512142947 0.9971355851569508 0.01645880229929263 -2.4173665438281775 -0.9969047963893591 0.07334147810248111 0.028319044912286786 39.812323155191585
