0.9999899678408926 -0.0025079281538607145 -0.003711401886331844 -0.0007744853159546878 0.0025041550056302707 0.9999962434742001 -0.0010209048441464654 -0.03312365381339615 0.003713950090991413 0.0010115996607375961 0.9999924915964856 0.9994509611434401
0.9999891655113387 0.00014791238831841176 -0.004652630188197387 -0.060422112179853174 -0.00015869808886561713 0.9999972012403626 -0.0023178289827929526 -0.040961243820464406 0.004652276308801098 0.00231854121756682 0.9999863902579615 1.8566697114136104
0.9999787899196707 0.00010466739804580533 -0.006512198808077797 -0.13438736174445443 -0.00013117806673637215 0.999991606585456 -0.00407057235828727 -0.027593442312613608 0.006511720441327221 0.004071339261855298 0.9999704104159132 2.7138179145274446
0.9999437412559122 0.000689820473961015 -0.010584820530501877 -0.16881476055423575 -0.0007309251515806841 0.9999921058692602 -0.003879942797840068 -0.04224905313473571 0.010582063671715849 0.0038874602103173635 0.9999363517835685 3.572433286374914
0.9998884970749873 -0.0007821732957591353 -0.01491246279950197 -0.18823452717222194 0.0007225751041784132 0.9999916329673917 -0.004001485740319057 -0.054063949017828565 0.014915471911465519 0.003990263168705879 0.9998806961658644 4.432568157368677
0.9998141767160617 -0.0005351200583755924 -0.01926980980090354 -0.2249651915594219 0.00043646096770995807 0.9999866784953527 -0.005123704107179063 -0.07047010477387528 0.019272299795492564 0.005114340462427209 0.9998010912608915 5.291024051325724
0.9997111807016246 0.00192903334027811 -0.02395482923143403 -0.2562958337616316 -0.0020703957572227824 0.9999804823689712 -0.0058777850298681955 -0.07936876938577585 0.023943029080974565 0.0059256823659343694 0.9996956625891932 6.150945619845622
0.9996332983646968 0.0001596543557234258 -0.0270784620592596 -0.30407828591223146 -0.0002769657639971372 0.9999904933536704 -0.004328568038249178 -0.0961814830292765 0.0270775200209077 0.004334479528142024 0.9996238394472463 7.0088973803680705
0.9995165092118299 -0.0010669836601431449 -0.031074251416810483 -0.3542006489593647 0.0010287718455195892 0.9999985949944035 -0.0012456483069368896 -0.11579598392079896 0.031075544106084572 0.00121307670706758 0.999516202599633 7.8675184383752255
0.9994018524266364 -0.0011061116475908532 -0.0345646289196574 -0.38561713102385736 0.0011454545967872307 0.9999986184793668 0.0011184678334237043 -0.12109979894891613 0.03456335197829856 -0.0011573920642503276 0.9994017387704318 8.727526316120002
0.99931118016427 0.0006618306298604671 -0.037104269637248756 -0.41763550880037936 -0.0006432846618848229 0.9999995621324688 0.0005117804576679348 -0.12408300956939501 0.03710460057107421 -0.00048756035298844593 0.9993111683832316 9.586058036993371
0.999230136410163 0.0011399182467205472 -0.03921523537355649 -0.4549648935268442 -0.001125601104061301 0.9999991915569739 0.00038717935154879656 -0.12819059957143197 0.039215653913751675 -0.00034274159211806734 0.9992306117242189 10.44567034143134
0.9990998046098734 -0.004689452423436587 -0.042161463675632956 -0.4939339287517217 0.004651863049186985 0.9999885903421021 -0.0009896255507367221 -0.10466414092840354 0.042165632909819964 0.0007926043103651105 0.9991102199567412 11.304822272234642
0.9989959341913823 -0.006877152414804132 -0.04426994187936843 -0.5692835470185087 0.00685924399803655 0.9999762202995134 -0.0005564286234096437 -0.08563026534765218 0.04427272569950821 0.00025221056960787454 0.9990193504798566 12.160894329341245
0.9988380346714747 -0.009422904562547003 -0.047262974998463894 -0.582362593779848 0.009375033126427687 0.9999551914345451 -0.0012344594821765821 -0.07904350480816671 0.04727249990750345 0.000789932096124234 0.9988816182631911 13.016639930470323
0.998733121837535 -0.007634612317777081 -0.049737947621784684 -0.6169559405204498 0.007479353106541725 0.9999664611992919 -0.0033069269836121305 -0.08860535222907724 0.04976153757431241 0.002930728805522611 0.998756727536945 13.879560829881651
0.9987056698466643 -0.006823262604383816 -0.05040265355020628 -0.6798633509193899 0.006547202815643033 0.9999625606126508 -0.005640170516719751 -0.1014885866684338 0.05043926200309742 0.005302872847056442 0.9987129522498696 14.747914092146926
0.9986446070295097 -0.004120135597934826 -0.05188422386124374 -0.7493569612200909 0.0037297088877322154 0.9999639153322569 -0.007619535449662567 -0.1159775621067247 0.0519137565823376 0.007415693901906288 0.9986239382239231 15.6266660964221
0.9986212285317108 -0.004144375682678679 -0.052330348918300254 -0.8188576672405505 0.0038000944022940474 0.9999703894836396 -0.006676784562474479 -0.13526143036357519 0.05235648200892678 0.006468717504179663 0.9986074079086361 16.515667182210596
0.9985411799683286 -0.00549608843761139 -0.05371502794562144 -0.8798295777133445 0.0052001882659301136 0.9999704347299024 -0.0056469213834461655 -0.1494118447256615 0.053744487619271024 0.0053593542507043915 0.9985402385741399 17.415213320273875
0.9984887768933206 -0.00540120991406908 -0.05468993174584081 -0.9461677883334758 0.005171166215646575 0.999977081194662 -0.0043469685683297996 -0.15419710709486956 0.05471216919526625 0.004057587568616118 0.9984938233308761 18.31893414752692
0.9984345569590566 -0.005921929753956701 -0.05561803196356717 -0.9862630610212768 0.005702874773002851 0.9999752478377744 -0.004096454774929822 -0.17539178269208708 0.055640926387835014 0.0037728583036240057 0.998443615623229 19.230852426748708
0.9983284944140766 -0.008041745729767678 -0.057232392782706955 -1.0684947636208348 0.007760977007966602 0.9999566429065099 -0.005126359306447277 -0.16434763193482987 0.057271148729580015 0.0046736102499599025 0.9983476216512146 20.142183356576723
0.9981509358833202 -0.008822160526005438 -0.06014048403081161 -1.0771464625219853 0.00850000445264562 0.9999480349639613 -0.005610464825793227 -0.18823898974793613 0.060186868331536525 0.005088895299899202 0.9981740553956446 21.06033897849863
0.9982623877389302 -0.009268436944912032 -0.0581919280639123 -1.1718400275982412 0.00908006497325518 0.9999525477135863 -0.0035006796628901933 -0.20235012968397487 0.0582216252422774 0.002966209317175476 0.998299175973872 21.984087147226333
0.9982766775354639 -0.011844945488609464 -0.05747496457891836 -1.2659186385779935 0.011781469797217134 0.9999294546562527 -0.0014431570729151722 -0.17718482882368097 0.05748801664845835 0.0007635294547779779 0.9983458046911022 22.915154889012694
0.9983242293650175 -0.012926461929446102 -0.05640601798445091 -1.32524164428009 0.013091044671044254 0.9999109589469469 0.0025492639823064865 -0.17998335471045676 0.05636805489075321 -0.0032834067352365296 0.9984045584773218 23.850604596266848
0.9984088039565476 -0.014173542477360523 -0.05457994260015109 -1.3925198784470416 0.014491903416194857 0.9998800800447827 0.005441533385281498 -0.1882658263874768 0.054496283519469974 -0.006223843128422455 0.9984944764895751 24.792175841764838
0.998476431148212 -0.01511938369869102 -0.053068069188874786 -1.455768706495053 0.015465454348013306 0.9998615937073562 0.006116631029475806 -0.18823914769064098 0.05296825618558475 -0.006928034754771897 0.998572063927999 25.7369418651826
0.9986326892815109 -0.014016397114502255 -0.0503616110454773 -1.5084702657893723 0.014217645245935676 0.9998921986548291 0.003640007646133637 -0.1975853249294693 0.050305173312899285 -0.004351055176138398 0.9987243155532212 26.684860119953598
0.9986561158883553 -0.014257633759497533 -0.04982651348225264 -1.5644727415874984 0.014217889085555636 0.9998981570420613 -0.001152044362484894 -0.1899901635299942 0.04983787544366411 0.0004420672746805392 0.9987571233027576 27.636487635392243
0.9988038795237535 -0.010949528928690302 -0.04765414455754488 -1.6165824592251556 0.010759927872364457 0.9999330488276402 -0.0042334192151836335 -0.2247690658156743 0.04769731858799381 0.0037155993467195367 0.998854824620799 28.59447617686618
0.998790635197634 -0.012768850806387597 -0.047478657476740994 -1.6277366339712387 0.012627883005818751 0.9999148251816566 -0.003267871166966742 -0.2460414335909357 0.047516350999434014 0.0026643631559650593 0.9988668069879247 29.564048213949064
0.9988901440997131 -0.014029218303044504 -0.04496287941565218 -1.7576011979079338 0.014165182655403594 0.9998959052899644 0.0027066970831616435 -0.3005428413092684 0.04492023620592062 -0.003340601468986408 0.998984891410057 30.53087435858273
0.9987594854558726 -0.0186738176172153 -0.04616035275886288 -1.820044411008149 0.01899080810937208 0.9997988297861405 0.006438106173627739 -0.3074194663754063 0.046030852906257726 -0.007306743041036464 0.9989131957392914 31.50969015106325
0.9985238240274701 -0.02647312211249334 -0.047427270452651785 -1.8449334806496893 0.026761818248871617 0.9996268142166739 0.005462370914005524 -0.31930339493212756 0.047264975759820284 -0.006723548515848026 0.9988596580708514 32.48992029677432
0.9984718012014238 -0.028062532929358612 -0.04760835807322183 -1.9099280205172664 0.02816134291497823 0.9996023021984751 0.00140582362214921 -0.32612827781288367 0.04754998392022259 -0.002744391572252092 0.9988649898267156 33.468310442397595
0.9984573512175261 -0.026846598771462452 -0.04860223485261114 -1.9779425033358298 0.026755878102509293 0.9996387302126404 -0.0025163812241909716 -0.33475120337967357 0.048652243387629766 0.0012121028294279595 0.9988149431165293 34.45175422510465
0.9983588293920521 -0.026426482178651515 -0.05080637822991566 -2.025934678827755 0.026297359293763062 0.99964891589063 -0.0032084230303833718 -0.33445476042993894 0.05087333947274899 0.0018670828462794033 0.9987032682197582 35.463969444126235
0.9981374973744137 -0.029016928172201275 -0.05366147012481899 -2.069555913439818 0.02895988719336194 0.9995787801817819 -0.001840460350876687 -0.33441031890973283 0.053692283140996694 0.00028300133451475483 0.9985573891017728 36.523520097890064
0.9981904726892443 -0.024925613857727756 -0.05472196253739784 -2.1297356181690934 0.025030720024375532 0.9996858183195927 0.0012360462665889464 -0.34403265486434526 0.0546739726696961 -0.0026035407635520125 0.9985007656510294 37.566374558029544
0.9981914438675575 -0.024427778516893445 -0.054928355188153796 -2.2200042725894145 0.024609602852689393 0.9996935622688917 0.0026361152379635825 -0.3581477246337734 0.054847140645955014 -0.003983113715146837 0.998486718335695 38.608919929986044
0.9981492948997746 -0.023651506716586772 -0.056023124500671075 -2.2793219248757524 0.023986364116371804 0.9996980722545014 0.005312132734781788 -0.36772353701737637 0.055880581847039416 -0.006646093640181384 0.9984152396508178 39.642237018585035
0.9981075104626778 -0.02568205169061599 -0.05587332925059247 -2.372001991516137 0.02615497108066921 0.9996277640990711 0.007749247223170466 -0.34180651769683534 0.05565352680440338 -0.009195948197852905 0.9984076924012245 40.675643240243694
0.9981876948674837 -0.021354678340713584 -0.056261022912960784 -2.460165777356235 0.02198219696877926 0.9997025068988453 0.010558445732363773 -0.33811591163691523 0.056018825688949586 -0.011776052527638723 0.9983601637307618 41.69761806525814
0.9981954923084196 -0.021451921188008097 -0.05608541153590805 -2.52331819860956 0.022044249433177187 0.9997072437922547 0.00996382645344913 -0.3419458769764694 0.05585526118535579 -0.011182208486722273 0.9983761559528866 42.720524793694075
0.998230464913763 -0.020944792063859425 -0.05565297649437992 -2.5755130412702756 0.02143595463616877 0.999736140743585 0.008243106203691987 -0.34067553720361937 0.05546565393911585 -0.009421495450730717 0.9984160442458043 43.73169728581641
0.9982875115855977 -0.018867904200312525 -0.055371884694742315 -2.6432439428787537 0.019235059281122152 0.9997962488185324 0.006105193746525933 -0.3466444121892677 0.055245422495371135 -0.007159821190713784 0.998447034646645 44.73731503366822
0.9982107164129325 -0.019646839700439213 -0.05647447659750052 -2.7398468745095386 0.020000986385575587 0.9997835407609592 0.005712461918071873 -0.34739688381724476 0.05635003267070119 -0.006831786974757264 0.9983876007202225 45.73631069380579
0.9980895821985756 -0.022058228337070038 -0.057711520501387815 -2.806069134348229 0.022495199230747578 0.999722812369055 0.0069328573872779065 -0.35704071114323305 0.057542609588432735 -0.008217845918531788 0.9983091284215901 46.73576882460118
0.9980072764752785 -0.02173917199217331 -0.05923583034338758 -2.8205583000028014 0.022250879505624953 0.9997203700805749 0.007992501119709672 -0.3732939905321578 0.05904552873527498 -0.009294624632375941 0.9982119195488451 47.73315911613515
0.9979059697047995 -0.022211804739577852 -0.0607479251278649 -2.873757124121175 0.02253739742135606 0.9997349479969072 0.004679695180496695 -0.3647093900007169 0.06062789246709112 -0.006038996922934452 0.9981420690691712 48.72072633286902
0.9978590105118207 -0.021021938753340585 -0.061931189711187704 -2.9273391301992024 0.021087237530496423 0.9997774591376277 0.00040085709661027963 -0.37574341874986905 0.06190899412611869 -0.0017059576089591 0.998080240789564 49.699739731357276
0.9979097292510393 -0.01806083529375914 -0.06204818724538484 -2.995039024095829 0.018051735602577768 0.9998367039774453 -0.0007073009808397308 -0.40345951890474113 0.06205084292624091 -0.00041425597572121523 0.9980728040503325 50.681504991351744
0.9979362815123943 -0.01825053082274795 -0.06156374926426709 -3.0698324225351707 0.018449730041107577 0.9998261277086943 0.0026686816536988945 -0.4253767468124897 0.06150435352583018 -0.003799009835341661 0.9980994854796624 51.66197653498194
0.9978520552723492 -0.02077889724100522 -0.06212497277651422 -3.1167604547934435 0.021170156369606306 0.9997598433698094 0.0056462489728040174 -0.4348965343624977 0.06199274367246158 -0.006949317565423271 0.9980523070611397 52.639950828120185
0.9976477194139701 -0.026358772032640792 -0.06327908049802008 -3.1816942828559944 0.026799162664829537 0.9996219997843869 0.006120664961040678 -0.4228116639862762 0.06309384144726639 -0.0078020948467465824 0.9979770014543266 53.61030306679625
0.9975033644091656 -0.02973129979237675 -0.06405534085035094 -3.231755697558473 0.03008905763173998 0.9995364102066085 0.004627464983244647 -0.43057333386101865 0.06388807872548456 -0.006543277767706651 0.9979355188970793 54.57440032492667
0.997328306840811 -0.030471381044350754 -0.06639082860822504 -3.238502412733047 0.03073837269439008 0.9995228521052929 0.003003452026327797 -0.4552093993131024 0.06626764533425403 -0.0050361747938306054 0.9977890744804973 55.53991231268285
0.9971857082475881 -0.03204177858425739 -0.06777895281708693 -3.279130351366656 0.03239049107333989 0.9994669773998511 0.004051833352799717 -0.4561624082780555 0.06761301172694911 -0.00623582491467349 0.9976920347489543 56.50006200287049
0.9969970382737712 -0.03554991333769409 -0.06879758725942114 -3.356150379991472 0.03617998852745668 0.9993136970520136 0.007933696133762318 -0.4538565675067144 0.06846834380563324 -0.010398968502783624 0.9975989918063011 57.461312995959695
0.9968693439593732 -0.03761504299092705 -0.06954579959416758 -3.4271267822553066 0.038602736243557687 0.9991711041240459 0.012912539751125898 -0.4663244178946399 0.06900246248159404 -0.015556774226320414 0.9974950867427832 58.42264893976196
0.9969109004179427 -0.036004109935249724 -0.06980228747767943 -3.4955609435237074 0.03715807168237774 0.9991921057653189 0.01530404209201946 -0.47436327435418724 0.06919490108915421 -0.01785048582088165 0.9974433452374815 59.374495860019266
0.9969033478687049 -0.033712013813649105 -0.07104374544760104 -3.57992381940248 0.0346389673916544 0.9993294651307746 0.011855895201760008 -0.48615801140069875 0.07059643720621633 -0.014280064638228054 0.997402638848399 60.31427836084008
0.996912811329155 -0.030707240050626895 -0.07226278883422255 -3.65124690323769 0.031075361711486924 0.9995090395512569 0.003975161947969242 -0.4881267003397457 0.07210525987960145 -0.006208483212540214 0.9973776052415635 61.23886068863564
0.9968805109034058 -0.028957719612258827 -0.07342135978901161 -3.710318380610381 0.02900482080762399 0.9995790814088342 -0.00042488556604822414 -0.5101166122943736 0.07340277481734647 -0.001706014282567147 0.9973008189102205 62.154249876533335
0.9969442927929564 -0.023386258067064222 -0.07453293660152822 -3.7788713723589153 0.023529542061807886 0.999722496091718 0.001044772711271053 -0.5307157104362011 0.07448783603997063 -0.0027953070974270923 0.9972179048791405 63.0652546401886
0.9968918258559915 -0.02085342510838762 -0.07597250038395285 -3.820468398227534 0.021190684346849033 0.9997687415715901 0.0036357035661766205 -0.5492988340084556 0.07587913045379821 -0.005234313480328883 0.9971031846529211 63.96571607186529
0.9968702118488914 -0.017638954581345765 -0.07706261485754178 -3.8966401901704324 0.018102720399562167 0.9998218597956208 0.005323554330583199 -0.553802489605664 0.07695500141306628 -0.006701936742937132 0.9970119423360061 64.84838496700726
0.9968792859175308 -0.014818092053536272 -0.077537810495947 -3.9834688256511837 0.015249162508734109 0.9998712712591938 0.004970309726065352 -0.5672707820248505 0.07745419518231145 -0.006137186523073931 0.9969769224835294 65.71574587056912
0.996755092459634 -0.014097232132922148 -0.07924993532172767 -4.055814399730365 0.014599824149915466 0.9998766917803332 0.005765968233955187 -0.5701100336731023 0.07915889583983338 -0.006904294359966071 0.9968380015638624 66.57077071961905
0.9966245394638911 -0.013862755515961174 -0.08091569587369875 -4.113948357216425 0.014432376800858853 0.9998748858752807 0.006459033519209121 -0.5822824981483348 0.08081604938543276 -0.0076050381591019345 0.9966999202604968 67.41483856488865
0.9964919583461567 -0.012730025881166297 -0.08271470139019449 -4.162059170202567 0.013358741941534823 0.9998858001108997 0.007052004124288112 -0.6081861996223576 0.08261550075612145 -0.00813223079190726 0.996548216300531 68.24481649185452
0.996435187073007 -0.014154267318870659 -0.08316593707901956 -4.286513265110952 0.014863663363514478 0.9998580870952645 0.007916893276423153 -0.5985935344313438 0.08304209459184764 -0.009124822566281856 0.9965041644221191 69.05486702299841
0.9964352508201841 -0.011418089373123889 -0.08358478669221665 -4.377916714232144 0.012388698463812473 0.9998615143542053 0.011102804290579645 -0.6156622467119871 0.08344645632556227 -0.01209873333796249 0.9964387142070048 69.85705207751401
0.9964414189592219 -0.010604125292303538 -0.08361847594670514 -4.4639444232514345 0.01194910896245773 0.9998067995016607 0.015600719657619635 -0.6190746067543081 0.08343690656741849 -0.01654437055409724 0.9963756159333297 70.64941787949516
0.9963254970055999 -0.007455206678985569 -0.0853224605173223 -4.534355996205844 0.008989974799917262 0.9998042779841779 0.017617776585981813 -0.6267754215029921 0.08517443495348477 -0.018320087824844247 0.9961975163989538 71.42560217373764
0.9962158371764173 -0.00445731426650918 -0.08679940333201246 -4.609198946638844 0.005648586025003631 0.9998930366397704 0.013483646772402057 -0.6260043562006051 0.08673003652029654 -0.013922917396467295 0.9961344562110737 72.17853052184084
0.9962760187874484 -0.004972310842284005 -0.08607769078026817 -4.753648230502382 0.0054899155994545205 0.9999681398692656 0.005777548224018222 -0.6108318426920918 0.0860462388239418 -0.00622859304251391 0.996271574966617 72.89801272321417
0.9962595802253312 -0.005401572184138404 -0.08624192806677314 -4.8413868587026885 0.0053972651041850036 0.9999852945804238 -0.0002831161614271478 -0.6109479371866181 0.08624220740824205 -0.00018341440296495268 0.9962740836178429 73.60861371920818
0.9962363116947646 -0.0024409831119572402 -0.08664439497165044 -4.897309172610901 0.002346021595494667 0.9999964307230074 -0.001197800373312827 -0.6337851194992594 0.08664702789761042 0.0009900215619813098 0.9962384825403353 74.30428879099983
0.9961626658974213 -0.00035737592424748784 -0.08752036128824511 -4.957962688298622 0.0005950760784801254 0.9999961052375989 0.0026898677061553368 -0.6450876404333993 0.08751907767228123 -0.002731628101037323 0.9961589988409009 74.98149665731297
0.9960673997430789 -0.00015243572143006074 -0.08859859015549379 -5.0370652526183495 0.0006117988395020544 0.9999864121431608 0.005157637094551597 -0.6632973405044444 0.08859661884770434 -0.005191559727093033 0.9960539586799839 75.63632339085561
0.9961027897430857 -0.003214538704404067 -0.08814134823574048 -5.131779918570397 0.0033450962064035922 0.9999934159521315 0.0013335594701394582 -0.6682877455649936 0.08813649980238505 -0.001623204640856892 0.9961069843898961 76.26311060664456
0.9964207233635259 -0.0110925990109345 -0.08380151968110447 -5.280556342419638 0.01052681384919884 0.9999186391824237 -0.0071903570615759515 -0.6261282696156617 0.08387447908569078 0.0062824567450216725 0.9964564235652614 76.85753355209158
0.9966663184721214 -0.015506939237960576 -0.0800985828141735 -5.399229155872426 0.014463446881241552 0.9998029212901909 -0.013591443719154174 -0.6086019115316288 0.08029357587967906 0.0123876315360062 0.9966941806235238 77.4421111995993
0.9969327564624171 -0.0139413694278258 -0.07701114161414276 -5.446997936318377 0.012929076210157759 0.9998234457726146 -0.01362777762563773 -0.6139885098144255 0.07718755133182505 0.012590293954220688 0.9969369928657876 78.02454558251166
0.9973010804411183 -0.008928514585784865 -0.07287547840644601 -5.504193996994831 0.008175235251587325 0.9999099985028592 -0.01062828543945819 -0.6210393513969615 0.07296382994034623 0.010003825333548393 0.9972843146242981 78.59423281964958
0.9974706717705075 -0.010416176588454082 -0.0703118842841016 -5.505775292290452 0.010025736181097847 0.9999322136770125 -0.005903616659716735 -0.6851790320099271 0.07036862633108587 0.005183755035519461 0.9975074868083756 79.14754689498841
0.9977612470026973 -0.013523408419086466 -0.06549511722945857 -5.479554643998416 0.013384413978170646 0.9999070461937175 -0.0025605596673277083 -0.6936915765184639 0.06552367085327135 0.0016782124078737394 0.997849504260686 79.69092767705683
0.9981728825598879 -0.018261930795684674 -0.057596853786920865 -5.484504861559793 0.018339817894147552 0.9998313719402191 0.0008239029120968238 -0.7079723692076128 0.05757210784484151 -0.0018787143883193952 0.9983394831508202 80.22269272988002
0.9988025684266972 -0.015143771444185394 -0.046519833664659095 -5.540678750787079 0.015193048044247048 0.9998842298729297 0.0007058159979094382 -0.7137595645216516 0.04650376968980525 -0.0014117499298511216 0.998917017023735 80.73221534883638
0.9994191911788265 -0.010111789592079255 -0.03254276756778117 -5.53637831621601 0.010129171466012258 0.9999485304390721 0.0003692838270310957 -0.7150059454961379 0.03253736604085832 -0.0006987016422940008 0.999470175597297 81.23421879713146
0.9998816778294243 -0.0052951779446587235 -0.014442692188741491 -5.552181690911379 0.0053143387189003 0.9999849485341313 0.0012886071333581607 -0.7232704263844381 0.014435655336720948 -0.0013652090405948576 0.999894768530171 81.72198969547877
0.9999435375930193 -0.006536398295163685 0.008378372344651034 -5.556125045090931 0.006521730949790053 0.9999770547743503 0.0017767809106676797 -0.7265320675922883 -0.008389794477870593 -0.0017220401105857122 0.9999632222869285 82.19659846049244
0.9996050602973777 -0.009484696734703462 0.026453050119852828 -5.433313856543976 0.009378876515853162 0.9999474234386326 0.00412153323563783 -0.7502354281578949 -0.026490755051155702 -0.003871806592534002 0.9996414602762088 82.63955697919246
0.9983430456725211 -0.010714782398404697 0.05653632514232771 -5.391864077776466 0.01030718035944902 0.9999186807656182 0.007496258244462639 -0.7781549549482449 -0.05661205870092459 -0.006901108179101514 0.9983723003227506 83.09183547056658
0.9959030788482898 -0.009906378866823738 0.08988281125721247 -5.3408100358291675 0.009151402641815798 0.999919233954071 0.008807802834181835 -0.7696404940991434 -0.08996282215553862 -0.00794916514168308 0.9959133008699811 83.53902485406762
0.9918380839836319 -0.009013283175530276 0.12718479825805196 -5.25858568856503 0.007977441848857835 0.9999306543011603 0.008651416063460746 -0.7531778625207811 -0.12725398061055265 -0.007566195559864844 0.9918412070952501 83.96863953451081
0.985959581985224 -0.009584987441385763 0.16670880446232197 -5.141862223439444 0.008165189738597279 0.9999242422757353 0.009199966016261357 -0.7591803237949133 -0.16678438886196728 -0.007709586567665415 0.9859631510051734 84.39149078945694
0.9776815923981459 -0.010171192688441922 0.2098457584490995 -5.004275325094563 0.008385664912217372 0.9999205873535284 0.00939678666371179 -0.7592135190040249 -0.20992471152727854 -0.007427370050600627 0.9776892441166192 84.80086352766016
0.9666932007596323 -0.007977710573646934 0.25581360238747197 -4.842057013946092 0.006413439607756678 0.9999551919396502 0.006948517459115007 -0.7584912884934092 -0.25585762329369954 -0.0050764403808387 0.966701049414281 85.18083244895286
0.9535356847188557 -0.008369938208601949 0.3011637836147676 -4.576728810296031 0.0075565651808707085 0.9999638770328988 0.00386561122322745 -0.7279756650928634 -0.301185318849401 -0.0014102353412495862 0.9535644878500439 85.50061423988743
0.9342234667985915 -0.008550592297568238 0.35658572141812445 -4.400923963149035 0.008173810145445165 0.999963207930425 0.002563516226657781 -0.7329219726239115 -0.3565945918133536 0.0005197661531179414 0.9342589853275588 85.85647338839777
0.9176446222571265 -0.009156886619296862 0.3972964483382341 -4.042843772122584 0.008039913058029525 0.9999575570126547 0.004477049179968609 -0.7729577344309455 -0.39732066022370377 -0.0009141119868746104 0.9176792948347876 86.03747483036086
0.8889133591137959 -0.010121796197212965 0.45796347903907425 -3.84712043391277 0.00919028860377813 0.9999485850407288 0.004262144067091199 -0.7800684251247098 -0.45798316408402157 0.0004201390077082536 0.888960677417391 86.38264478203412
0.8557809405721746 -0.011974302268899596 0.5171997150605643 -3.635629938310917 0.011867335065542224 0.9999233054252219 0.0035142052318704563 -0.7767475034751391 -0.5172022313484842 0.003130391775961919 0.8558574093287195 86.6966358326208
0.8198893355955148 -0.012961448780708007 0.5723752385215395 -3.3814182040712293 0.014472144223596682 0.9998933445415416 0.0019122266122968644 -0.7559696818046177 -0.5723390904160939 0.0067156821719559084 0.8199894692718936 86.98807312371106
0.7806030984614666 -0.012056746198412648 0.624910681983049 -3.1240763995294065 0.012290432551962388 0.9999166096080847 0.003939430278192472 -0.775280643756104 -0.6249061913119835 0.0046052905423450445 0.7806861856293933 87.2581867650668
0.7388159353196457 -0.010002331861583173 0.6738329743398167 -2.8363738917063364 0.009004075361287148 0.9999470077860901 0.004970738998383224 -0.7812559470288726 -0.6738471194155623 0.0023947811955883124 0.7388668448686635 87.51870241719104
0.6937220938432088 -0.010287478053179068 0.7201692312413709 -2.5413290149930567 0.008190113119918527 0.9999459135245088 0.006394690555150152 -0.7890087623192417 -0.7201962083771914 0.0014621289066387955 0.693768827712751 87.76364249312802
0.646903098706412 -0.01308508023963393 0.7624598653806995 -2.2352452716912605 0.011525499259676372 0.9999062349768848 0.007381336229387587 -0.7825213930161408 -0.7624851105109287 0.004012720956153254 0.6469932531017015 87.98198727630196
0.5996130972390258 -0.01818365467800768 0.800083346453588 -1.9143320385876228 0.01644509360578719 0.999810599052001 0.010398314331523079 -0.7706128982650382 -0.8001210486643416 0.006922479745634296 0.5997985610075262 88.18577954416219
0.5596229218205323 -0.010200391527375601 0.8286845002863571 -1.5601127293787593 0.012814270502942562 0.9999111160571347 0.003654377242919534 -0.7887679665291647 -0.8286482847653369 0.008573913812390085 0.5597038900276871 88.29457890645268
0.5170873589594353 -0.0006131538466987332 0.8559323230558328 -1.2027607442403974 0.00683477990259621 0.9999707191981522 -0.0034127029239666234 -0.8274858148929898 -0.8559053388009951 0.007614774368899271 0.5170764080936263 88.41870782026072
0.47095425556671544 0.0006369340113802643 0.8821573151699613 -0.8580975185128481 0.008130745628885105 0.999954028879821 -0.0050627186383408445 -0.8314490650913147 -0.882120161961581 0.009556905465577017 0.47092742558925393 88.58136063330622
0.42956287492249623 -0.005262652094709786 0.903021527268658 -0.5030045006441222 0.010544562260098325 0.9999439752719389 0.0008115029356861481 -0.8415618559232187 -0.9029753865388964 0.009173375075776978 0.4295943001860866 88.70603322321777
0.3923262577365218 -0.019786033603073988 0.9196132077931743 -0.12149868510902495 0.013819509534568335 0.9997824691898387 0.01561523146765098 -0.8556453481010691 -0.9197223106170072 0.006582338104890773 0.39251434699710913 88.77759479401676
0.3580089344743918 -0.02500405894497221 0.9333832151165472 0.2543885914881026 0.014146174038220546 0.9996717939448309 0.021353925593022596 -0.8369249073600935 -0.9336109942564931 0.005558905233892215 0.35824514455952167 88.86153615753285
0.32524728418645593 -0.02069973646998106 0.9454023201187028 0.6282717557282389 0.015470159227537247 0.9997429659068752 0.016567326178791354 -0.8420491877024119 -0.9455024475393049 0.009237046594913432 0.3254839117644173 88.95611587930635
0.2952409518601321 -0.008537048700803882 0.9553845912444802 1.0009436460238665 0.016396035046455575 0.9998579957469714 0.003867610334793922 -0.8449729668988395 -0.9552821312991702 0.014522642332846059 0.2953389991229124 89.06615061480329
0.26866442287763503 -0.003024045094035879 0.9632289956268184 1.3863832357756583 0.017713095355230433 0.9998413877680844 -0.001801558311937249 -0.8549262915049449 -0.9630709600713595 0.01754578175113598 0.2686753735856846 89.14555938262477
0.24293407274235343 -0.0034807055586280745 0.9700364597758847 1.7788207848521553 0.019897192340187157 0.9998009573724171 -0.0013955076571983795 -0.8625623310025714 -0.9698387175390538 0.019640018482942133 0.24295497373763533 89.24195862053386
0.21986213941107305 -0.01040721791179034 0.9754753403385933 2.186182050073613 0.024464469063771616 0.9996873271056329 0.0051514919688123795 -0.8620991833080854 -0.9752241431624936 0.022731868373048362 0.22004800049491285 89.29915401075071
0.1992043052348896 -0.014713377364662524 0.9798474216323091 2.605749484107059 0.03251874317977756 0.9994357567092149 0.008396411401619215 -0.8588241206367657 -0.9794182845535909 0.03019080551429227 0.19957036502471812 89.36129233335059
0.17920582039858296 -0.013964033403570166 0.9837124003125113 3.0297019623948205 0.039247435397038836 0.999204663782848 0.0070341278886315774 -0.8546565602902104 -0.9830284394411143 0.03734763239761631 0.179611342949863 89.43047079273992
0.1624207194329372 -0.009888619743014996 0.9866719468655776 3.4759856033338457 0.038953261974997905 0.9992344407043416 0.0036022437267941364 -0.8538286546489787 -0.9859524092370792 0.03784901200635566 0.16268156966489353 89.4910756861446
0.14755935918611957 -0.008562522586130534 0.9890160379904682 3.9408200524504178 0.03425187312536113 0.9994068553136011 0.003542166332921902 -0.8556835398844777 -0.988459935811256 0.033352972268426574 0.147765116503581 89.54885121458996
0.1334732014814801 -0.009032684830385848 0.9910111598516009 4.414003286132715 0.03042487140395415 0.9995243877919606 0.005012540500581581 -0.8675782521886846 -0.9905852975318903 0.029482347495707134 0.1336845372035434 89.59415580979744
0.11994679039223502 -0.010805111551349304 0.9927214212399987 4.898509370342342 0.028745896772940344 0.9995592131538326 0.007406277590387273 -0.8664176764616841 -0.9923640667080439 0.027648308513362606 0.12020452097779855 89.65117382460487
0.10848097309440063 -0.014296480433352252 0.9939956195745386 5.395573101708996 0.028482657455127437 0.9995306796478506 0.011267598959407 -0.867647436383346 -0.9936904028422495 0.027089316896533124 0.10883726145181354 89.6853755410788
0.09805228424875463 -0.01729915268919838 0.9950307990375992 5.907317838265499 0.029618835526333924 0.999456606518929 0.014457399253487864 -0.8639363899672433 -0.9947404054001586 0.02805407282193798 0.09851138296376649 89.7440549797938
0.09010384694820607 -0.01821039406037516 0.9957657757540883 6.4353572572009154 0.029921744077531776 0.9994308719617359 0.015569891708591879 -0.8713360609641467 -0.9954827904069963 0.028392141834774988 0.09059745200088724 89.79598647245611
0.0846513788390534 -0.021421831592326628 0.9961802301022001 6.979245049699927 0.030456135100548877 0.9993572605360632 0.018902110326303782 -0.8595512481529666 -0.9959450626893992 0.028739710247000817 0.08524939518114608 89.84558588640738
0.0791408612060695 -0.022491648148522392 0.9966095781778965 7.541778390777201 0.03107843375628394 0.9993150320925183 0.02008476338651317 -0.8555053987445376 -0.996378871234645 0.029383539567054424 0.07978565637879051 89.88829814444249
0.07310198639121956 -0.022422630986321246 0.9970722774570896 8.12460323457828 0.03175038522577122 0.9992927013207521 0.020144732911146122 -0.8456597006453358 -0.9968189467619887 0.030184809204649294 0.07376220754887554 89.92813890953542
0.06857669050377199 -0.024892960533638035 0.9973351388430025 8.726560807660217 0.03225768146258776 0.9992211731674653 0.02272199860408133 -0.8359046785702201 -0.9971242046536708 0.030613520047530953 0.06932626925241099 89.9679255734034
0.06547335631882101 -0.026471607583841546 0.9975030298968534 9.344581643349217 0.032480241142007524 0.9991747854027793 0.024384058116218722 -0.8220078282029347 -0.9973255604604312 0.03080263312174273 0.0662791298705294 90.00926373636075
0.06265764671230499 -0.027745134273399998 0.9976492508924757 9.983355963933189 0.03162779370790874 0.9991665498781587 0.02580093789313993 -0.8115155048191596 -0.9975338099401211 0.029936818947987113 0.06348294099620773 90.04508450150021
0.058258904759600515 -0.028892739488854242 0.9978832148510569 10.635154578294204 0.030395211277538338 0.9991689119332072 0.027155416898008582 -0.8026371796497147 -0.9978386799215659 0.028748826602772896 0.059088686325098734 90.10952223164156
0.05713773566569548 -0.033927238912005026 0.9977895682283845 11.307292037486668 0.030625872047207844 0.9990115357917353 0.03221501852284738 -0.7873969087717898 -0.9978964551116277 0.028717482738615043 0.058120307261731737 90.15751659422484
0.057427775905008874 -0.03724723548787271 0.997654496737117 11.99153237914527 0.031178525552014457 0.9988831585299606 0.035498383789829065 -0.7545683321093517 -0.9978626910046363 0.02906680329374288 0.05852495099127652 90.20164900615231
0.059787906959781284 -0.03913415176274979 0.9974435950308377 12.69767229253502 0.030848797999413827 0.998826275860658 0.03733928771303166 -0.7423993658047457 -0.9977343122511962 0.02853749842111737 0.06092497291795088 90.24459899857477
0.062208875575649046 -0.04228296711520048 0.9971669907708886 13.414821609260082 0.031469834325505174 0.9986884222847394 0.04038421495981428 -0.7050814987009337 -0.997566892657904 0.028868423690069325 0.06345792069570008 90.33241292660082
0.0662751017742432 -0.04223966799299437 0.9969068273600812 14.151527569070824 0.03109068541748051 0.9987057578573056 0.04024895768434813 -0.6743110963116474 -0.9973168905443706 0.028327013088261 0.06750258490007734 90.38680137667845
0.06996063640175441 -0.04499037314811474 0.9965345838939033 14.905641274927738 0.0292458387765191 0.9986454251220083 0.04303249774697253 -0.6499136131431195 -0.9971209506717461 0.026133909138754845 0.0711816496091047 90.47327289712888
0.0732373807745394 -0.04476398440431181 0.9963093260007899 15.671887812865497 0.027881538738404852 0.9986935130485902 0.042821569835055494 -0.6170634793654691 -0.9969247242670187 0.024642497740928637 0.07438978478745827 90.56198705579294
0.07751909615812493 -0.04157994209382581 0.9961233355345278 16.457110117330203 0.025332538273191665 0.9988894162976059 0.03972400464142705 -0.5952072231574321 -0.996668978264836 0.022154963870390825 0.07848632912059025 90.62651811505627
0.08098218232138617 -0.039971973697738396 0.9959136152443273 17.248006934726074 0.02400006791413799 0.9989839131536186 0.03814364983471607 -0.5746684703577339 -0.9964265566947671 0.020813038677377667 0.08185922640895553 90.71001161334787
0.0858310680532111 -0.03951570355901067 0.9955256594703722 18.048667694017595 0.025377971702312496 0.9989755552089546 0.03746463243654981 -0.5317495916731814 -0.9959864388178833 0.022048792873813842 0.0867459662029688 90.76262714227902
0.08689658561680462 -0.038506254288525714 0.99547277891492 18.83996508048175 0.03004808942787044 0.9988992798844621 0.036015844513112134 -0.49232387819091233 -0.9957640763403164 0.026782401441339053 0.08795797509848631 90.9082121528543
0.08837205188635687 -0.03279009878420123 0.9955475838360753 19.64504683851587 0.03434254648945345 0.9989640236540196 0.02985413033546979 -0.47422710233991106 -0.9954953389875926 0.031551368697545525 0.089406594947338 91.0016291181841
0.08887225077748091 -0.03054631724629819 0.9955744308555131 20.457774544130825 0.03732409734886375 0.998929661882424 0.027317440706472896 -0.4424347517335336 -0.9953434757905656 0.03473115480587293 0.08991724005985316 91.06506042409534
0.08851691171357152 -0.028652116765668173 0.9956623997907627 21.269788416499622 0.03749903783204821 0.9989733577352166 0.025413636129004418 -0.4164984752370301 -0.9953685641521784 0.03508684568422855 0.08950046224245918 91.17596588564155
0.09080276363889202 -0.02572899156514938 0.9955363775376626 22.088744463512494 0.03459248826954294 0.9991443160840553 0.022667058963556867 -0.41531357597496077 -0.9952679126099001 0.03237984913431481 0.09161509393731629 91.22579142026349
0.08991327309050365 -0.026880048987385396 0.9955866954460624 22.901176487941566 0.03409428434240726 0.9991327884617469 0.023896672503391024 -0.39551508786829015 -0.9953658538936015 0.0317951881121122 0.09075175422033055 91.32855113982171
0.0914186572371931 -0.02515264170895754 0.9954947391316395 23.716578970048225 0.034334360530886156 0.9991660912182919 0.022092397200042288 -0.3607848413700506 -0.9952204684369642 0.032160018262047375 0.0922060212090122 91.40188122928991
0.09262482989369045 -0.02337459262582554 0.9954265775358385 24.529816439471244 0.03412603150770649 0.9992114941375184 0.020288029114925343 -0.35421710143610474 -0.9951161011965926 0.032090783771029904 0.0933494756810779 91.48425409028026
0.09309021140274402 -0.02018544532422016 0.9954529432914648 25.338099693287436 0.03453786370994272 0.9992581350607378 0.01703278208012595 -0.34636381191487 -0.9950584648709606 0.03279523306813253 0.09371831212193524 91.58138204955763
0.09201138360629392 -0.017813959736810995 0.9955984984158082 26.146292103239404 0.03537938249994948 0.9992670565188294 0.014609902331450066 -0.34483790313303586 -0.9951292401395833 0.03387938303283167 0.09257419028036637 91.66690984007721
0.0877367156564651 -0.01136012801964528 0.9960788211600795 26.952637175870723 0.033591091438020027 0.9993999290327643 0.008439230413839765 -0.36381657854796745 -0.9955771729513619 0.03271894467549546 0.08806566542291519 91.77335874412535
0.08319707764920593 -0.006677731594392514 0.9965106400553208 27.758187544967836 0.03104789252656755 0.9995093655716403 0.004105687072670096 -0.3718149111670018 -0.996049333437003 0.030597974366383635 0.0833635867163139 91.87387253083716
0.07883599471838576 -0.004345884914669167 0.9968780269611252 28.570036733044713 0.02925535167573858 0.9995697807161988 0.002044021312782995 -0.3659019313359773 -0.9964582331112022 0.02900287508634665 0.07892921727078854 91.92934616929637
0.07214734382130175 -0.00198847765983479 0.9973919028807956 29.380682093943417 0.02717554527485203 0.9996305763273986 2.7169905109150528e-05 -0.3754532939416049 -0.9970236960667248 0.02710270886728281 0.07217472777665415 91.99204868768922
0.0674518698456899 -0.0012364729533245514 0.9977216633122538 30.18822625608351 0.027034732054740548 0.9996342214173 -0.0005888648257231263 -0.3904988728329465 -0.9973561893912606 0.02701285816160275 0.06746062403846824 92.01405539328113
0.05873483896724679 0.0015965775456403205 0.9982722426478764 30.98925312341221 0.02702476673245891 0.9996295782557625 -0.0031887916072190735 -0.4208839069042419 -0.9979077515855638 0.027165367958881956 0.05866993409641973 92.05365726048676
