0.9999899678422716 -0.002507928216098922 -0.003711402389042054 -0.000774485315954576 0.0025041551974680667 0.9999963434735513 -0.0010209040988808835 -0.033123653813395486 0.0037139495903456697 0.0010116005091251718 0.9999924915953807 0.9994509611434395
0.9997403518871224 -0.0006228521280691446 0.022781373573957795 -0.8182637765591129 0.0010763308687735348 0.9998014379441761 -0.0198988572576779 -0.0236532281767776 -0.02276445263649635 0.01991820716569706 0.9995423284799362 2.593235454119048
0.9998140554679565 0.0016133532666397052 0.019218678624988845 -0.823282364453038 -0.0012575425411653813 0.999827887766607 -0.018511533559036585 -0.07973118750093981 -0.01924523350222023 0.018483920741639216 0.9996438127673396 3.3874874274443276
0.9998898815599085 0.0024180225688889938 0.014646148245871654 -0.841066895437506 -0.002159874227998893 0.9998425410071633 -0.017615946372083566 -0.10380650664245468 -0.01468643562275756 0.017582370304334353 0.9997374547339779 4.05693129342518
0.999943989259997 0.0019637913343552122 0.01040487020999011 -0.8177842913222318 -0.0017931336478432499 0.9998641918707402 -0.01638575276540843 -0.14304590837373898 -0.010435634045505515 0.01636617628898763 0.9998114884016668 4.887652336819902
0.9999786320253582 0.0007177045401966103 0.006509151370464631 -0.7932588527134775 -0.000606158533900404 0.9998532543315708 -0.017122664434876644 -0.16846755662593121 -0.00652048508858682 0.017118350898178106 0.999832084062311 5.743449293967871
0.999992178542364 0.001203106251536749 0.0037883400704354785 -0.8504223473004762 -0.0011374212446575572 0.9998498642570337 -0.017293490955377622 -0.20664274974281951 -0.0038085777214194936 0.017289044440362864 0.9998431756026542 6.385484479495626
0.9999997834166802 -0.00048754831103688784 -0.0006244892127615188 -0.9287952686044689 0.00047693614414012785 0.9998574603845558 -0.01688151363237719 -0.22881959863389906 0.0006326291007833072 0.016881210204519062 0.9998571848579855 7.031495614303986
0.999912163245648 0.013044129338671231 -0.002393813183818142 -1.0353187124452543 -0.013080317156606442 0.9997899589375668 -0.015781480852369856 -0.2608196631851997 0.0021874525849715403 0.01581140384798098 0.9998725065732195 7.798083377411967
0.9998527872110288 0.01614996601062264 -0.00581522235961701 -1.0692348062284507 -0.01623069472129136 0.9997686884855045 -0.014113534689395765 -0.2966184039920373 0.005585941376634251 0.01420583970984169 0.999883368641842 8.781771523867087
0.9998141871573875 0.016853357079366152 -0.009372085044552886 -1.1525462959465906 -0.01698338498534392 0.9997581874498389 -0.013971867447898016 -0.32922084188571615 0.009134342037243356 0.014128438248328616 0.9998583631264497 9.556752330331552
0.9998587669875695 0.012604822366146079 -0.011131026133350657 -1.1841411113101556 -0.012749900276436257 0.9998334444858356 -0.013060174076853904 -0.358332017878675 0.0109645471696016 0.013200245943859965 0.9998526484852651 10.550703393172077
0.9998735958884808 0.011012628038620156 -0.011483863193996236 -1.2781315011548302 -0.011164412028531995 0.999850099667901 -0.013237740626870841 -0.3757548825602181 0.011336355116623375 0.013364274728800831 0.9998463414654775 11.378787750121003
0.9998271865445347 0.012882984666990938 -0.013414427997775894 -1.3180122517456763 -0.01302964828289262 0.9998557235167456 -0.010903808126548214 -0.41573733174164285 0.013272013791416199 0.011076707136265074 0.9998504782025639 12.105207617363915
0.9996108235525966 0.022078268012826897 -0.017060183402928784 -1.3051264980571022 -0.02225965282303053 0.999696965174108 -0.010516285462335063 -0.49803615871587786 0.016822826144015132 0.010891944772612926 0.9997990549668285 12.980571615901944
0.9996464269697322 0.015437467196759792 -0.021656748281330296 -1.2792695457990468 -0.01568693982631127 0.9998120473156898 -0.011397122173402828 -0.5118955020622145 0.021476727841329143 0.011732818610192985 0.9997003865624263 13.737593107648165
0.9995595106528052 0.01567061325624824 -0.025210391879333143 -1.2730080282068454 -0.016057854698371083 0.9997550829039861 -0.015231905089133963 -0.5470244768508273 0.024965515559764218 0.01563001658967517 0.9995660310427796 14.85492068735896
0.9994666611039754 0.01825904628761354 -0.02708076377187892 -1.3020605849344076 -0.018698772903753304 0.9996959688342415 -0.016074158685644897 -0.5799637499884353 0.026779022728787318 0.01657195791462143 0.9995039360267494 15.48061699231114
0.999469426154087 0.010231060069607327 -0.030928860994835092 -1.2044587471709272 -0.010763739689950674 0.9997957709530398 -0.01710547155292019 -0.5961852191316404 0.03074752749362929 0.017429300321122606 0.9993751578900814 16.159117829931173
0.9994317156145952 0.013401629325975014 -0.030936618392887024 -1.3089184330517813 -0.013894600849516887 0.9997790419574912 -0.01577518739963973 -0.606392800073613 0.030718360240564565 0.016196069096122027 0.9993967925448489 17.17580813218207
0.9992734678048734 0.018913101714750354 -0.033095486632795004 -1.4351910491402131 -0.019374096912314658 0.999718958489318 -0.013664355862336278 -0.6577981293110114 0.03282773994895035 0.014295617892906991 0.9993587503554242 18.133825357239132
0.9992839471051367 0.019352258946219485 -0.032519617313198086 -1.5532195324267897 -0.019826085052859186 0.9997010498408286 -0.014311667272610153 -0.6843440225351597 0.03223292098491018 0.014946150498094802 0.9993686126250495 19.16028284587439
0.9991255106059634 0.02463756053074609 -0.03378778948324453 -1.5504317549377375 -0.02520540524566466 0.9995464075347228 -0.01648446826476215 -0.7271996930702653 0.033366314178212085 0.017321681376808243 0.9992930690318375 20.01213043922801
0.9990102644667106 0.02455233361616953 -0.037095349541420436 -1.5588310894629052 -0.025178896736539814 0.9995465179550951 -0.01651886759877692 -0.7671451466809301 0.036672937298707 0.017436532367147355 0.9991751799281241 20.993162718948803
0.9986895040106959 0.026736609978384947 -0.04364389187686245 -1.4761466566235835 -0.027406687347073216 0.9995144473168274 -0.0148277589013587 -0.8178524211290557 0.04322624007041942 0.016004456393355345 0.9989371102363113 22.069584782069164
0.998769502522487 0.022880801049499543 -0.044003447790176564 -1.4938157801692884 -0.023440770550123925 0.9996501890717384 -0.01225193270203517 -0.8653481965788796 0.04370770573254276 0.013268326715485473 0.9989562344090946 22.995025785021454
0.9986691023710486 0.029129872695055736 -0.04256575097050515 -1.547831762876529 -0.029514160218589523 0.9995288831659617 -0.008427632695495905 -0.8845810399295019 0.042300186441573705 0.009672704863572117 0.9990581147394134 23.801188963074043
0.9987937884527672 0.022727550170195444 -0.04352961164786657 -1.5534461060449056 -0.022972508804245218 0.9997229860732592 -0.005135427187630994 -0.9235203793577441 0.04340082230228183 0.006129214522211057 0.9990389138529182 24.743102922790992
0.9990579052639177 0.014948724082637047 -0.04074626288201414 -1.680130770559055 -0.015169332462486779 0.9998719678077804 -0.0051104042865137795 -0.9543898859486046 0.0406646372097 0.005723680883210739 0.999156439036524 25.822819287655026
0.9991504048571238 0.016046062046917928 -0.03796616345279468 -1.7207659295654871 -0.016356699574231894 0.9998351991775423 -0.00788552783097084 -0.9783428633820734 0.037833363217625475 0.008499825882165546 0.99924786416219 26.74561793327122
0.9991919094029393 0.014467673936826549 -0.037504942129017144 -1.7494715380878565 -0.014907461738310188 0.9998231276406652 -0.011473113335986388 -1.040146856181841 0.037332307682947416 0.012022941068839605 0.9992305154024185 27.7590699786727
0.9991467111094017 0.020644752699874647 -0.035778169108658754 -1.7565750577670871 -0.021235232055398127 0.9996432674307159 -0.016203230622785243 -1.0906110377429166 0.035430884610158676 0.016949156011823147 0.9992283112530612 28.642707902893516
0.9992535936343023 0.016017462796878695 -0.03515933346872615 -1.8873037267891175 -0.016632706103912095 0.9997124930695769 -0.017276530515372285 -1.112536359155914 0.034872489588734464 0.017848423457159233 0.999232289337462 29.929067783032053
0.9991798436634706 0.010610092213239462 -0.03908397517158125 -1.8608489450179098 -0.011172174436567397 0.9998369835513211 -0.014191158606760379 -1.1185944837550283 0.03892702293608863 0.014616167233640108 0.9991350741227566 30.76441972612534
0.999153317489075 0.004713799484869973 -0.0408767823307899 -1.9175259808689251 -0.005145148832548969 0.9999322422435389 -0.010453631072885761 -1.1563486140246215 0.04082472273804035 0.01065509371891152 0.9991094387184462 31.652198017700275
0.9991103483454745 0.004845505813564677 -0.041898776647197426 -1.9391459281905266 -0.005242683164171759 0.9999424166402789 -0.009374747358016515 -1.1681951251568201 0.04185092614955383 0.009586066239551697 0.9990777804685858 32.51953484862341
0.9991052964327387 0.008975212532892574 -0.04133459670420529 -2.0691367210760525 -0.009496955290821125 0.9998775868840308 -0.012443395448590404 -1.2117296538897473 0.041217843587033745 0.012824810758186745 0.9990677542860703 33.47950408450303
0.9990085129741171 0.0003092790937768014 -0.04452414687670548 -2.068765936428878 -0.0010334058246778445 0.9998676503422167 -0.0162415480648033 -1.2510035895029814 0.044513220227649516 0.01627145016666718 0.9988761368922843 34.46388882665803
0.9988266233294487 -0.002673247178503337 -0.048360580074875543 -2.073044519438964 0.001815096064634112 0.9998403663439426 -0.01778002253184275 -1.2795317532206014 0.04840037893474982 0.017671374178042848 0.9986715228469679 35.81567892616565
0.9988719546824996 0.0007720621419149468 -0.04748464141514579 -2.12454908960596 -0.0016041895391718363 0.9998458513505394 -0.017488490955665 -1.303799780558682 0.04746381008037579 0.017544930057111597 0.9987187126190987 36.89362845788782
0.998758114993525 0.005932865323843755 -0.049473533232467386 -2.2388738721046457 -0.006658906831029468 0.9998724317248628 -0.014523459395450524 -1.3243411424012044 0.04938104676221195 0.014834856295025565 0.9986696842515739 37.88218744296887
0.9985983981511876 0.014122533166181967 -0.05101391071593218 -2.2304951762498906 -0.014827801017410566 0.9997993578462747 -0.013473126057503941 -1.4002482716833227 0.05081339057012099 0.01421066000757686 0.9986069188145225 38.96701221299587
0.9983934162965581 0.011830339292310737 -0.055418752402307744 -2.2448311780296084 -0.012458734526920399 0.9998618620612951 -0.011007312471480528 -1.4190073366897404 0.05528086402114944 0.011680070595119638 0.9984023926374874 40.0417931947816
0.9984362919931802 0.00636019360755658 -0.05554418298887803 -2.314790601563065 -0.00680800228962159 0.9999458764052919 -0.007876707564175234 -1.419065708547507 0.0554910655376529 0.008242531829361773 0.9984250495870667 40.880358041862664
0.9982281012306566 0.010825744316588925 -0.058516195967646636 -2.281070034369484 -0.011168428880119126 0.9999224063294754 -0.0055323638814858064 -1.4613634942103741 0.05845174794844837 0.006176092163574214 0.9982710422483629 41.81304991828365
0.998255766781303 0.022832622610836087 -0.054449505720001554 -2.548143311499527 -0.0232146452980507 0.9997101286686132 -0.0063939448453988156 -1.4675623234654755 0.05428771644212327 0.00764681467578532 0.9984959890184506 42.74116909173557
0.9981603162116984 0.02220936093365616 -0.05642137041889116 -2.4951410336568736 -0.022649905462675868 0.9997177186933954 -0.007180648133167188 -1.5250576341732547 0.056245951208904965 0.008445372613863486 0.9983811542001639 43.79005460616588
0.9979924655923229 0.026634709344273054 -0.057465133358207375 -2.6335698249266035 -0.02724598948536145 0.9995799771499518 -0.00988020668612722 -1.547435815992679 0.05717782304843478 0.01142606088228475 0.9982985731156756 44.817352284669845
0.9981590224206051 0.018138776902330643 -0.05788094523158054 -2.671779252054483 -0.018692039313530338 0.9997845230603112 -0.009031548685688066 -1.5732452577215779 0.0577046352032365 0.010096829028566462 0.9982826189824203 45.76245136058947
0.9982508730299364 0.012787918379593559 -0.05772662609157935 -2.8128672226588907 -0.01322992535526923 0.9998859985877343 -0.007281188421754219 -1.6044851876244557 0.05762691876384467 0.00803216665082802 0.9983058497494524 46.70013675234047
0.9981897060167804 0.013033702017209521 -0.05872063262355028 -2.9290482254216346 -0.013434219213312783 0.9998891156305725 -0.0064310885267649135 -1.6116649814284791 0.05863028238110064 0.0072083075447578115 0.9982537361233721 47.60007431327316
0.9981863721726728 0.004525277754182634 -0.06003446943539712 -2.8490780483106155 -0.005187855932169598 0.9999273606320825 -0.010885308590018222 -1.639747923643651 0.05998082834693435 0.011177011007920682 0.9981369489866103 48.70399906776769
0.998102452640779 0.0014070625124640505 -0.06156411952371705 -2.86850887763285 -0.0022108342916175236 0.999913229845418 -0.012989616782814689 -1.6652662871372754 0.06154047977945987 0.013101069671608893 0.9980185933058434 49.58787663561657
0.9980100087313082 0.007234073268682932 -0.06264417034945527 -2.9105166320050873 -0.00808375960371612 0.9998786358166823 -0.013320844090805084 -1.727950608531324 0.06254018297648323 0.013800729448838586 0.9979470009491216 50.64319986426689
0.9979806997956789 0.008076907823164406 -0.06300666718721243 -2.9072858009904636 -0.008812698718772964 0.9998961200941662 -0.01140879789602878 -1.7803831609569618 0.062907952935158 0.011941013304968082 0.997947857121967 51.87036822843954
0.9978038837069694 0.018676249548103693 -0.063554725170408 -3.0056709153280914 -0.01941285686886697 0.9997511715130039 -0.010992366249030818 -1.7937776280510818 0.0633335940487439 0.012201998716478545 0.9979177766716507 52.759670693112014
0.9977199093456331 0.016138275077182938 -0.06553737662422662 -2.977664831757302 -0.01687758576057505 0.999799912912405 -0.01074276792928076 -1.8450214977016512 0.06535087291334109 0.011824380845546273 0.9977922255732744 53.74096608848061
0.9977208291372176 0.012873596511536778 -0.0662421572780856 -3.045502762952938 -0.013684634208239182 0.9998367208424496 -0.011804341739009598 -1.8689763904261005 0.0660793586699588 0.012683931564393952 0.9977336681420831 54.79459769674778
0.9976770906659789 0.015808217913029554 -0.06626544734896242 -3.0002107277914822 -0.016710635060428365 0.9997747469161249 -0.013086086105346907 -1.8941728017684905 0.0660436365233344 0.014163019705374652 0.9977161209813057 55.80381747514965
0.9976115434061172 0.01487784025657286 -0.06745725927523198 -3.0339830810075648 -0.01569640626674861 0.9998093149086107 -0.011620804091840686 -1.9444571023161172 0.0672714862626361 0.01265187928080119 0.9976543907583413 56.641504484476165
0.9975411689817607 0.00829870505169911 -0.06959446834518014 -3.0357577805550497 -0.008831136401059068 0.9999340778706277 -0.007346260265741069 -1.981514480381057 0.06952889854812093 0.0079427918936802 0.9975482010366947 57.52976241412987
0.99747762370833 0.009961074656502332 -0.07028382393542329 -3.163381322956161 -0.0100989590627689 0.9999477780961308 -0.001606717641044998 -2.0214331160728816 0.07026412945835404 0.002312458035671665 0.9975256452958484 58.26335848998763
0.9973919806968989 0.009945760946023875 -0.07149085433563596 -3.204015049528228 -0.009808087885628779 0.9999493972595067 0.0022765666271537133 -2.0545739673519905 0.0715098570204196 -0.0015694391127349543 0.9974385494306047 59.03278240214126
0.9973378834386282 0.010100412017272653 -0.07222004783120015 -3.329018720488539 -0.010285667107889713 0.9999447887558635 -0.0021936730070352857 -2.0679343534701684 0.07219387982829027 0.0029306635505210723 0.9973862095251974 59.93765932850819
0.9973876458685994 0.008059045046877123 -0.07178855240226364 -3.520284654481302 -0.008646288767588994 0.9999316989506972 -0.0078731526832641 -2.0892293029655256 0.07172017836578747 0.00847328586023018 0.9973887072744838 60.98071625947883
0.9973333544007753 0.0089459366143107 -0.07243447552714906 -3.5802785937986474 -0.009758369763719063 0.9998933714132011 -0.01086996987065153 -2.1431913706240255 0.07232948767941268 0.011547820651344852 0.9973138387554075 61.9468406678762
0.9972852355604575 0.007072331562580486 -0.073298759491533 -3.68946338727419 -0.00783564931568055 0.9999180309103591 -0.01013143017472199 -2.1440019421995684 0.07322107594826606 0.010678264377730331 0.9972584583299516 62.91641556295303
0.9971264647151081 0.010134209383704709 -0.07507801997626673 -3.7821480587428913 -0.01069306772497706 0.9999180503229566 -0.007045431840775496 -2.188392514935484 0.07500044839328682 0.007827997530463822 0.9971526385898906 63.80890421779792
0.9969809769411982 0.019913919873415516 -0.07505312091545396 -3.8646813977444614 -0.020420836694191244 0.99977357721594 -0.005992686886842727 -2.2566091234217067 0.07491676754286862 0.007507239247147449 0.9971614135454351 64.7229811223724
0.9968466363508052 0.016301545943372395 -0.07766359271887073 -3.922711176018417 -0.016810332721457495 0.9998413631558082 -0.005901863188904991 -2.2512861419725536 0.07755503978494391 0.007188800703979818 0.996962010803444 65.59309052674394
0.9968922046211881 0.010812235193984387 -0.07803601307188135 -4.03479162066497 -0.011312243989841542 0.9999182822213447 -0.005968171762100107 -2.2439125397403688 0.07796508313194477 0.006832383688863293 0.9969325468598983 66.43159683863882
0.9966182404370995 0.011130816588676661 -0.08141722170584169 -4.070609978811426 -0.011515070535134762 0.9999247338498702 -0.00425151708122269 -2.30148912307315 0.08136374434545927 0.005174662634221065 0.9966709215950602 67.67196344609413
0.9964236808326196 0.017852210955313804 -0.0825935317998373 -4.146370638448791 -0.018249627566227628 0.9998253093542737 -0.0040592271828914514 -2.337152405806918 0.08250660777045687 0.005552009472885514 0.996574932471421 68.30524734101424
0.9965983059871496 0.022428148804971446 -0.07930539569516645 -4.278804408561488 -0.02266098498440244 0.9997411992442358 -0.002037073449092589 -2.388693729779716 0.07923915927435073 0.003827281378758875 0.9968481450332427 68.99551036083652
0.9965444193219711 0.019405473299834924 -0.08076616939616309 -4.36117774413757 -0.019500543850156978 0.9998098306252864 -0.00038842205063096863 -2.4071004880527442 0.08074324799478828 0.0019620640619729237 0.9967328491113482 69.76862835518027
0.9964750815308839 0.014916704095536025 -0.08255579448595489 -4.390712433179238 -0.014745131226550218 0.9998877536289753 0.0026876102573392922 -2.4202383078349494 0.08258659003063955 -0.0014608389751489025 0.9965826941759535 70.4886078206622
0.9963294910359972 0.02169987953635573 -0.0828083247668315 -4.447770209026447 -0.021459386753024955 0.9997625797615072 0.0037932483602178776 -2.471116788931985 0.08287095241212017 -0.0020023073871025454 0.9965581352537238 71.22843510784222
0.995952897161229 0.02673660462953608 -0.08581074522522522 -4.480385643715475 -0.026615051299951138 0.9996425452448099 0.0025604365681230305 -2.5120270625890315 0.08584849989583979 -0.00026621564039858874 0.9963080206968007 71.94292025745283
0.9960079856594305 0.021341775488989516 -0.08667810966263284 -4.5693449605611525 -0.021682855238865848 0.9997604760463904 -0.0029953431284932487 -2.5765790745405153 0.08659339021254661 0.004862813490920527 0.9962317399144257 72.68821285994862
0.9959384928423225 0.020460952963786645 -0.08768319422451651 -4.599061991028393 -0.021119825811968838 0.9997552490303728 -0.006593037414197785 -2.612673504508252 0.08752680311907007 0.008418110773861804 0.9961264744049327 73.38685702267246
0.9960268761382306 0.01920077754579528 -0.08696133494527092 -4.721174008159367 -0.020078184349551994 0.9997559079410463 -0.009226141523846284 -2.621346115167787 0.08676292904430824 0.010935507301165413 0.9961688180667128 74.18677527386522
0.9958888523245251 0.016191675456425966 -0.08912771056389876 -4.743855395432701 -0.01687293114542185 0.9998339408640886 -0.006895431603562649 -2.6735001752368275 0.08900123035566251 0.008370926718541888 0.9959962030188773 74.84459973917158
0.9959811678512085 0.016974603478327955 -0.08794236623546169 -4.887062907579517 -0.017496757127414556 0.9998336239659501 -0.0051699597282813215 -2.6938876604017206 0.0878399455193906 0.006687887229018296 0.9961120061258661 75.50154442404555
0.9959587623505161 0.015374026361819141 -0.08848906874325352 -4.969534980549139 -0.016109063159943864 0.9998414434410063 -0.007598343852414093 -2.692028707117124 0.08835819141271892 0.008993110410302234 0.9960480250004308 76.22397938714481
0.9958057848451829 0.011369370393957499 -0.09078600359343705 -4.955628812968868 -0.012532323751625251 0.9998464879596076 -0.012250035894968488 -2.70164515276003 0.09063276011535161 0.01333641127771577 0.9957949555929312 76.73965012241271
0.9958898556927472 0.006743571494331008 -0.09032439441103748 -4.930090025730043 -0.008335274726954386 0.999816422972484 -0.017256447097765214 -2.704578944984684 0.0901914128299123 0.017938392121740965 0.9957627629642227 77.21418379629264
0.9961332986057099 0.011337673453991715 -0.08712307360154475 -5.000189110692542 -0.012884299853655232 0.9997689407250743 -0.017210395549003277 -2.7334170437907535 0.08690778823067664 0.018266361452419992 0.9960487409728656 78.03991995045548
0.9965684438325604 0.020990494219310075 -0.08007051878631191 -5.102611059842674 -0.022237568423861716 0.9996444634710095 -0.014714809617259168 -2.7400276184224275 0.07973315827405378 0.016444882741333076 0.9966804338176571 78.53451870202797
0.9969815296245572 0.021238217227067927 -0.074681830485915 -5.135697836379732 -0.022259262664464336 0.9996694584894471 -0.01286617000074411 -2.7596256367546244 0.07438387636423045 0.014489690713473913 0.9971242525952798 79.07765939589324
0.9975515018064379 0.017767858806588703 -0.06764571188988015 -5.244826233653306 -0.018481982804690024 0.9997797755654256 -0.009945592410999984 -2.7888453981769223 0.06745408983328023 0.011171463430746346 0.9976596922450173 79.5174301395172
0.9981833629154897 0.012607389359232415 -0.058921045805764634 -5.270584180127251 -0.013090110880765851 0.9998838517087042 -0.007813820178892482 -2.8082904374757427 0.058815680577522726 0.008570905319766698 0.9982319475813692 80.03574833117467
0.9987251135500947 0.017052089163456918 -0.04751819136221092 -5.291804848710472 -0.017403518331656622 0.9998241399342406 -0.006991702301616879 -2.82610067473527 0.047390609126877516 0.007809770066282531 0.9988457593566312 80.54992672306236
0.9992310674668222 0.022150944026101113 -0.032360577294727196 -5.30924523192426 -0.02240679961509566 0.9997203552795173 -0.007565187911984588 -2.8552741674756765 0.032183956514027966 0.008284465333514509 0.9994474905874458 81.05594563754805
0.999604605487016 0.02495811499344549 -0.012972797018738741 -5.344133902141432 -0.025040100347089277 0.9996673041256008 -0.006196267662824962 -2.882918184358164 0.012813848770530694 0.00651865667868541 0.9998964881301013 81.49247074166821
0.9997089092719817 0.022808938277737292 0.00790193259959267 -5.4305946332928325 -0.022776684075114767 0.9997320563849179 -0.004148004796774537 -2.9145026129003075 -0.007994400585550966 0.003966817902673986 0.9999599894501929 81.936436874875
0.9992330983007026 0.020999312549850692 0.03305841301773428 -5.376696302416383 -0.020878061217882223 0.9997740792091402 -0.004008764809696362 -2.9032281774633257 -0.03313508530892638 0.003315495569679287 0.9994452022004191 82.4848987848258
0.9976250426769092 0.025081558498014703 0.06415469051927632 -5.35903962632772 -0.02479407930038914 0.9996787530472468 -0.005273382688099258 -2.9141107217970803 -0.06426628891407897 0.003670202572535063 0.9979258777601822 82.83349278270985
0.9951658352463991 0.028363871626859327 0.09402686811905393 -5.265392142512214 -0.028481747423723232 0.9995944026633629 -8.837343422922646e-05 -2.967493016253035 -0.09399116452536414 -0.0025900992990891608 0.9955694822909814 83.20302154559417
0.9909885196931455 0.027218634240197385 0.13115447915860678 -5.23045364074424 -0.026867499379781893 0.9996292188534078 -0.004446375566262761 -2.92873990576328 -0.13122677771486735 0.0008825162066926529 0.9913517955995191 83.66603328225615
0.9850028474863002 0.03156727095097802 0.16962742809623935 -5.0800931292779135 -0.03164022920217748 0.9994968209580701 -0.00227365746599674 -2.99526254741062 -0.16961373372094904 -0.0031274873658937905 0.985505460333561 84.0389082971712
0.9751010079221051 0.021503992887654297 0.22071751869677284 -4.989106362691937 -0.021208268446331377 0.9997682726422685 -0.0037097690104155798 -2.9834697057448563 -0.2207460125554681 -0.0010636339592286887 0.9753305302475773 84.66064934003833
0.9640045384039827 0.026198631185085964 0.2645931154183369 -4.956182456481426 -0.02507025339346721 0.9996565677802628 -0.007641169496818152 -2.947934180582355 -0.26470226491693344 0.0007327075135000638 0.9643297161107192 84.79807339403065
0.9490452125013291 0.016934307247646666 0.3146856332228598 -4.572813831382258 -0.01499847961531393 0.9998508300209846 -0.008572211893765086 -2.974431699939289 -0.31478367213932085 0.003415610879059355 0.9491570771418856 85.34534099924764
0.9293224073307907 0.01913683589804511 0.3687740463802486 -4.38632559378214 -0.01596366581424976 0.9998047302865408 -0.011654053395358504 -3.0003427378953624 -0.3689248321158222 0.004943386871815817 0.9294458785275534 85.69540426261851
0.8998979392208528 0.012392463522718734 0.4359252183089396 -4.2478019479781235 -0.008778917036150807 0.9999084514496895 -0.010302698393788081 -3.016454289531962 -0.43601273668336044 0.00544442487493646 0.8999238131178621 86.10077586704476
0.8688589900894635 0.014673411867771224 0.4948428308411828 -4.057073797129716 -0.010377008984824874 0.9998809160332688 -0.01142890761851698 -3.0232811157391084 -0.494951319684983 0.004795120065457097 0.8689072526791156 86.49536095595128
0.8319360338268078 0.008638025400345618 0.554804935004286 -3.8413462348229475 -0.006936014960650898 0.9999626568643882 -0.005168282057858738 -3.114591057502233 -0.5548285379542071 0.0004515470351242473 0.8319643766207352 86.79285628087521
0.7902231610482973 0.0071948025526581095 0.6127775308548051 -3.6361516301364847 -0.0032760981253105123 0.9999664591130975 -0.007516135591335715 -3.1184815385106806 -0.6128106964195715 0.003931905368665467 0.7902197309717404 87.06767076837643
0.7531404569168701 0.009120367286372232 0.6577970801003792 -3.318335405058419 -0.004591416391302466 0.9999524836656486 -0.00860745562554829 -3.145681422733305 -0.657843924704691 0.0034624032658111714 0.7531460973718022 87.21473050760869
0.7177491306571254 0.00751803531474144 0.6962617674993373 -2.94910837950933 -0.0016088457233976602 0.9999570347584562 -0.009138763451029857 -3.1378037984567486 -0.6963001191153713 0.005439160932080517 0.7177299445171408 87.38092398796603
0.6788963409939704 0.0009214670364676575 0.73423408344857 -2.5980173228564554 0.008174108317371084 0.9999278702344103 -0.008812964914536885 -3.1487212611370907 -0.7341887676570212 0.011984793580376324 0.678839401605018 87.61377082932114
0.6166534278583059 0.0037270191784273313 0.7872264278134373 -2.2406682858865006 0.007900623372179585 0.9999092440878435 -0.010922695011400523 -3.1837072749296684 -0.7871951691712359 0.01295509103428219 0.6165676369644533 88.07669531390542
0.5677821922325074 -0.0054630165849193 0.8231611931727146 -1.8917161028421994 0.01569198309687244 0.9998682380781924 -0.004187926175192345 -3.222862726972142 -0.8230292914654405 0.015294854314848717 0.5677927416262476 88.28998713452839
0.5345127234292107 -0.0031696912383649967 0.8451549708852724 -1.311689818621502 0.0150496514528667 0.9998702619253049 -0.0057681212200700795 -3.2161721361491833 -0.8450264775986795 0.01580241429878111 0.5344907094617405 88.45367184669033
0.4881462036461775 -0.0050393500690969605 0.8727478069031747 -0.9576244759913527 0.021093857644131648 0.9997594750696612 -0.006025515386905301 -3.2054220263309907 -0.8725069201693234 0.021350938877654824 0.4881347858524095 88.5578657170704
0.44190392249202337 0.005709483565273795 0.8970446838055176 -0.6717137138855042 0.019866499711562475 0.9996723618558768 -0.016149367052667483 -3.143688565176963 -0.8968423615723244 0.024957592712367825 0.44164541482085634 88.67314652980562
0.40623797163826747 0.007661800540269962 0.9137356546992983 -0.4126082101257755 0.021572992999378593 0.9996058941605767 -0.017972983329442447 -3.1449538429599193 -0.9135126212582111 0.02701330604757486 0.40591228854683686 88.69104839466405
0.35337455192633405 -0.0034905959465712944 0.9354758546120704 -0.037678232631388975 0.027704161474699396 0.9995936668337784 -0.006735368104477005 -3.210036114895501 -0.9350715493275565 0.028296667155516576 0.3533274199477091 88.90333135924115
0.3155612605043447 -0.00403234127810984 0.948897079988639 0.3410915960841505 0.030706526310137837 0.9995108238058977 -0.005964216339763021 -3.1909101570445957 -0.9484081811489112 0.031019391377798564 0.31553050140798256 89.02944665676702
0.29239677501520234 0.00016040377636658207 0.9562975313938754 0.7548953022822881 0.025024724837839556 0.9996564317877764 -0.007819223681211044 -3.1726860000544037 -0.955969515631618 0.02621738437510658 0.2922921167294368 89.0519700505483
0.25871032837242514 0.006416693465131452 0.9659341151591867 1.1911602582280485 0.021329727493841634 0.9996963705398013 -0.012353817153912879 -3.1933817967660043 -0.9657193334564413 0.02379915942267121 0.25849474818658813 89.15309271593006
0.23445829158214265 0.01356385999812457 0.9720320224015633 1.5060605680907921 0.010099288457302106 0.9998149224858763 -0.016387545604149685 -3.1409658611160327 -0.9720735929889037 0.01365902446818642 0.23427777540554237 89.2196839355561
0.21879091240099008 0.015151911788351735 0.9756546064077587 2.093327347328895 0.013364620538973603 0.9997393259926236 -0.018522976976140047 -3.184471831711971 -0.9756800879684839 0.017091906748808536 0.21853126359860148 89.09307250096644
0.19613744008590905 0.013215691144663528 0.9804878584052984 2.434365113040671 0.01973604275944187 0.9996536242865611 -0.01742204119896009 -3.2418673613793816 -0.980377598518375 0.02276805369864037 0.19580859403616208 89.10954990849758
0.1671242184476826 0.021724641636178446 0.9856969725277198 3.161527263366878 0.020120780008667776 0.9994740615545125 -0.025439760304550856 -3.2225859917364756 -0.9857303197991312 0.024084580892009683 0.1665991477618849 89.20969922191873
0.1556539744085785 0.027957685666060647 0.9874164005534262 3.7260507711199145 0.022430110976914552 0.9992418334945217 -0.031828348631424044 -3.2205067069263515 -0.98755677616177 0.027102054912882388 0.15490881726788605 89.23852672065463
0.14090717194157412 0.028935086609642093 0.9896003688859657 4.079457280498696 0.022192905301944437 0.9992295038177118 -0.03237664664676845 -3.2364071829953267 -0.9897738587313567 0.02652419556459187 0.14015641397474277 89.25489702894855
0.1321763606822258 0.028087683075189395 0.9908286915989556 4.234439450261431 0.027862245544141347 0.9990984017136247 -0.032038938200470504 -3.2393822956343863 -0.9908344008727723 0.03184148360665382 0.13127457290881583 89.25229071110856
0.10863496748072515 0.02360899016449311 0.993801835459071 4.748285071300001 0.031626847468025986 0.9991299487060895 -0.02719278785963311 -3.258756779444047 -0.9935783239141042 0.03438488385867221 0.10779376394904516 89.38164443363895
0.09519867685993964 0.01859145972405024 0.9952851775117045 5.345319124046507 0.0371605895851853 0.9990624859821079 -0.02221642744301785 -3.2835879763316083 -0.9947643002593294 0.03910033051075184 0.09441856144726754 89.34359640098347
0.07315786621497362 0.019964861644078624 0.9971210164546666 5.644084788212643 0.04818926898475772 0.9985612269122758 -0.02352931221744813 -3.2794901723933347 -0.9961553073536777 0.04977185251535394 0.07209053815684316 89.48559571906985
0.06153415708632096 0.022336425885085887 0.9978555215492863 6.046786853046974 0.05311897299779075 0.9982596306526397 -0.02562113900835185 -3.291395240229351 -0.9966903009359585 0.05458159783145724 0.0602406099758439 89.58534923434411
0.057610137815125216 0.021790748130632854 0.9981018277765576 6.587716507136742 0.040560375015722606 0.9988854152938411 -0.024148999483539907 -3.31397404689825 -0.9975146865317299 0.041874585741987116 0.05666212148248311 89.59843146355917
0.055342074365088305 0.025275439596815472 0.998148018264088 7.185859601072305 0.04470347571968469 0.9986145846980382 -0.02776583880433397 -3.3040799327356867 -0.9974660373901086 0.04615727496335257 0.054135540064175834 89.51249547147106
0.0517017567070654 0.026082069164054464 0.9983224225576984 7.748719047123888 0.04415290602672963 0.9986218888303835 -0.028376522805886158 -3.335016760476415 -0.9976858746535838 0.04554592278353342 0.05047894695516839 89.53597685663124
0.04848642593429517 0.028137945814320258 0.9984279539240838 8.241766712700267 0.04032327154055511 0.9987332800123437 -0.030104771660694894 -3.3248026894115403 -0.9980093743936049 0.041719529337915603 0.04729043744923625 89.53534599164354
0.04201168206947943 0.029318832489384123 0.9986873499297539 8.725252866459138 0.039546861634899746 0.9987374286322277 -0.03098392677025437 -3.3310224010951486 -0.9983339266851952 0.04079661507792366 0.04079922186711752 89.57208440011189
0.03759149684803097 0.029730561798202257 0.9988512981769613 9.45086327885945 0.03540732746381034 0.9988902554299177 -0.031064275001537862 -3.346149018041314 -0.9986654662700848 0.036534391390648874 0.03649715439390134 89.6428170496904
0.03678816689203064 0.02973027704507313 0.9988812018665454 10.596788139355375 0.041803249181739756 0.9986368543723637 -0.031262598854868186 -3.34376702773418 -0.998448110205935 0.04290655237016874 0.035495251473378016 89.50658584092126
0.03543439221783659 0.0315174734966603 0.998875328643271 11.226025502813796 0.045289423349585065 0.9984252899756404 -0.03310988825791969 -3.363359280961547 -0.9983450461305862 0.046411692920240506 0.033951238777654075 89.45291654386463
0.03378932509456529 0.03133458537227763 0.9989380929802781 11.977871322667148 0.04550758411578822 0.9984237286206952 -0.032857759468370974 -3.369465270308224 -0.9983921648498423 0.046569477766847465 0.032310156934491914 89.49636396916236
0.031356869596742665 0.030164598857416382 0.9990534161939061 12.663066118063233 0.04143460653897223 0.9986462894790615 -0.03145280013972248 -3.4126204607108286 -0.9986488546828987 0.042381626295899366 0.030064618721891086 89.58407845651125
0.030351775984867282 0.028226178822158048 0.9991411151601772 13.628700533419167 0.048351674670080724 0.9983897707173622 -0.029673776827983608 -3.4771680989427516 -0.9983689493852654 0.049210770364371645 0.028938175205336043 89.73806223498336
0.03366582476654022 0.027447291541990684 0.9990566496007565 14.286291784213773 0.054806169421498255 0.9980682466313047 -0.029266979085513536 -3.502782066741044 -0.9979291543471631 0.055739729014716834 0.032096563242763596 89.78428588407084
0.03668479779496502 0.0266937630215334 0.9989707944685619 14.962707419568407 0.056942027326966196 0.9979634931075065 -0.028757910672633908 -3.563086353359511 -0.9977031373120626 0.05793836175480821 0.03509014238295219 89.8651460211803
0.03525224444272551 0.02433243122148365 0.9990826547723479 15.545720947032432 0.06166265928872758 0.9977460966615231 -0.02647562757594967 -3.62190732146573 -0.9974741431909423 0.06253937745316909 0.033672439223759294 89.9319186313947
0.029504938677700064 0.022156259653717897 0.9993195042949942 16.21144784911271 0.06129920999883918 0.9978326889776499 -0.02393316139901954 -3.660854139601209 -0.99768305807163 0.061963602573618395 0.02808288999975635 90.14775241666023
0.024075580078211773 0.020175942020763112 0.9995069975910719 16.92063424304836 0.05714690339660853 0.9981339313030504 -0.021524755655228156 -3.7011324677472563 -0.9980752682764987 0.05763691167113354 0.022877725098996916 90.3619260060422
0.025298778312159292 0.01970978750017011 0.9994860612505696 17.722462334239893 0.0521759494297584 0.9984170735072854 -0.021009380336627102 -3.744120316494718 -0.9983172461772997 0.05268060962570066 0.024230418068022324 90.49075009690988
0.02578314581067161 0.01854935367476096 0.9994958646112011 18.356744137124764 0.04888971181019547 0.9986082299600789 -0.01979405158810197 -3.788848444639339 -0.9984711704948048 0.04937538687693323 0.024840450618725304 90.54013550199096
0.028929431882499825 0.02221090364606689 0.9993350634860976 19.013273136305234 0.04719298054424132 0.9986080961619197 -0.023560924608385717 -3.812126719191002 -0.9984666171772869 0.04784317569581972 0.027841024481670803 90.65852430895302
0.03678088439179749 0.024699264046202624 0.999018491620778 19.815954379866533 0.04346619682253339 0.9987090928468733 -0.02629191477135647 -3.8531573545515965 -0.998377430579241 0.044390548808071625 0.035659873710310985 90.58626460835718
0.03598879413581776 0.028830018198892526 0.9989366888278336 20.751221421379466 0.04088864995114104 0.9987044789797842 -0.030296422288985037 -3.8918455858673227 -0.9985151881223182 0.04193547927866196 0.03476340413233084 90.63511092912337
0.03659423277557327 0.02801542838355202 0.9989378592749916 21.479785932884997 0.04648045814394742 0.9984776451936195 -0.029705250959243094 -3.9087650787680035 -0.9982485069347787 0.04751810245924676 0.035236406554348544 90.66647179132111
0.03492516560320876 0.02973104424460995 0.9989480190701864 22.261397446848616 0.04128612602755055 0.9986613749548565 -0.03116596152594268 -3.9392143730204943 -0.9985366235020876 0.0423311447152897 0.03365098846276943 90.79353734803904
0.03622829105836908 0.029752149683623427 0.9989009581588413 22.851112330734846 0.03923637093871429 0.9987438604140515 -0.031170505476164935 -3.969644218967702 -0.9985728106989443 0.040322480810497247 0.03501547049851064 90.77423657214929
0.030289005437648647 0.029641351843531522 0.999102001472577 23.59629040046119 0.03325421289951511 0.9989771629121634 -0.030645796403532467 -4.007418583051352 -0.9989876476231887 0.034152564531814665 0.029272384840318924 90.88826903296965
0.03529563544911437 0.030733103514796696 0.9989046525929345 24.7297810290449 0.03626822062164796 0.9988294422264619 -0.03201230657498946 -4.010911968804003 -0.9987183940410699 0.03735837089448506 0.03413973940933037 90.83547392128462
0.036277818902372305 0.03035701181227555 0.9988809790493953 25.396184618519808 0.03256327980853682 0.9989720629983323 -0.031542430894522994 -4.047953857545827 -0.998810885918883 0.03367111604557914 0.03525205635932828 90.90132632252694
0.038566492495305825 0.03267495683392841 0.998722117446806 26.30039983159378 0.02623972114436062 0.9990877105134167 -0.03370019107907689 -4.071263433750659 -0.9989113027017202 0.027505876331948228 0.0376739773397237 90.8456871533541
0.035063441089407475 0.03219819966956383 0.9988667170193509 27.09460482499587 0.027477813225139876 0.9990721976435541 -0.033169386730603996 -4.078767786724009 -0.9990071062216654 0.028609693720173444 0.03414622637295028 90.92048586058134
0.03265645985885678 0.03181453372269539 0.9989605751792396 27.94882115553647 0.02723595638345178 0.9990940046125656 -0.032709139891191806 -4.117458865727202 -0.9990953160136575 0.028275800119038765 0.03176042789537435 90.88404730036895
0.03292130485346348 0.028735240287893437 0.9990451875723892 28.892776468968734 0.025886142513457267 0.9992270304957173 -0.02959349103582576 -4.149846545943848 -0.9991225014770612 0.026835672886873118 0.03215206641004746 90.76056259020937
0.03397411477892403 0.02649217667681036 0.9990719594959641 29.737210425527252 0.014094845303243323 0.9995367845448264 -0.026983807357564366 -4.219845745652947 -0.9993231536516368 0.014998516871652351 0.03358502644807115 90.72110990725231
0.029988992470830585 0.02391405662616091 0.9992645674274683 30.613224180647745 0.010414247992828996 0.9996523205808683 -0.02423587953125566 -4.284958451638183 -0.9994958167924132 0.011133402844743704 0.029729574631011876 90.70846085489362
0.027511836514890295 0.022984662822961615 0.9993576208836655 31.485884114423296 0.016809743135441875 0.9995839369017554 -0.023452630647348056 -4.337644166495879 -0.9994799482003304 0.01744416909096022 0.02711408117091971 90.6139974990105
