0.9999982765528649 0.0010505880328982812 0.0015307376773500282 -0.004601631182416115 -0.0010432982364217598 0.9999880477044119 -0.004755626957217659 0.003586845294627921 -0.0015357148469581636 0.004754020731228335 0.9999874203480846 0.9999829796208002
0.9999964175504087 -0.00069603277488974 0.0025846526308800407 -0.012859897398208003 0.0007105574767328898 0.999983838071246 -0.0056230521397215615 0.005402560612500779 -0.002580696499312148 0.005624867526061614 0.9999807502424343 1.9632679198991134
0.9999941854102391 -0.0022251536782953016 0.002584151997570125 -0.01049048469496653 0.002228947433874464 0.9999963410334313 -0.0014661907898484326 0.00033082257705327727 -0.002580879510910321 0.0014719411898885882 0.9999954862113286 2.927002205286048
0.9999872895804908 -0.0040107041785348695 0.0030553123779223043 -0.03915895465174475 0.003998413831781594 0.9999838333632217 0.004018170130532166 0.007128667740590596 -0.0030713782401359186 -0.0040059036680701625 0.9999871596051051 3.887424357887089
0.999965187134848 -0.008013091189659954 0.0023269905004218677 -0.05832599058182726 0.008005073106139775 0.999961959120332 0.0034349842602917516 0.02225348902116739 -0.0023544262431957476 -0.0034162379632785853 0.9999912929612702 4.845777606557775
0.9999564688360466 -0.009173915159723257 0.0017028524497721942 -0.06267487414213675 0.009173099694079445 0.9999577079390893 0.0004863994003901732 0.03920749863146389 -0.0017072419125218907 -0.0004707588055189982 0.9999983318531926 5.778362824536954
0.9999494929426304 -0.009905335434741822 0.001701729803506606 -0.07375670943653977 0.00991161422897534 0.9999438541919904 -0.0037213420894116034 0.05016011165844892 -0.0016647724029526364 0.003738020010751967 0.9999915278284811 6.715773289046777
0.9999535691515828 -0.009589155220908196 0.0009526980614437341 -0.08004247113785132 0.00959313860622591 0.9999447771148903 -0.00426783696116001 0.04903838008745887 -0.0009117196353210709 0.004276777152193434 0.9999903389203754 7.645727884955029
0.9999561584645303 -0.009359713666854947 -0.0002773042301375749 -0.08587757664330097 0.009359226760491113 0.9999546394693769 -0.0017099392541444739 0.035645145489661315 0.00029329729953464826 0.0017072679199341592 0.9999983996037802 8.575087168054198
0.9999566241868235 -0.009309136199222162 -0.00029952783029865715 -0.12175074159603726 0.009309279472510673 0.9999564531743927 0.0004786232150405509 0.03464325688658261 0.0002950603255250601 -0.0004813918573297941 0.9999997406014202 9.504894786643387
0.9999325566972437 -0.011607348526947218 -0.0003892271177144205 -0.15850465877814504 0.011608198902286551 0.9999299764174292 0.002256544716078174 0.024709355138081292 0.00036300848329634745 -0.0022609117677508785 0.9999972782503989 10.427272689736027
0.9999066403492697 -0.013601382604146882 -0.0013087958154542583 -0.15059719122071494 0.013605775885393256 0.999901530305933 0.0034077228034218128 0.0109975988781621 0.0012623184990000283 -0.0034252128571802512 0.999993237216542 11.377887914674151
0.9998972493893327 -0.014180160522925627 -0.0021008750477287856 -0.16225399515054845 0.01418781231385225 0.9998925029538887 0.0036726749019416775 0.006708028212281003 0.00204857154948554 -0.0037021053685334163 0.9999909488505928 12.26196354393741
0.9998975953723099 -0.01400108872639968 -0.0029611224397799916 -0.16427044822627354 0.01400730810366152 0.9998996090354622 0.002089783548005175 0.010283148500600131 0.002931567560273182 -0.002131047914478648 0.9999933322570852 13.172086785067165
0.9998692727605631 -0.015824951088169253 -0.0033178704777144684 -0.2023243957164923 0.01582468476514468 0.9998746761311861 -0.00010687566785112256 0.010136635178746457 0.0033191476835922763 5.435642611333439e-05 0.9999943901408123 14.079870917006645
0.9998425716554418 -0.017150011205406577 -0.004550709936385309 -0.2090802823416436 0.017143501574611784 0.9998518647453286 -0.0014659359679300374 0.008240831883326409 0.004575178596826273 0.0013876890688700977 0.9999884709689522 14.984256037290155
0.9998566469276122 -0.01571143834430676 -0.0063115957181865846 -0.20407110169284615 0.01569179940392519 0.999871816413352 -0.0031493202174267577 0.025929715065871693 0.006360269344770526 0.003049827441904802 0.9999750224588954 15.885037019772046
0.9998708212447995 -0.013528254736638736 -0.0086791178580137 -0.1970776473382661 0.013482884747452276 0.9998951403764663 -0.00526498883977147 0.04069240055732486 0.008749436675371326 0.005147288151569479 0.9999483750703002 16.781963894526335
0.9998742374553333 -0.011999785747472664 -0.010368912748613521 -0.20954699222385603 0.011954421279085917 0.9999186474898156 -0.004426086619502139 0.026953633488750055 0.010421184433491394 0.004301574614077321 0.9999363456768927 17.673718644878953
0.999849233729733 -0.012501247280137876 -0.012051080854068003 -0.22084963183622408 0.012458155897888143 0.9999156532947897 -0.0036442663105848835 0.026054603474385124 0.012095625725397465 0.0034935816152272072 0.999920642237831 18.56585396419306
0.9998428342211935 -0.011376335713827216 -0.013597270272865676 -0.23237822261713242 0.011337259339784926 0.99993128694853 -0.0029475337959106273 0.032260469711987844 0.013629871870000398 0.0027929137456277316 0.999903108448843 19.453398056641795
0.9998303652766958 -0.01107806030449562 -0.014714522065384457 -0.2507752896030587 0.011048852573935806 0.9999367276844755 -0.0020648256514919634 0.024849441778602776 0.014736469301293798 0.0019018957805362387 0.9998895035629817 20.334066748249487
0.9997495256052483 -0.012495555561400072 -0.018567364186584785 -0.24281679548261817 0.012461785024363913 0.9999203796786427 -0.0019334536918241382 0.021026318399585006 0.018590050190542023 0.0017015858890471842 0.9998256421716708 21.20834931086458
0.9996933442491065 -0.01261373968912028 -0.02130987743832594 -0.25441702247864534 0.012559009170917528 0.9999173865814728 -0.002700246012141721 0.021665057114635893 0.021342182472326075 0.002431785997876759 0.9997691722567998 22.07749365530019
0.9996656252082713 -0.013071839903926066 -0.02231063887327395 -0.2840162247924917 0.013026103911372537 0.9999126494459978 -0.0021941111213798358 0.019884264089112508 0.022337376610658394 0.0019027557431788437 0.9997485790284789 22.940200394891757
0.9996220109313471 -0.013598285727241222 -0.02389396775053138 -0.29939419949476503 0.013591874385806507 0.9999074334281788 -0.00043075939709837264 0.02294600931153962 0.023897619384618724 0.00010583174351791183 0.9997143055650889 23.797150742759978
0.9996070746651264 -0.013893439174321355 -0.024344782369586305 -0.3211003801796273 0.013949464194920918 0.9999003265247196 0.0021329530986482887 0.02094449156415115 0.02431272769774029 -0.0024717127004669033 0.9997012464143806 24.654780384228353
0.9996070956547645 -0.01322833210998011 -0.02471164394159904 -0.3498644212335373 0.01332390084626714 0.9999042625691922 0.0037066670445160786 0.018229000153008417 0.024660251071026658 -0.004034467195798439 0.9996876488549482 25.481220387415835
0.9995850031159202 -0.013011587045089205 -0.02570058243110302 -0.37169504141079085 0.01307404033397256 0.9999118692527285 0.002263452449217953 0.023406540502179475 0.025668872493597387 -0.0025985245984062413 0.999667022986015 26.305201309119983
0.9995944232929155 -0.01085126637002616 -0.026329427069860835 -0.401939541078853 0.010842504486939115 0.999941005241466 -0.0004755519994634937 0.02542135199727319 0.026333040427484647 0.00018988117168681863 0.9996531073929987 27.11910611681158
0.999541514691356 -0.010319250858361963 -0.028465298771606445 -0.40047818217561676 0.010280713535929154 0.9999459271871298 -0.0014998825698188658 0.011730693987739451 0.02847924398053352 0.0012065502887691737 0.9995935559606862 27.91590615091221
0.9995511963942644 -0.008152160579694487 -0.028826165722427292 -0.43574076282819313 0.008121907026464956 0.999966236426762 -0.0011664657621578175 -0.006103119137436613 0.028834708478661052 0.0009318177855298946 0.9995836590938142 28.707872375422827
0.9994705653513684 -0.009105855819865342 -0.031235750589615276 -0.4449459235575598 0.009075228286427116 0.9999580896000092 -0.0011221796491819895 -0.01996560397122449 0.03124466718924105 0.0008381129356288516 0.9995113148924065 29.493187415600303
0.9993690732116927 -0.009706156591273852 -0.03416497789781213 -0.462680422729908 0.009670505141239486 0.9999524091574479 -0.0012086209558927815 -0.0323434084989862 0.03417509090429296 0.0008774647837064658 0.9994153758676297 30.265176893191683
0.9992990990903083 -0.010402813511772774 -0.03595958397371783 -0.5014413468343847 0.010382900314220487 0.9999457220630743 -0.0007404892328327746 -0.04304435520505393 0.03596534357356226 0.00036660442048944467 0.999352870609847 31.031169466430466
0.9992823089856816 -0.008937305548353949 -0.03681020455711986 -0.5470571487896113 0.008961925425154666 0.9999596141939492 0.0005038673269056525 -0.0353784315634489 0.036804223139741216 -0.0008333970412793463 0.9993220476694129 31.7902845092569
0.9992202947983506 -0.008290469496500525 -0.03860142732327051 -0.5806415185337211 0.008369685131884992 0.999963085607856 0.0018909776619118154 -0.014712520491038501 0.03858433404753239 -0.0022125860770094686 0.9992527978505223 32.533886935085185
0.9991686062770919 -0.008023781386086936 -0.03997142418792963 -0.6293749025238952 0.008193917418494064 0.9999579468395586 0.00409441924739028 -0.02561785892067555 0.03993689957463715 -0.004418538750136057 0.9991923343277928 33.270365603033206
0.9991216124584845 -0.005303099492427826 -0.04156777861854142 -0.674209459532084 0.005476067383109267 0.9999767115398652 0.004048340125742469 -0.0031577146815107877 0.04154535117645512 -0.004272413099725538 0.9991273846326876 33.997016523826844
0.9990726299296457 -0.0025982963495980948 -0.0429782331234639 -0.7111079888667612 0.002744623260969527 0.9999905355511535 0.003346019129023755 -0.0009262533960132584 0.0429691420512238 -0.0034608762186678875 0.9990703056509996 34.738461276987806
0.9989973538963778 -0.0013261240802258621 -0.0447496123919269 -0.75924481199716 0.0014956711552426855 0.9999917294496471 0.0037555281721920546 -0.024557361704806373 0.044744271989072 -0.003818694440826028 0.9989910751347725 35.42709173673173
0.9989441497778366 -0.0007568718998108735 -0.04593486967141022 -0.8018022821768885 0.0009909513936741743 0.9999865394904726 0.005073346272398706 -0.02163326571208498 0.04593042172647803 -0.0051135098319609155 0.9989314535571896 36.11933717318144
0.9988804320358365 0.0005895875312939806 -0.04730258275654209 -0.8314740464902409 -0.0002930157064557978 0.9999801604529475 0.0062763707498103335 -0.0010266252012750138 0.04730535527504087 -0.006255484557145503 0.9988607875148469 36.80701127324956
0.9988713105410665 0.0031667785282149907 -0.047392783620082216 -0.8736682446331167 -0.00284346002709256 0.9999721348438603 0.006887979425328197 0.001918993035071529 0.04741328625024901 -0.00674544658045351 0.9988524815007394 37.48270389643188
0.9989691405817049 0.007244177528720264 -0.04481269403622276 -0.9383712122009915 -0.006996972151900028 0.9999593411745192 0.005670836078930441 -0.0006228831425932986 0.0448519625675039 -0.005351438101812973 0.9989792110306353 38.14268121473294
0.9990355596228371 0.008523581960638214 -0.043073178178294626 -0.9745192770073257 -0.008411577903486013 0.9999606551474813 0.0027809222911121868 0.004406346471984486 0.04309519655669102 -0.002415927892908177 0.9990679495373878 38.794777525006445
0.9991068590118592 0.009119012117863085 -0.04125927100730468 -0.9908233678562928 -0.009072293846655862 0.9999578754049748 0.0013194393912491899 0.0002936872993663459 0.04126957426260724 -0.000943945744122298 0.9991475024417803 39.432265611593884
0.999177798910192 0.010183267094917806 -0.03924317544109656 -0.9965748256065802 -0.010114248704417394 0.9999468348407105 0.001956908024602046 0.009342219229660668 0.03926102568870352 -0.001558384844430163 0.9992276736021132 40.06969550252899
0.9992385655718417 0.01539037103864645 -0.035852826437579574 -1.0296752015058863 -0.01522625971687297 0.9998722306094164 0.004845979640018874 0.011455701181766819 0.03592283520216949 -0.004296386324363432 0.9993452312978603 40.71896906091927
0.9992875387029432 0.019828731250340372 -0.03211286416223286 -1.0516222918840046 -0.019555594438806296 0.9997699650962307 0.008797482035411508 0.007059171634056873 0.03227992749617759 -0.008163229047901366 0.9994454303588282 41.324492398406875
0.9993189365431933 0.024808309425296073 -0.027316853833793706 -1.079956531283587 -0.024542870336850566 0.9996485622731195 0.010009973948954339 0.01035984156441941 0.027555590754140356 -0.00933272354402811 0.9995766053275623 41.92309941564574
0.9993473252792954 0.02861560779408709 -0.02204699800307276 -1.089461729919626 -0.02839445458101744 0.9995438366297261 0.010279774562727393 0.02237594957415601 0.022331108484908296 -0.00964705375270177 0.9997039842443365 42.50805664556166
0.9993483430242155 0.03231902133251878 -0.016073886839027714 -1.1160038120668059 -0.032115892295369396 0.9994028652646559 0.012739017460953463 0.029587976276365523 0.016476005487595573 -0.012214489793234496 0.9997895516537589 43.076178729193444
0.9992822927409304 0.036624040249622125 -0.0096736113738519 -1.1241282095286576 -0.03648760795153532 0.9992370141543214 0.013922796899130447 0.039716572697882126 0.01017614270756147 -0.013559838485579907 0.9998561781423877 43.62432739798219
0.999199801757581 0.03994276301698144 -0.002081224864720201 -1.1425988412871948 -0.03990974791627427 0.9991046945409157 0.01402931522144355 0.04041888800716883 0.0026397327270612954 -0.01393502884378433 0.9998993183403462 44.15113200374396
0.9990410147336368 0.04342718451321617 0.00557943737230135 -1.1470104724366108 -0.043502512225524544 0.9989526657271761 0.014174041300787484 0.05435852741033756 -0.004958055067710636 -0.014403169159161084 0.999883876473574 44.658503987641325
0.9987599098382076 0.04794816880814296 0.013402055962957665 -1.149312585120117 -0.048136107393281634 0.9987415754465774 0.014070575967249624 0.0584405743376979 -0.01271053362368607 -0.01469825099929122 0.9998110840493444 45.141936913653375
0.998425272418514 0.05199125658637091 0.02106855498651855 -1.135879714510161 -0.05223707607448859 0.9985707953164831 0.01128960512428293 0.06989018954099863 -0.020451485990145433 -0.012372387788145192 0.9997141895596598 45.60564218702478
0.9982178070439912 0.05289310971270611 0.027632009505762754 -1.092410817076809 -0.05314009457798033 0.998552629580346 0.008281116602575364 0.07888705512868138 -0.027154006123031062 -0.009734726657663628 0.9995837609517761 46.042956237218036
0.9979603416393276 0.05314206339290406 0.035370564456192806 -1.0753359053438714 -0.05346530760274335 0.9985354797938619 0.00825572945115506 0.0895811647551098 -0.034880042976781205 -0.010129989693475032 0.9993400652937363 46.46438574550494
0.9975957567799897 0.05350857499064013 0.04404018102703315 -1.066821889477748 -0.053992917331859076 0.998492321991784 0.009881720633069978 0.09764977444313207 -0.043445033462481485 -0.012235821424407033 0.9989807876292944 46.86179916917237
0.9971502610981887 0.054835231307789487 0.05181170836445175 -1.0411627967136916 -0.055480560699037854 0.998397976441945 0.011099038399025834 0.10068503841147479 -0.05112009562135071 -0.013941952662871277 0.9985950922285686 47.23338180055111
0.99645972493478 0.05777592930209827 0.06107337587710486 -1.0336430975741036 -0.05857598023835628 0.9982178732023824 0.011390033486528681 0.10607213654908046 -0.060306476617522906 -0.014927143484076696 0.9980681890012121 47.596598286715555
0.9956258761365415 0.06268296276723329 0.06928173850689243 -0.9848198398121947 -0.0635790077234622 0.9979182407741891 0.010802561661719116 0.12584320737375237 -0.06846038667905119 -0.015160175093708083 0.9975385433009678 47.9037336830394
0.9946959651116521 0.06615879607644903 0.07875880066386134 -0.9760470767044113 -0.06725919803630712 0.9976703182396527 0.011399004873606337 0.12096706070589802 -0.07782118779685508 -0.016635798907999218 0.9968284275670971 48.20274474495634
0.9939551894015304 0.06451556751964743 0.08883029171114734 -0.9641284958929712 -0.06592860022921519 0.9977387341031465 0.013062887548177905 0.11091394968436312 -0.0877866797047555 -0.01884038263601768 0.9959610134153977 48.47830849004221
0.9930304829031283 0.06280327939653614 0.09973066476049272 -0.9555123570385207 -0.0643169860883566 0.9978568734833728 0.012032713353407347 0.11110800623102367 -0.09876125417232673 -0.01836322790338576 0.9949416105057599 48.74601719669163
0.9918118690682302 0.06207361170460081 0.11160680990245449 -0.907446095363684 -0.06341167851088128 0.997951358820026 0.008476160083289963 0.11460358821632287 -0.11085204284909404 -0.01548393229167123 0.9937161942394065 49.00316791201053
0.9901243640873757 0.0632859969848077 0.12509445428704052 -0.859791795125816 -0.06441066159584855 0.997911039647205 0.004962306814065824 0.11322328990243127 -0.12451911625672625 -0.012970718402476157 0.992132326364644 49.258598986600965
0.9881403099605017 0.0647929092026649 0.13921423151345713 -0.7785466586905412 -0.06589554572942359 0.9978209006536263 0.0033208705205654784 0.11393506900525352 -0.138695727707041 -0.012455084738533202 0.9902566180355034 49.503543597996234
0.9853119952762502 0.06781191236671744 0.1567220818114039 -0.7607183593054855 -0.06904953010433951 0.9976101011690606 0.002459560181937892 0.11914011457751791 -0.15618077460784052 -0.013245021201510209 0.9876395798247559 49.769980720593225
0.9827557735490733 0.06734017148277474 0.17221029093940696 -0.6802893628274322 -0.06880482568396101 0.9976267984904174 0.002543204222680795 0.12100342189329237 -0.17163037469679576 -0.014348248619063067 0.9850568246587891 49.998100765061544
0.9795319300387971 0.06484898263911427 0.19055655250246784 -0.6268899182491099 -0.0666615848505615 0.9977706945661569 0.0031104823906710605 0.13585406472875267 -0.18993006907722734 -0.015749619539692054 0.9816711899601013 50.24379910436667
0.9731391737254089 0.06256865641119227 0.22155202904818955 -0.7886894194629919 -0.06537315211527661 0.9978464954997359 0.005340720191141109 0.12816210231710903 -0.22074079718878775 -0.019680819439189274 0.9751338242172095 50.4418761319549
0.9683218148678646 0.06243340527987528 0.2417745245092897 -0.7240458043536462 -0.0656669638858851 0.9978272532626236 0.00533135996345215 0.12846876029184645 -0.24091640190118827 -0.021039072021628878 0.9703177087424801 50.672541878814734
0.9627540328314897 0.06362942870815413 0.2627849955759325 -0.6430352154443209 -0.06701576853700367 0.9977440609377836 0.003934027101782419 0.13567144949016485 -0.2619419001116415 -0.021398239779433705 0.9648462932151054 50.90812670117058
0.9561029516706389 0.06396368647667237 0.2859646410608558 -0.5802790080668159 -0.06764112953340104 0.9977051366846375 0.0029897803150919057 0.141124214061629 -0.2851172099367863 -0.022201509980329902 0.9582354018072037 51.14996656429811
0.9491137487956476 0.06307733185467936 0.30855197738363627 -0.48288648543799806 -0.0669539460400764 0.9977540006160476 0.001980985947687928 0.16222164012454138 -0.3077340750660139 -0.022538954296300893 0.9512053158741978 51.38503937179454
0.9403968275844825 0.06590901331344046 0.33363121267391715 -0.36094683094269253 -0.0705555419713562 0.9975061013362376 0.0018150308819140763 0.16016695636247072 -0.33267960888243336 -0.025246381147243598 0.9427018190247849 51.61215146207882
0.9303905964613082 0.06755755001053981 0.36029056216588556 -0.23324089017251087 -0.07314657289922766 0.9973193241820159 0.0018829778024030935 0.15446117157328182 -0.3591976014528336 -0.028105925526551428 0.9328381237968327 51.843242474830795
0.9185129458247517 0.06760850577614566 0.38956774466541144 -0.16776464977642208 -0.0745156560324552 0.9972162847725522 0.002626699346391735 0.14072218521487118 -0.3883057884688162 -0.03144155421012824 0.9209939591370063 52.09089229849001
0.9048261393559506 0.06539769199570931 0.4207288483822118 -0.05679016513591023 -0.0737260619724485 0.997272143199663 0.00354137219055161 0.12662120686426223 -0.4193496456708174 -0.03422300804414074 0.9071794171066686 52.32709807715338
0.8894059854389381 0.06061997699256361 0.4530807548475024 0.07913682964768212 -0.07035658629156219 0.9975109707294694 0.0046492010968775446 0.13064149803963196 -0.45167127850992356 -0.03601224324832945 0.8914572421131524 52.557400158485954
0.8738671530087316 0.057602649660647064 0.4827401859846657 0.2846463327602641 -0.06794848833551882 0.9976808947701018 0.0039542518775618945 0.12190345832397483 -0.4813929806564817 -0.03625695744000534 0.8757545756246945 52.72827227015454
0.8544791909653249 0.054132863001015004 0.5166574224885803 0.4362375477852375 -0.06458239003002783 0.9979097328471563 0.002254077023878218 0.14429496672388242 -0.515455552987115 -0.035293033763550294 0.8561891303469326 52.95398512804392
0.8326426618055476 0.05434863339369339 0.5511373361664565 0.6363474723919128 -0.06491390037775456 0.9978907129839265 -0.0003337197891723925 0.13932105785330332 -0.5499930756647021 -0.03549860544688006 0.8344143606832606 53.161036025511976
0.8078214329626245 0.05543852685219442 0.5868143092980117 0.8425498343462491 -0.06655737393512211 0.9977790083934391 -0.0026395689764294548 0.1380646806278728 -0.5856574497272887 -0.03692451962948933 0.8097171105260937 53.38012825577859
0.7804617921856125 0.05867964411348459 0.6224435822146417 1.0526664421493783 -0.07045061160722325 0.9974988746579605 -0.005701529317241345 0.1391869916920192 -0.6212214599179502 -0.03940170583645013 0.7826437756241722 53.59974757143018
0.7504060941340396 0.06272346646971351 0.6579942052780294 1.2863364028126028 -0.07516193116340376 0.9971275608089825 -0.009333422940481739 0.13716015893678618 -0.6566897121093662 -0.0424522582338867 0.7529650144839128 53.82808293897232
0.7177217192608264 0.0625689965919396 0.6935131998126434 1.5516451475031812 -0.07712231184253551 0.9969700503792761 -0.010132567817687111 0.12799868036277676 -0.6920460119943944 -0.046212977746799576 0.7203725235980748 54.04494554950255
0.681344679633057 0.059637045727380156 0.7295291249038035 1.8382964370168535 -0.0781937110995146 0.9969021462208594 -0.008464969163213007 0.12719514791488884 -0.7277741209195421 -0.05127702835733585 0.6838972146559504 54.262397937382374
0.6429857607297038 0.05684503147963567 0.7637655644868152 2.1684017077195374 -0.0792610615115136 0.9968258482117056 -0.0074641674349128564 0.1277488769015939 -0.761765709143508 -0.05573751638795384 0.6454504231222183 54.46864682586523
0.6001943728704208 0.05455711240497098 0.7979912964432965 2.503076219731279 -0.08071478101033418 0.9967094093754955 -0.007434969182120337 0.13225786043032775 -0.7957712227148801 -0.05994726639629061 0.6026229435011732 54.68662936172432
0.5540087742762819 0.05084130421579882 0.83095685932215 2.8583953896411143 -0.0801391203355208 0.996754951038039 -0.007555814467082348 0.14227669399678167 -0.8286446762133574 -0.062406164493570344 0.5562853652696769 54.890737772595145
0.5060049248954098 0.047081764134857255 0.8612445503396307 3.2418204965298507 -0.08120144196941766 0.9966745687458805 -0.0067772582886793595 0.1412000878021237 -0.8586997972537767 -0.06650497350701541 0.5081453466090052 55.080843039124844
0.45798250983711725 0.04502760207439453 0.8878200146654739 3.650621348552562 -0.08411261779260851 0.9964305279338421 -0.007146469154202948 0.1471393032310597 -0.8849729307788848 -0.07140390782667612 0.46013514268966266 55.24187266291233
0.4084192043440665 0.04423388062321166 0.9117219704355407 4.07796266226186 -0.08914461630397814 0.995983270286818 -0.008388347000937492 0.1451508474031872 -0.908431060073892 -0.0778491433080195 0.41072190623308213 55.40585316848697
0.36023942058428876 0.04537554026690698 0.9317555724346659 4.52595254245276 -0.0948845096053442 0.9954183539712297 -0.011791196284075597 0.13221909590159145 -0.9280218153114989 -0.0841615168749927 0.3628943660724793 55.524394304972866
0.3090391703492972 0.04325311761196757 0.9500651444138521 4.976839533873745 -0.09511718679749923 0.9953621802688337 -0.014375422658053232 0.13704461334392823 -0.9462808842862397 -0.08592495509061723 0.31172001635008334 55.6714666353068
0.26124529335966207 0.032905498473759245 0.9647113241665217 5.453966794369924 -0.09452080263087576 0.9954876939478917 -0.008358884035248777 0.12641177494811243 -0.9606334964841893 -0.08900156947216059 0.26317672785139945 55.78051460938132
0.22108544500908506 0.021936583450223666 0.9750076012485249 5.958832521117551 -0.09681171187128144 0.9953025168242385 -0.00044090093309189724 0.08694938304377739 -0.9704373851257413 -0.09429467805700015 0.2221706171256062 55.80065323811508
0.1800373218237449 0.010447203280753155 0.9836042016613527 6.483011265805435 -0.0943421405534106 0.9955172254259451 0.006694492494210304 0.10395382532121467 -0.9791251826331164 -0.09400058416757019 0.18021586568442385 55.848079916334406
0.1431166282382945 0.0045281551688208235 0.9896953727871672 6.997452068826606 -0.09225537575425147 0.9956965244592348 0.008785133692030026 0.1152562320256326 -0.9853966594048019 -0.09256201699710565 0.14291847504676233 55.886688417896885
0.11132919371398946 -0.005316448966369812 0.9937692633198724 7.531054668470605 -0.08972800000973599 0.9958474568828608 0.015379540812406117 0.12138040487767736 -0.9897245559453627 -0.0908811200983524 0.11038985915874248 55.91047376011345
0.08278617622168348 -0.013713405937461582 0.9964728762472198 8.084382680461077 -0.09042973588172835 0.995676742981911 0.02121527769254499 0.1264218707328766 -0.9924559999793205 -0.0918671104505413 0.08118816968025895 55.920160705752295
0.058456256853169554 -0.021879575198745983 0.9980500744325557 8.650831752899604 -0.09134075319996525 0.995448807424638 0.027172417569409003 0.14331147959096016 -0.9941024760252732 -0.09275104304530095 0.05619171334470831 55.93119577437256
0.03912266913992193 -0.028835629857357332 0.9988181634599018 9.226742079391252 -0.0898884701254394 0.9954291765603955 0.03225862676550056 0.19684518335720158 -0.9951831387728974 -0.09104427990283416 0.03635185472301276 55.93128504191758
0.023502180223322906 -0.03223310363738978 0.9992039205188652 9.809154211627991 -0.08776371081511537 0.9955546610849286 0.03417966332341611 0.22757439460285728 -0.9958640361960617 -0.08849714019095299 0.020568807326580292 55.94084489751587
0.010206467181742465 -0.03315619096441869 0.9993979663467969 10.414922791113419 -0.08830549739390291 0.9955153185639353 0.03392920841127072 0.24582711546370067 -0.9960411473215768 -0.08859863150907249 0.007232819538860752 55.93101134720438
-0.0015987397969416377 -0.03414454242791675 0.9994155263551922 11.016317414785098 -0.08748945472927977 0.9955892517382066 0.03387386388177169 0.2695133589551434 -0.9961641628477881 -0.08738416358671057 -0.004578976512705306 55.93603989141232
-0.007256592715586883 -0.04103068358831707 0.9991314352700277 11.63143226914557 -0.08444413718562409 0.9956139215919663 0.04027292174920424 0.310586484642801 -0.9964017912253746 -0.08407854742170734 -0.010689566363860528 55.865911101645835
-0.013344927671450625 -0.04583514235625739 0.9988597763103501 12.261238487878119 -0.08222689728083252 0.995615625982958 0.0445877110459 0.35321908638034766 -0.9965242848365565 -0.08153812006507656 -0.0170553010215424 55.84234450553479
-0.01834655254230573 -0.046285754899809295 0.9987596472751928 12.90005717932002 -0.08271197247205307 0.9955740541300753 0.044618759319511224 0.3932637620902329 -0.9964046033713383 -0.08179077965372016 -0.022093738740446674 55.83966408556408
-0.022511443633851543 -0.04417101766816534 0.9987702219463196 13.554163845667556 -0.08570721016496984 0.9954307490965342 0.04209155874546125 0.4258182849712845 -0.9960660164021542 -0.08465426717699533 -0.02619435885238688 55.849153831046884
-0.024882171235958057 -0.04251086796397971 0.9987860150285705 14.214969952760146 -0.09219102104895474 0.9949354715704266 0.0400502774897598 0.4708878060149485 -0.9954304060016123 -0.09108256428035534 -0.02867527604664398 55.819649866946705
-0.02594189793015963 -0.0442946367801026 0.9986815324484154 14.895757908338762 -0.09766557026888519 0.9943508137560405 0.041565580146341104 0.5111270660954245 -0.9948811257209745 -0.0964585109527501 -0.030121409223205522 55.79765516901382
-0.02704368732178824 -0.047403029345086535 0.9985095853169014 15.583109038536213 -0.10117686336321782 0.9938751870791249 0.04444273675229681 0.5289448829874528 -0.9945008201585461 -0.09982417200931672 -0.031674140560482 55.77988217664247
-0.02743444867699286 -0.04968346594010649 0.9983880530288521 16.274822851070642 -0.09952673934945964 0.9939370244595661 0.04672709612403376 0.5532011793756657 -0.9946566137015593 -0.09808437500767278 -0.03221294859340611 55.78013103807846
-0.0248459804076991 -0.050327772316723945 0.9984235537905405 16.966228069460854 -0.09245208282862925 0.9945674668669714 0.047832707441521634 0.5700845601888227 -0.9954070974421608 -0.09111788618847072 -0.029363912121680928 55.687213847854316
-0.023395463916312212 -0.05093721725973724 0.9984276900851708 17.668667350427352 -0.08433673024225931 0.9952415922951835 0.04879846590167761 0.6172198105610666 -0.9961626213626888 -0.08306246362578804 -0.027580018071808713 55.6910451613252
-0.020502927000020654 -0.051273871601284354 0.9984740458418178 18.388001789481038 -0.08341336558034759 0.9952898554875489 0.04939752372161582 0.6690688454489765 -0.9963040903393853 -0.08227328639718055 -0.024683282408396817 55.6604768894424
-0.017995646416997226 -0.05073873152901063 0.9985497173211297 19.12485364465244 -0.0873529217453293 0.9949723431416165 0.04898270028749061 0.7197432658876205 -0.9960148712607597 -0.08634475957526973 -0.02233734788302148 55.63679918980553
-0.015473582204486419 -0.050205729694581355 0.9986189228510867 19.862839999986136 -0.09389154759554973 0.9943983981530512 0.048538693477137525 0.7558158698235308 -0.9954621768524772 -0.093010808277763 -0.02010079996611917 55.61958951521246
-0.015527133921670754 -0.04828856508543725 0.9987126326963116 20.597824478669875 -0.09499377778724004 0.9943863387806685 0.04660250206173243 0.8006046054586416 -0.995356765332856 -0.0941478822298691 -0.020027084021354138 55.63497043522003
-0.010174967750315943 -0.0567119909677262 0.9983386300377448 21.32341138852261 -0.08961091618161064 0.9944249359604406 0.05557636178791742 0.832696559056098 -0.9959248735383466 -0.0888965512297981 -0.015200256076368126 55.58832957006332
-0.007541105989504183 -0.05789722049215302 0.9982939665711204 22.05284215013584 -0.08400396814468111 0.9948301811534284 0.05706176784167123 0.8734804943443689 -0.9964368846326402 -0.08343034535180814 -0.012365717063366073 55.59456679153967
-0.007141427174139191 -0.052076840306823795 0.9986174456828232 22.78795098136648 -0.08265447995887087 0.9952563857441342 0.051310475461388234 0.9334784291927642 -0.9965526764605293 -0.0821737752521002 -0.011411936113088576 55.61935215111202
-0.003053309408262016 -0.04797832343285708 0.9988436103188753 23.518291252629613 -0.08678081443845323 0.995092717944907 0.04753287707408367 0.9654605501376567 -0.9962227499646127 -0.08653532904884498 -0.007201924897156285 55.61528271249901
0.002339349636241682 -0.05296750635169835 0.9985933961465903 24.260290911997423 -0.09014695192544714 0.9945191269104253 0.05296257963556944 1.0104342450283814 -0.9959257274023147 -0.0901440485013317 -0.0024483322434186287 55.59053165429611
0.005374566351519025 -0.056619663903742026 0.9983812537442402 25.000456373725562 -0.08955104739943828 0.9943569853401402 0.056873518954855234 1.0325321750586427 -0.9959677323820264 -0.08971175711520604 0.0002738864358455749 55.593634122324005
0.008276808354408338 -0.05622920261867102 0.9983834791109172 25.72417954351841 -0.08490582207269719 0.9947726078118544 0.056729723286295185 1.0788182074046926 -0.9963546034528186 -0.08523811072561976 0.0034593546003216895 55.59298441151391
0.01165999274256089 -0.052976151514180135 0.9985276020718643 26.455657272838547 -0.08457834628890229 0.9949646126280851 0.05377475551629451 1.1280802611078729 -0.9963486076209859 -0.08508082621009973 0.007120643916453943 55.64667921372609
0.015102689735702017 -0.051822133186253845 0.9985420248830736 27.193399525479407 -0.08533019959885692 0.9949459213777522 0.052926099157494876 1.168696905872237 -0.9962382575464394 -0.08600511639317614 0.01060436562892747 55.6623505314538
0.019881205451028807 -0.05554109904740301 0.9982583454298787 27.93253990249389 -0.08802281942923403 0.9944813728028808 0.057084007353477025 1.212469169269739 -0.9959200374174331 -0.08900441261367928 0.014882603403919769 55.620822350750295
0.023416896096294857 -0.05992129422783639 0.9979282979033647 28.667890926159536 -0.08760528147019549 0.9942390947282828 0.06175547453408095 1.247175233976789 -0.9958799945956048 -0.08886991061066637 0.018032570775499246 55.631963055089564
0.02757606673503242 -0.06156740267232676 0.997721812835255 29.40283206681005 -0.08599589218686174 0.9942549749185915 0.06373031286566704 1.2998059228810237 -0.995913784958522 -0.08755740846905385 0.022123096862452327 55.63705045021103
0.030732678237962486 -0.06166220481240395 0.9976237143158667 30.13676286778486 -0.08585651697184542 0.9942433739534684 0.06409815316172893 1.3536896392439393 -0.9958334002140034 -0.0876224049390212 0.025261658612984586 55.640843216359485
0.03410560290207031 -0.06329461123720462 0.9974118509786495 30.875507803083273 -0.08706450923099544 0.9940101605825228 0.06605583490450792 1.4102587706492573 -0.9956186916099208 -0.08909204704708401 0.028390600599876963 55.65637036476863
0.0379972452784909 -0.0652601387218922 0.9971444850909502 31.61601695737883 -0.08791732309558385 0.9937772192958376 0.06838994200481661 1.4615223235498203 -0.9954028097463615 -0.09026490293925507 0.032023299100661796 55.677247399079356
0.04109737605651814 -0.06345110004793042 0.9971382873694001 32.35403625048053 -0.08791389545530354 0.9938811404392129 0.06686723508137297 1.514066731120761 -0.9952799368354319 -0.0904103787292047 0.03526767265642653 55.69718482976166
0.044407243040922674 -0.06070283445108308 0.9971674700205292 33.09489690500233 -0.08594456633779633 0.9942194480464299 0.06435077343313482 1.5785434498427318 -0.9953097649890263 -0.08855876588942886 0.03893346492957944 55.723531436377854
0.046099781281222794 -0.061517503064798175 0.9970407251614295 33.837242866100155 -0.08639889214828399 0.9941160813793783 0.06533184208651929 1.6249395403839382 -0.9951934694326382 -0.08915499738984303 0.04051348885447825 55.770554642407426
0.048731532135649604 -0.05932866585882608 0.9970482174308755 34.58354431339007 -0.08675127104407916 0.9942104797995271 0.06339984430298275 1.6828955171883593 -0.9950374137427934 -0.08958477138558034 0.04330256182121713 55.81077843456702
0.050945769202242974 -0.05778946618855053 0.9970279368917846 35.32562144150622 -0.08613790359251079 0.9943498565594283 0.06203568114366813 1.7469120267392892 -0.9949797938476325 -0.08904235148447938 0.04568005387872765 55.85747650809934
0.055575622277803945 -0.0548232047929499 0.9969481266704341 36.08244499862243 -0.08716998373665881 0.9944122954409234 0.05954311096306805 1.7855941633896872 -0.9946420180868006 -0.09021309712088799 0.050486143298557315 55.872806589582254
0.05869048654973468 -0.053714382364673796 0.9968299718799896 36.83475930713021 -0.08544057768312278 0.99461688370716 0.05862562343370419 1.8371486659886567 -0.9946131582045995 -0.08861049470484554 0.05378516002355008 55.92358143394677
0.0622398236046412 -0.05302689182219677 0.996651470733777 37.58864179253984 -0.08167486639298428 0.99496765274696 0.05803781054784973 1.8935655762420482 -0.9947137379956854 -0.08501363849924219 0.0575956459380527 55.95985072498079
0.06640228025879517 -0.05317971871908264 0.9963746563537493 38.34999840508721 -0.07885738081101125 0.9951754280455243 0.058371072282666865 1.950596776158499 -0.9946719311753285 -0.08244746770741052 0.06188830339030362 55.992298042805075
0.06861084990105362 -0.04695712282001116 0.9965376967653883 39.11295901176877 -0.07758273064120096 0.9956154467158442 0.052255174989004914 2.0007584164976713 -0.9946222756313613 -0.08089938737267552 0.06466695920185339 56.06201529099373
0.06993176705194155 -0.043151769898458835 0.9966179177223851 39.882161880085135 -0.07954917008937826 0.9956409404687975 0.048691358754602516 2.0447105329612376 -0.9943749179736394 -0.08268520071352876 0.06619424187449376 56.15269189678241
0.07319994103507571 -0.045246682023754634 0.9962902728204954 40.65756437378106 -0.07855130082215314 0.9956052567393012 0.050986930402783036 2.0851584335146907 -0.9942190210268594 -0.08199213693342274 0.06932405939770041 56.223518376024714
0.07871807258182158 -0.04509477048464377 0.9958763619151331 41.436081269909046 -0.07627106047830481 0.9957757658618344 0.051118984371349506 2.1388443686826526 -0.9939749445446378 -0.07998053386426093 0.0749461220846807 56.25343818088078
0.0822350938073533 -0.04112840734162186 0.9957638500497041 42.21927538356893 -0.07610701493913312 0.9959712106259087 0.04742226261718441 2.189528724491849 -0.993702727994418 -0.07968438814410994 0.07877362466249756 56.327771078327665
0.08554816099699143 -0.04109107648078999 0.9954862316031776 43.006205004308306 -0.07837504801057162 0.9957754036909625 0.04783825283549247 2.2415980556699036 -0.9932466279828848 -0.08211375547220025 0.08196623850197779 56.42940186173911
0.08994391440832512 -0.04116370682220286 0.9950956955956602 43.81225152901967 -0.07822050392084716 0.9957671267909771 0.04826161149258065 2.2849535809984935 -0.9928704069652162 -0.08217772473788575 0.08634334637445522 56.5182434022047
0.09689081183440212 -0.038140542471548515 0.9945638600719974 44.59206009505245 -0.07524660428930338 0.9961248323702366 0.04553095613035231 2.318803461874032 -0.9924465321240217 -0.07924908425553988 0.09364539643012348 56.552013526296754
0.10308583868519136 -0.036614790410163724 0.9939982240439661 45.38354491564018 -0.06728095060129502 0.9967767279184024 0.043694727670175675 2.352188080276327 -0.9923943689626387 -0.07138145279763256 0.10029008610665827 56.63180429600329
0.11039123213662402 -0.03439065986905097 0.9932929382213209 46.18835220506924 -0.06286117723138948 0.9971585315362321 0.041510674869653943 2.388554507038167 -0.9918983054045606 -0.06702197772577402 0.10791572059496748 56.71376034613876
0.11791890930488479 -0.030995152448105866 0.9925392860962757 47.00347304990265 -0.06084883730132035 0.9974088795709326 0.03837638146484305 2.4332224518579366 -0.9911571771557834 -0.0649201623363112 0.11572734724848065 56.81787774226622
0.1268080622525219 -0.0280718201517132 0.9915298743859745 47.796073946908564 -0.06278853901801093 0.9973675802982411 0.03626720135304409 2.485022394237573 -0.9899380357960499 -0.06685568549793638 0.12471166066635939 56.922447685507024
0.1341054972273844 -0.028276108232664427 0.9905634665439509 48.608265516403925 -0.06427218172318647 0.9972399026472294 0.03716805103016369 2.52450430158029 -0.9888805803887215 -0.0686501148677597 0.13191798486582526 57.04621920908091
0.14105740594753885 -0.0275485120185679 0.9896179525671327 49.420303852178186 -0.06778270555410443 0.9969981870062439 0.03741551578140247 2.5608056355649573 -0.9876782436882537 -0.07235671766893875 0.1387666643529972 57.179911105801985
0.14765324720131245 -0.024519330911639527 0.9887351140324447 50.234715791379145 -0.07401856691260829 0.9966151105858521 0.03576834041165121 2.5949132125297387 -0.9862655678584286 -0.07846606759353209 0.1453385705979453 57.3218846078017
0.15523805223993098 -0.023180004320687425 0.987605001874087 51.04596279707266 -0.08143935637248938 0.996021352373755 0.03617869753749631 2.6410306202059517 -0.9845144886543742 -0.08604622603720948 0.15273264915460627 57.45207121043408
0.1621571852558423 -0.022165478657408602 0.986515861234451 51.86817824999758 -0.08479340844267576 0.995736627064039 0.03631045066546897 2.657236912903512 -0.9831150111531065 -0.08953804263561249 0.15958636127604645 57.58878536387148
0.16908917696237907 -0.02156171046959559 0.9853647796573192 52.65230077091514 -0.0825341123870847 0.9959392992042798 0.03595600000538428 2.6891232795828692 -0.9821389771955179 -0.08740597772527496 0.1666229788309655 57.72767355058956
