0.9999984578254534 0.0007406302433590816 0.001592423799653418 -0.011007272963052706 -0.0007342299479652513 0.9999916660852383 -0.004016051101874584 -0.017117241704182332 -0.0015953849374341314 0.004014875703179239 0.9999906677164488 0.9615346826946558
0.9998660664770237 0.009491804321581027 0.01333247008191799 -0.01909356989223077 -0.010398002058840736 0.9975185987030081 0.06963136358546894 -0.014313401545222317 -0.012638459595566472 -0.0697606686629955 0.997483693323727 1.9203800513889033
0.9997754594576995 0.01881632729140021 0.009745588407510592 -0.006266744302824447 -0.019769691795284358 0.9938098336996163 0.10932142392166617 0.053319849570392465 -0.007628233902101032 -0.10948954410903391 0.9939586760918839 2.877146792524391
0.9998274090917905 0.017106861570641865 0.007246193207508682 -0.027788105189761034 -0.017679323139682145 0.9959513000978389 0.08813880738214572 0.16719233917123102 -0.00570907716889057 -0.08825170321657921 0.996081845692036 3.826430217319578
0.9999813153986029 0.006086987036447579 0.0005634203559340342 -0.042614091131067316 -0.006090249757359394 0.9999635576695697 0.005982657495595298 0.26332228286325443 -0.000526983464964059 -0.005985977082710712 0.9999819450204053 4.775639419066067
0.9999103946118096 -0.0038969581026601823 -0.012806891301221163 -0.04835972620523007 0.0026302851580126403 0.9952346023873804 -0.09747393400709599 0.2826786503925537 0.013125713208916368 0.09743151404129098 0.9951556741155523 5.7038426968645
0.999653800877156 -0.011560529922311887 -0.023635408601728695 -0.07292728426693391 0.007169155181867413 0.9839914593266371 -0.17807136543030533 0.2017343809640294 0.025315639550160352 0.17784027136773717 0.9837336815795299 6.632940432812935
0.9993027459516394 -0.016760184819823862 -0.033363425158682 -0.10269191755969405 0.010094479221453751 0.9815864211985394 -0.19075166895178294 0.038549505125007946 0.035946118326757745 0.19028188017635395 0.9810711914299542 7.543189945097697
0.9993552961779031 -0.01578583563487644 -0.03224592058670549 -0.1402576320606829 0.011702918263334104 0.9923258549296451 -0.1230952450026831 -0.14764497453291767 0.033941622019243146 0.12263851365479576 0.99187083900236 8.44815522007934
0.9999697029349204 -0.004233943138375099 -0.006531993397749827 -0.20568991559283056 0.004169023051975881 0.9999420988682102 -0.009920592614900494 -0.26124228664166876 0.006573618412969728 0.009893060019009836 0.9999294549639094 9.364506222086943
0.9996288163642147 -0.00870771757577097 -0.025814824208191506 -0.24818638811841534 0.007821879063438576 0.9993837252993802 -0.034219699219157684 -0.2806251985952323 0.02609689066145931 0.034005076993785625 0.9990808811284754 10.283094566215855
0.9986878595182623 -0.012775595464347944 -0.0495917675765115 -0.26443373503363093 0.010642689704067875 0.9990167670671485 -0.043037568176716896 -0.32903973814673343 0.05009283787822699 0.04245330704708361 0.997841883423457 11.22907553988937
0.9979700811170469 -0.014275464772898065 -0.062063904975052986 -0.318699969488873 0.01201236297105991 0.9992546605686645 -0.03668550759706958 -0.37434297978361325 0.06254134897079028 0.03586550483850587 0.99739773672873 12.10691812117207
0.9978676782865596 -0.014621172529813408 -0.06361067477118176 -0.37520831121557735 0.013327026849499619 0.9996964534885011 -0.02072175759597978 -0.40747748970908904 0.06389434236569269 0.019829830971726893 0.9977596357927538 13.011155923820143
0.9990755966761974 -0.015058836371429647 -0.04026392396722419 -0.46812878737907043 0.015151468476050563 0.9998832167886896 0.0019964436684475843 -0.42826821332218273 0.040229157698355424 -0.0026046557239961803 0.9991870849042437 13.91120826159214
0.999818799656191 -0.015566382094901882 -0.010956988752808506 -0.5081537357291408 0.01584711892756894 0.9995358304138453 0.02601908031810599 -0.4282143786951428 0.010546879905884047 -0.02618800235566053 0.9996013964860546 14.811103114307242
0.9998384979157834 -0.013828898464492314 0.011477789541954041 -0.5087486702183633 0.013412935682164534 0.9992775649986843 0.03555898264414739 -0.385771804645398 -0.01196123914553775 -0.03539928894143806 0.999301665714885 15.707359699078186
0.9998059096720212 -0.011362782791796106 0.016094413693227068 -0.4856702612709374 0.010941143038730082 0.9996008165445677 0.02604801244702285 -0.33635597096533715 -0.016383966977149375 -0.025866865497401713 0.9995311255260795 16.59905825161997
0.9999050792820947 -0.008894249971208084 0.010522582540318053 -0.47598387999341213 0.00873271834808473 0.9998448346634624 0.015298569444465995 -0.32218504519801444 -0.010657019101097894 -0.015205226543652334 0.9998275996538778 17.487087684739684
0.9999466301900362 -0.008548627743423713 -0.005801528703338692 -0.4685735273424533 0.008541507556413084 0.9999627381736513 -0.0012509647946834504 -0.30551593464621746 0.005812006560133465 0.0012013442296717751 0.9999823885208112 18.375300071140767
0.9999675932798159 -0.007973629383649398 -0.001110686555700461 -0.4744936590977942 0.007972375553730114 0.9999675830298691 -0.001128768103889331 -0.29718635265406396 0.001119650929128059 0.001119876713872712 0.9999987461281853 19.264216125153272
0.9999655501067051 -0.008180401012364889 0.0014069964717837139 -0.4818886176369852 0.008182202737625857 0.9999657065112137 -0.001279593642364989 -0.3029765672533305 -0.001396480631838569 0.0012910618908838075 0.999998191498884 20.146432685859565
0.9999481701847746 -0.010074365221182354 0.0014710912655657529 -0.4598175616167767 0.01007768819298144 0.9999466440830461 -0.0022691821740660647 -0.3061780393888025 -0.0014481522041674176 0.00228388976185106 0.9999963433446891 21.02183315419132
0.9999388464810705 -0.010665735590193376 0.0029232486083154356 -0.45398065879426835 0.010677082363387106 0.9999354168807718 -0.003893838682145166 -0.30584238632127303 -0.002881529161987404 0.00392481232636725 0.99998814624869 21.892458438183517
0.9999267737238214 -0.011643625055388698 0.0032974514157285864 -0.4626460943673874 0.011657847265503543 0.999922681873462 -0.00432722452821229 -0.3086359991414812 -0.00324681188302579 0.004365348846643885 0.9999852008615142 22.757037289113295
0.9999157891386994 -0.012766032981016496 0.0023330308741504684 -0.4560477834986806 0.012772956691363064 0.9999139899799094 -0.0029772839666911805 -0.30741237017169365 -0.002294822104805473 0.003006832949359146 0.9999928463479735 23.615535818949805
0.9999066323494376 -0.01364241048898802 0.0007818053828933644 -0.45523203500296233 0.013643193064310664 0.9999064227031339 -0.001004549666123632 -0.31160306682165606 -0.0007680277447571156 0.0010151221954589628 0.9999991898298278 24.47488270011864
0.999902974774617 -0.0134038173662407 -0.003791927858460691 -0.463194858469015 0.01340272458324118 0.9999101303224115 -0.0003134523314148466 -0.31691654856252166 0.003795788536929919 0.0002625997539052764 0.999992761489178 25.303242261488
0.9998237752577249 -0.013644742991715498 -0.012893386602454841 -0.4677810603917249 0.013623897213242817 0.9999057397622001 -0.0017032367217293073 -0.31506011915434085 0.0129154114960897 0.0015272783954745413 0.9999154262069315 26.129032125879835
0.9995991885560732 -0.011883822439733455 -0.025695077393559623 -0.4875297762542301 0.011785201028906591 0.9999226066890231 -0.003986184759584515 -0.31630321418622154 0.0257404598783392 0.0036817653985788514 0.999661879501665 26.944769957928635
0.9951358849026065 -0.018952454897961615 0.09667147993305272 -0.48503606683814615 0.03140501592764885 0.9911513684728961 -0.12896778570204823 -0.3330763694673496 -0.0933718134861373 0.13137644091558448 0.9869254962856436 27.737720026500217
0.9854572067758327 -0.00801464213736753 0.16973467272476728 -0.42044013397537905 0.04218461377673589 0.9791553266195858 -0.1986839316930289 -0.4522519786336272 -0.1646042282995231 0.20295470397086754 0.9652537677533386 28.514614856766517
0.9879051769231539 -0.010275352127762946 0.1547183846447554 -0.27361197592807424 0.040924409334839984 0.9797005659114862 -0.196244729542752 -0.6205099279676055 -0.14956120529410852 0.20020294276399606 0.9682717736150371 29.263265785868267
0.9981904933036315 -0.01836699949509916 0.05725724764429059 -0.1477245708609918 0.024993766511699097 0.9927865945099141 -0.11726077518491053 -0.7829344052775834 -0.054690499301169856 0.118479665305716 0.991449201015985 30.002848563120175
0.9965897740103461 -0.010615824237230159 -0.08182986382593535 -0.11623068807617047 0.011667250334205891 0.9998552766886057 0.012381475985957954 -0.8825415716618544 0.0816865815642071 -0.013293981860831531 0.9965694017170292 30.7581974505868
0.9781018240056107 0.015493670316632216 -0.20754943521247343 -0.196680621354395 0.014113429109312396 0.989992189068603 0.14041465985406276 -0.8646079978475534 0.20764785815334966 -0.14026906916093532 0.9680944970616512 31.509382025609646
0.9590623505854384 0.04431000944496103 -0.27970704451715445 -0.35658635725800447 0.016659894126740786 0.9771452566713096 0.21191884128705163 -0.7399204990218732 0.2827045376664827 -0.20790327180626145 0.9364050266604894 32.221333665833086
0.9620752008170828 0.038076028469246 -0.2701139093582163 -0.5826630548138745 0.022923804415594544 0.9754225304296917 0.21914695143043345 -0.5957600129358204 0.2718194385320615 -0.21702788573394513 0.9375569794151013 32.90410157792297
0.9826496705470587 0.015511956494203411 -0.18482154684851942 -0.7930122760026549 0.010669691107889932 0.990118310056495 0.13982807222633356 -0.4176660877420051 0.1851642046007267 -0.1393739979213931 0.9727739233953531 33.573371552389055
0.998838968560589 -0.004206020875511151 -0.04798983510300289 -0.9356764004877449 0.004418349339158386 0.9999809110587939 0.00431922529415829 -0.31482363614388736 0.04797075227610887 -0.004526246394011546 0.9988384854517994 34.289515062043634
0.9993021543624266 -0.005334232842160502 -0.036969585426406396 -0.9872854988373887 0.0008997423953586367 0.9929007545004287 -0.11894234811917012 -0.3382330606247584 0.037341595443108236 0.11882608161706537 0.9922126624757915 34.984590008915326
0.999256921464367 -0.014100043945467482 -0.035871906365465375 -1.0234994947612068 0.006740576091139144 0.9802707694014322 -0.1975443830917077 -0.42063175009029996 0.03794956573554399 0.1971557947864068 0.9796373936526847 35.66974341886702
0.9994577194146971 -0.02192561098786156 -0.024566942935188435 -1.0437954390107809 0.01670971431699935 0.9805894645265173 -0.19535886851392678 -0.5420727062264847 0.028373447971934928 0.1948424225942756 0.9804240805935857 36.35476403359078
0.9998089180486127 -0.017159776246119692 -0.009363197618715857 -1.0730460092504503 0.015962881237065255 0.993164327579417 -0.11562787227281532 -0.6869531201280754 0.011283342283001697 0.11545631426175967 0.9932484712719247 37.06768666149317
0.9999433722050739 -0.00979227836423799 -0.0041669734318122405 -1.1154664615665602 0.009841835023924465 0.9998790422153225 0.012043223070688301 -0.7832360492230604 0.004048538811226311 -0.01208355175458699 0.9999187952581399 37.81924908475133
0.9998024120661791 -0.01981781845068415 0.0015462530533884057 -1.1173460654318457 0.019420815326524024 0.990433235374998 0.1366193185339012 -0.7728832530361938 -0.004238957265937024 -0.13656229471003398 0.9906224159107374 38.565380283684824
0.9995232020064284 -0.029620596081792884 0.00871716344773174 -1.0992314424652687 0.027191264961245937 0.9781732178586815 0.20600434697792225 -0.6835539447167899 -0.014628867373194375 -0.20566909381759843 0.978512248307411 39.24548105613135
0.9994900793121385 -0.027358619510714118 0.01646472881900718 -1.0738381326683988 0.023331287373171177 0.9777685047642892 0.20838522529324457 -0.5411394686658764 -0.021799825369162182 -0.20789482203622506 0.9779082321897081 39.875369003492324
0.9998439263140231 -0.01758511390637111 -0.0016990532244951229 -1.0711763101858505 0.01765182923407517 0.9903695956632866 0.1373188876681939 -0.4049532825271544 -0.0007320776261881892 -0.13732744720061932 0.9905254344577477 40.50972891133485
0.999129580693953 0.01034115690522661 -0.04041214490950717 -1.0719825050044258 -0.009723963950968022 0.9998335223822771 0.01543930198320017 -0.3279169892970985 0.04056507743621109 -0.015032897076400787 0.9990638050185213 41.11913136566872
0.9879195321425108 0.008647494201374948 -0.15472627073435657 -1.1044883485087205 -0.006308828536269402 0.9998584168696282 0.015599515936769212 -0.3206709130989527 0.15483926082820287 -0.014434924973783046 0.9878342149607791 41.71864143415041
0.971138391299305 0.009272838362399359 -0.23833639968184417 -1.185467048837144 -0.006141821330615529 0.9998848574209164 0.013876236200714414 -0.3056143690759059 0.2384376291094631 -0.01201192611782262 0.9710835240367324 42.28752168350003
0.9582936256727856 0.008373755385827396 -0.2856627508367926 -1.3301455586249689 -0.0049113119367536475 0.9999055662433657 0.012835015021129808 -0.29821779070780385 0.28574325190626115 -0.010896734202092443 0.9582442565305366 42.817958247860524
0.9568954998026168 0.010050796397970326 -0.29025847782496317 -1.5032921816832148 -0.007227918676449695 0.9999155999099405 0.010795844031487346 -0.28811865401422504 0.2903424868135992 -0.008232529897431987 0.9568873840752546 43.36160372390536
0.9692929288938392 0.012481989197778853 -0.24559197450663744 -1.7394797453783875 -0.011037424844229352 0.9999127476199507 0.007257575347832787 -0.2814686166742206 0.2456611349994346 -0.004324013504605746 0.9693461247965045 44.024453199063394
0.9851016208061999 0.01741632653721809 -0.1710890652699577 -1.9038862279298578 -0.016910609834640492 0.9998472671719332 0.004412890644382486 -0.25945825762402713 0.17113979069760293 -0.0014539252964680992 0.985245684152543 44.740668795130354
0.9949452635061644 0.024721021914813724 -0.09732827801896105 -1.9762498476481243 -0.024618838859681063 0.9996943765643722 0.002250830685198879 -0.2546258430782005 0.09735417505094385 0.00015665586384646518 0.9952497877714371 45.348622775806206
0.9988008631739371 0.030399129794582435 -0.038376146637347675 -1.9995644748361225 -0.03039673499043262 0.9995377037297746 0.0006460066035592644 -0.248593724451365 0.038378043526482164 0.0005212776060381716 0.999263155552499 45.836407864730546
0.9993259664020209 0.0359072073990124 0.007634483052012808 -1.9823331640682327 -0.03591857448581088 0.9993537984802127 0.001357007766718524 -0.24460214505392835 -0.007580823278140525 -0.001630312846055599 0.9999699361473069 46.2545634809388
0.9974159525016087 0.048048091582385884 0.05341159603118277 -1.9745630667341425 -0.04848865103139835 0.9987993261021693 0.006982614052579618 -0.23682896009236978 -0.05301196484250385 -0.009554426887190852 0.9985481683476242 46.67765034781479
0.9965897179469005 0.05173258456682503 0.06428587540472816 -1.9581489908864649 -0.051596584685725665 0.9986608740969841 -0.0037750492204236216 -0.22938936946410315 -0.06439508157681516 0.0004452436234015797 0.9979243835215328 47.08422691708554
0.995882928274987 0.05622439549161675 0.07110562932736023 -1.923951561194392 -0.055570938883000104 0.9983926319586617 -0.011136570491793313 -0.2315890030024401 -0.07161748335497126 0.007139313850719868 0.9974066203287613 47.464772181378244
0.9966656384054454 0.06174062607269336 0.053345105811284654 -1.9081907167637158 -0.060978786575507815 0.9980140904630744 -0.015794392199210028 -0.23449079982999735 -0.05421432291972261 0.01248880816233737 0.9984512190693344 47.83824748974597
0.996475483608806 0.06672632913673539 0.050835101716555704 -1.860704616983887 -0.06659386529996932 0.9977709122234395 -0.004296955342652228 -0.22347453931609165 -0.05100850586917878 0.00089650473689226 0.9986978164631429 48.15788641147016
0.9966654150159344 0.07404141963541415 0.03429167084713988 -1.8568512847297645 -0.0742092708710518 0.9972360239820935 0.003646448843920972 -0.23323197200409534 -0.03392690124227263 -0.006179049340877243 0.9994052154763547 48.46936559222419
0.9970476070844887 0.07553041682880786 0.013828425100563785 -1.8571389920590424 -0.075587110394059 0.997132619110935 0.0036233475188559394 -0.24554325834292032 -0.013515100790289794 -0.004657900667963128 0.999897817785395 48.7574515357671
0.9970218871259409 0.07632552371138625 -0.01103499080244666 -1.8688249976914515 -0.07631570830300512 0.9970828454032125 0.0013084604856375146 -0.24780034270432136 0.011102668960123685 -0.00046242060341414955 0.9999382565484469 49.036800304204746
0.9970753806050058 0.07642339313884898 0.0003877789670448245 -1.8500067229376387 -0.07642312549585425 0.9970752557214878 -0.0006635641449306293 -0.24747301062287866 -0.0004373566362503578 0.0006319881916993951 0.9999997046550049 49.309197596594416
0.9958895926235515 0.07684511949402952 0.04794524912902005 -1.8316076747637702 -0.07670245971010321 0.9970424200416809 -0.0048109574773398545 -0.25156751443101255 -0.04817314582332637 0.0011136639426276847 0.9988383792056194 49.58008889614832
0.9819214807693047 0.07391394603628874 0.17426110921591406 -1.7700630948145173 -0.0739154691411098 0.9972433902523091 -0.006490301975279435 -0.2540940006961243 -0.17426046317356605 -0.006507624714538135 0.9846780904412918 49.84289257279144
0.895502108902707 0.12416225550693992 0.4273870695964426 -1.736986456501778 -0.11650217654588524 0.9922088857426387 -0.04414487414664394 -0.2518192094662609 -0.4295383752482155 -0.010259695939989065 0.9029903226659411 50.11427545923606
0.7828106149306553 0.12951339338898987 0.6086327481205362 -1.5896535986657983 -0.10471229559631938 0.99156966028739 -0.07632132040590221 -0.2639870784314017 -0.6133864004873578 -0.0039861924715338766 0.7897729002483832 50.31579346430398
0.6668194153620304 0.10294393126712002 0.7380748026531673 -1.4206687308013177 -0.06590728974672204 0.9946784585820625 -0.07918960279642148 -0.27044864485089903 -0.7422991960486568 0.004160654766244151 0.6700556637305842 50.51377011289497
0.6621673081019359 0.10937369486918322 0.7413311344815462 -1.4254518906049076 -0.08035521203356347 0.9939504652438108 -0.07486997088723468 -0.2926812832299206 -0.7450352313683384 -0.009993373418276377 0.6669502503992688 50.77444155697816
0.6735689368109566 0.11134426978907223 0.7306896338039122 -1.2322471056440105 -0.09170421006868906 0.9935389968394642 -0.06686254268951755 -0.31264280279525125 -0.7334134067625401 -0.021970783881511913 0.6794277440880652 50.93140026535309
0.6902003616587266 0.10225599191043167 0.7163568753663052 -1.0269269681021271 -0.09255389892241542 0.9943090083490054 -0.052757669682032965 -0.3246132827166474 -0.7176748822136819 -0.029888259140219652 0.6957366279025033 51.090659369412506
0.7319828853541017 0.08193730934915525 0.6763780990579927 -0.8400964118832768 -0.07628492204560951 0.9963561999695117 -0.03814358990455848 -0.33356593801400386 -0.6770388956457223 -0.023676995563894247 0.7355662673504595 51.27246279999864
0.788668534421179 0.0367150945388069 0.6137213900842577 -0.6393112180206325 -0.033960692420676904 0.9992928374698122 -0.01613989937511069 -0.32315367578176435 -0.61387996724462 -0.008113372574767866 0.7893576876177286 51.446939349947
0.851677840330015 0.021342265498513046 0.5236309425484641 -0.4381016846567437 -0.018344422129965187 0.9997721791689363 -0.010912008821118563 -0.3280266797913026 -0.5237445355013445 -0.00031219094398814845 0.8518753219041482 51.62474648527831
0.929176199446908 0.05896405446422439 0.36490386495971594 -0.2547681890121242 -0.05666362176937728 0.9982482605711325 -0.017018937530990683 -0.3346889876136689 -0.3652681540312211 -0.004863182892590981 0.9308896417421229 51.82963706432067
0.8939476590466491 -0.09769724390063628 0.43739322287757837 -0.18315126225193193 0.0764760245042067 0.9948900068881078 0.06591882788863768 -0.35342984568512376 -0.44159823432736595 -0.025477887047386835 0.8968510894850665 52.081942276372196
0.8673544220159352 -0.22020696785310012 0.4463240951577082 -0.05919314616424386 0.18041822187582474 0.9749093518081428 0.13038796329490335 -0.3481118293726957 -0.4638378723482689 -0.03256757691279652 0.8853212869402045 52.31639918387758
0.8543779887635641 -0.3348189520385818 0.3974097654463348 0.06922402287511172 0.3052812614429677 0.942274826723645 0.13755545185384274 -0.3071528884856769 -0.42052539011112716 0.00379740420686131 0.9072728233520353 52.55113859614186
0.8727034727998179 -0.27166910172215064 0.4056902115316797 0.28012558541191557 0.260766391081799 0.961816351118663 0.08312758869926234 -0.23055848382190014 -0.4127826762902159 0.033244637015007156 0.9102226410414253 52.743661439668216
0.8994444302097789 -0.04256481430187803 0.4349574157869397 0.533268400625734 0.06261714166681857 0.9975287237460191 -0.03186752063017653 -0.11933730210444293 -0.4325260807559277 0.05589885405877196 0.8998869415547893 52.999088102288354
0.8565318751219902 0.2097534485681441 0.47154706839697 0.8699680190388873 -0.13936370671353698 0.9737448203349213 -0.1799966169737007 -0.1095443300430583 -0.49692142653649984 0.08845629251039469 0.8632754949401992 53.25318441024637
0.7996935019709503 0.3248646853227293 0.504928944640335 1.1197296484503219 -0.19718099688837687 0.936431971565245 -0.29019789299120347 -0.1874424162269991 -0.5671066543178144 0.13250697664874916 0.8129157052043373 53.51587242247217
0.768028007286604 0.33001697345566744 0.5488367491836982 1.3164582800004767 -0.17339447273850397 0.9321479755754727 -0.31785925887770644 -0.28766630366881896 -0.61649601527269 0.14895955444921938 0.7731388712845733 53.75239207868787
0.7564794903092565 0.2394257245852352 0.60861654853305 1.522550614125557 -0.11374672098449434 0.9645639251485161 -0.23807166519215056 -0.39648656985818637 -0.6440500479052256 0.11086819520909957 0.7569067175579534 53.982035733535184
0.7250016221833758 0.09067599862491452 0.6827521593556827 1.7800788960949163 -0.07104352494949132 0.995853608570685 -0.05681908006556087 -0.48957025476975485 -0.6850733284796771 -0.007311194849005701 0.7284374242415432 54.21000374038911
0.7695809006604283 0.044176359353063896 0.6370193769525327 2.061227072472126 -0.03755849400747516 0.9990084520899065 -0.023905484325140898 -0.5063120565468493 -0.6374437989866831 -0.005528284294251573 0.7704770218547646 54.43030747919881
0.7963824069093556 0.006328236464439832 0.6047602958102587 2.3596679609823106 -0.010558976514311482 0.9999383309735612 0.003441259185046901 -0.5083034226303761 -0.6047012237297287 -0.009126208032835162 0.7964001144818539 54.6759132332317
0.7951343951923507 0.002025568955728614 0.6064298728233142 2.63534932727333 -0.01431990743214768 0.9997783033877831 0.015436460934445626 -0.49580050935438 -0.6062641617589066 -0.020958080671939716 0.7949871225506225 54.96098443951302
0.7582673426901604 0.026788627390301727 0.6513931274216413 2.918391389283839 -0.04240689161156479 0.9990661301103192 0.008277874741476177 -0.47282634886596786 -0.6505630580915654 -0.03390039983442889 0.7586952420686561 55.252219880058554
0.6704031906936353 0.0694447685434037 0.7387401343028187 3.2329203483724225 -0.08155880334105275 0.9964746345166208 -0.019658696867862393 -0.46480378765540425 -0.7375009989860143 -0.04707150822865257 0.6737036066459132 55.53666304063414
0.5173144603032759 0.13059547559539758 0.8457721743561581 3.595627572197322 -0.1253939175162043 0.9891884334173583 -0.07604346548685842 -0.464184545973445 -0.8465589847205394 -0.06671630196079184 0.528097358866342 55.77607273426721
0.28965616867757893 0.1880769915414387 0.9384702175347642 4.001830748113514 -0.14221232499719796 0.9780771060408381 -0.15212110063259413 -0.49930622419849136 -0.9465067134288679 -0.08939921639199121 0.31005293345262963 55.97030154332146
0.06602874677602844 0.22708054774931283 0.9716350289244722 4.445285946838233 -0.12315191686504662 0.9681696411337398 -0.21790170113936752 -0.5814754752059976 -0.990188774917011 -0.10527094005867664 0.09189243280875084 56.0364596286795
-0.05634852834958263 0.24663004707102243 0.9674701355776215 4.898609040659598 -0.07092863955672653 0.9655725464128337 -0.2502774174880118 -0.6744133439680428 -0.9958885336439357 -0.08272410468286595 -0.03691545829256301 56.04872770705002
0.2913833361545404 0.13843244864228405 0.9465369557361991 5.344108284814909 -0.09802119323706177 0.9885862784883873 -0.1144072360511481 -0.7950360479482007 -0.9515711203519328 -0.05944431972343461 0.30162688170119295 55.98139631236602
0.2611258961065305 0.12324033197157745 0.9574053932154849 5.838420984338207 -0.0855628305780451 0.9908678325498839 -0.10421103800158558 -0.8868005744142723 -0.9615052097654149 -0.05470611477184745 0.2692860423425901 56.02077652726269
0.21520001079240664 0.10686627283239922 0.9707051844333884 6.356041137732732 -0.07079065621133035 0.9930865588313981 -0.09363636933147755 -0.9231158018706994 -0.974000841040765 -0.0485663093030843 0.22127737175897558 56.094260818260445
0.16028477895970333 0.09284749107836955 0.9826943232940197 6.864403534448036 -0.056721982956801136 0.994787433116134 -0.08473830045299117 -0.9618771796226384 -0.9854397020027597 -0.04215811090009998 0.16471577763543926 56.15471608963065
0.10403136866309264 0.07245910780513436 0.9919310218105734 7.393177636840394 -0.04281664508537389 0.9967442427098617 -0.0683201985387742 -1.003461697955285 -0.9936519557861885 -0.03536371474871268 0.10679512367825994 56.19031041774998
0.05143198310900168 0.05305024993256924 0.9972664749682338 7.942595166779558 -0.03352632932027968 0.9981169641168367 -0.05136644025525844 -1.041963377989741 -0.9981135889044813 -0.03079280637228146 0.053113714989027686 56.197786035682604
0.006967322080434142 0.03646723576505715 0.9993105609062097 8.50629371237502 -0.0265655243897513 0.9989888587270173 -0.0362702778206767 -1.063995938203135 -0.9996227935261005 -0.026294502371166505 0.007929048374659835 56.19314405106094
-0.022774722592929245 0.036053197180333466 0.9990903257383144 9.081119749948604 -0.01679917919027833 0.9991946360971804 -0.03643990632747507 -1.0448771644204848 -0.9995994695823665 -0.017613806167272063 -0.022150716533641354 56.16788270885466
-0.038458857650988346 0.046677161350880014 0.9981694038971567 9.661129307889208 -0.004368964202870675 0.9988910096142976 -0.04687923915256743 -1.0532637585747444 -0.999250633434863 -0.006163888379382664 -0.03821227630057467 56.14415966941561
-0.035042227967752054 0.0590660355418389 0.9976388353028495 10.262116510411667 0.004496081594266423 0.9982511444591691 -0.05894436220926331 -1.0821268889652136 -0.9993757188912251 0.0024199238271797687 -0.03524650988845367 56.09860399671966
-0.020133597267911002 0.07180647950015932 0.9972153567624433 10.86001443869501 0.014951174998396478 0.997327627104005 -0.07151270223717066 -1.114273093256045 -0.9996855008587556 0.013469733363660434 -0.021153384029298995 56.07832907784441
-0.0978331693359673 0.04597618170213648 0.9941402625856032 11.479890853994224 0.019407821811827985 0.9988304847311904 -0.04428317089117437 -1.1316971338510187 -0.9950135714804094 0.014961734115695454 -0.09861104949269608 56.00000144598603
-0.15553077904481047 0.02602338687597136 0.9874882075778011 12.106820293627228 0.017834739606363746 0.9995639737674489 -0.02353262436277133 -1.1412118066271826 -0.9876700354029613 0.013951547646394193 -0.15592708387378676 55.922243234871225
-0.16985122413773496 0.02519650301899659 0.9851475513315391 12.743736471889923 0.016517995409574267 0.9996054376040251 -0.022718383307685427 -1.1458020489771572 -0.9853312729668965 0.012413917515407102 -0.170200402952985 55.83026619377876
-0.13170389369345242 0.04876079470042684 0.9900891218906337 13.415457580786804 0.017077560787138686 0.9987528556493905 -0.046915778260073884 -1.1582133898333375 -0.9911419884676183 0.010729316491261716 -0.13237235536200487 55.738368660305355
-0.06671029272609506 0.08154263531896581 0.9944347819086162 14.119151585690268 0.011789638283210483 0.9966497849251313 -0.08093337159566881 -1.17055075628218 -0.9977027319164508 0.006324937464489007 -0.06744815707282537 55.633891215913195
0.0026762080639278346 0.11029138372679388 0.9938956930111068 14.850907157903649 -0.001870150228376645 0.9938980661414157 -0.11028661141987106 -1.2186656465515717 -0.9999946702100577 -0.0015635843384421283 0.002866139475794699 55.582812104855876
0.0498922622744129 0.13074635238450635 0.9901596606120083 15.563778132390627 -0.01348144596764688 0.9913921780439359 -0.1302297966208983 -1.3110734149901826 -0.9986636134253422 -0.006851324794931038 0.05122544844890817 55.58714152054793
0.07036198776915545 0.13169397691691867 0.9887901127746879 16.252810526863144 -0.01884607512613404 0.9912454713482243 -0.13067991805926904 -1.412023492710845 -0.9973434795142109 -0.009439913953169728 0.07222791631387043 55.644308659667296
0.023989846426006586 0.11279928824147706 0.9933281471098425 16.943087252554175 0.00322512885139709 0.9936002041921637 -0.11290807222329657 -1.5118036965573283 -0.9997069999816693 0.005912258579042153 0.023472524068494358 55.62357588736317
-0.03554471500884914 0.07158757184596262 0.9968007788882085 17.647811006916005 0.0265968655503899 0.9971455346540525 -0.0706639190986328 -1.580868131522047 -0.9990141039934495 0.024000047430844364 -0.037347258875090675 55.66587061427528
-0.15617491677646403 0.014550872855097596 0.9876222291286377 18.363790727764435 0.028093436893261905 0.9995523972057472 -0.010284164709354579 -1.6137781328905803 -0.98732981023232 0.026139574200809132 -0.1565137964756193 55.62991721747207
-0.2244573537287642 -0.01745746919788697 0.9743275286710751 19.087969604069674 0.026692571504507163 0.9993542210439172 0.024055093185899625 -1.606258251159675 -0.9741182695050727 0.031406649788068265 -0.2238464191483355 55.51035560025738
-0.21306020804419748 -0.023458330048371487 0.976757418451227 19.80304199048718 0.019959291715347535 0.9993986063619569 0.02835581555871337 -1.5881963676584991 -0.9768351828340263 0.025536882212200195 -0.21246386333796927 55.344287704891315
-0.14601244390901635 0.00853077738643412 0.98924597146559 20.523335992846103 0.03039020493053895 0.999529562618143 -0.004133871873132678 -1.5615076577005866 -0.9888158583214551 0.029459791064546485 -0.14620300627017577 55.218482962661795
-0.009884840798571885 0.05106587961098011 0.9986463667695107 21.23328748104587 0.03352864890034184 0.9981505209780506 -0.050708649894902084 -1.5621067324186475 -0.9993888730745926 0.032982016475695285 -0.011578728941143361 55.08081766001919
0.11976514885941592 0.10685667608519511 0.9870349334723192 21.957750200705814 0.027177406143986598 0.993465426903965 -0.11085050357038133 -1.6009072633976145 -0.9924301979051056 0.040101076326527964 0.11607844745467279 55.089940396772576
0.18505605341262266 0.1610925644432386 0.9694345995354439 22.677528311038433 0.013672068984737037 0.9859554882086445 -0.16644773894808462 -1.6684164115375086 -0.9826328569842456 0.044056338390226546 0.18025456283441124 55.21130115932885
0.18091548276594807 0.1783590792370684 0.9671905846053652 23.379356518274918 0.0030534963622220893 0.9833117139023214 -0.18190313208530914 -1.7956576241241806 -0.9834939065675646 0.03586240588951965 0.1773516946304306 55.346573779355815
0.11840572484109477 0.1451650465237352 0.9822968968660223 24.09857251168989 0.008228436231488319 0.989078606356044 -0.14715910874278212 -1.9193282157259723 -0.9929312046471492 0.0255072483139095 0.11591808798204552 55.46047884971378
0.004059527975243241 0.0707171123101788 0.9974881504354464 24.81755779560036 0.029205494799971032 0.9970624748458928 -0.0708057930375223 -2.045138181470381 -0.9995651851210642 0.029419573088220262 0.001982274753858193 55.54896900498121
0.036440383037039156 0.06144588968839074 0.9974449865153046 25.545734258314468 0.03134986930201963 0.9975463615335837 -0.06259746229564794 -2.0917043156499258 -0.9988439738912475 0.033550845466409546 0.03442465090061114 55.550383150607324
0.0732111108895291 0.057586053956831376 0.9956525396100805 26.279025060227188 0.03284061531051308 0.9976509951551078 -0.06011643578964557 -2.13620237732625 -0.9967756152857813 0.03709903308314897 0.07114797619010277 55.6276915515269
0.09399278914607007 0.06082984829677053 0.993712777992079 27.01848328318772 0.035401663146280474 0.9972961701059319 -0.06439775880041362 -2.1814773240432546 -0.9949432535753077 0.04123200999503692 0.09158517083430859 55.69141786175365
0.07699765737762522 0.06601378420088844 0.9948434756552589 27.76761003616869 0.033914479111794994 0.9970548519714458 -0.06878539282997258 -2.2188263751182533 -0.996454298432665 0.03903591238432345 0.0745320647734248 55.71192108298426
0.048415167049007765 0.08072869185523232 0.9955595662294445 28.513061828981712 0.03627961138229081 0.9959285894490684 -0.08252293327274639 -2.277324882179375 -0.9981682029585833 0.0401138757705003 0.04528924345915067 55.766985263233565
0.017734604920273588 0.09607698904510081 0.9952159041958439 29.261805827002625 0.04017077962496191 0.994500289692924 -0.09672374199239306 -2.3308672081543733 -0.9990354309295768 0.041693956117354 0.0137775821768411 55.793438110702645
-0.007226718618714045 0.1055685977224829 0.9943857630280687 30.005230176928645 0.043971236489970277 0.9934834303933067 -0.10515324006178639 -2.394642503047265 -0.9990066590866892 0.042964458670594174 -0.011821606980177105 55.7919272169324
-0.014220557926689817 0.10139385896775639 0.9947447215722642 30.748476256053987 0.04640600817923856 0.993840240204158 -0.10063825990054259 -2.4640849282993385 -0.9988214345603131 0.044730999480979916 -0.01883824695428077 55.780936413976114
-0.0016207706304146308 0.0861713565944837 0.9962790123279875 31.491393568121726 0.04640202036252104 0.9952136515700352 -0.08600372221545514 -2.53713742903654 -0.9989215312570056 0.04608996670972242 -0.0056115381008157855 55.76679262273901
0.020036652194232972 0.06522110746199186 0.9976696546002981 32.23417169560757 0.04299449170005209 0.9968906807074338 -0.06603366112917738 -2.5988978514322487 -0.9988743696042566 0.044217393185263514 0.01717020348156411 55.759149068149114
-0.07066729835863039 0.025661165811240713 0.9971698137789269 32.9844490131599 0.037666029925849026 0.9990247481953693 -0.02303958946686767 -2.6336845877960156 -0.9967885448440491 0.03593128250403482 -0.07156493418775613 55.773867538618056
-0.12850481531163982 0.0021893310116410936 0.9917064683017057 33.728661335950676 0.028860923311748228 0.9995822611546953 0.0015330657058945096 -2.654973451946835 -0.9912888375984648 0.028818570654816716 -0.12851431997290694 55.737565756039444
-0.1283173853768029 0.0025698457269168196 0.9917298243488506 34.479741605135025 0.02465757829978822 0.999695775704008 0.00059989328256152 -2.6460577493381674 -0.9914265744080354 0.024530632533640385 -0.1283417142828027 55.65112310850034
-0.0559914077443516 0.020471668027740877 0.9982213547440097 35.2617768141649 0.028963337347204382 0.9994023209555774 -0.018871299857677992 -2.6267258621261775 -0.9980110657445231 0.027855191199637006 -0.05655087068042233 55.56781774292945
0.04795637391212524 0.06733827698518732 0.9965770129066125 36.092723717055236 0.027939813478382584 0.9972441274523887 -0.06872784795495082 -2.643951051172105 -0.9984585885373485 0.031140114232157727 0.045942793358856045 55.50252501153107
0.1609573059345919 0.11321118187997364 0.9804468236287057 36.926146889255236 0.0255376692068165 0.9925890575069478 -0.11880568323507623 -2.6910321674065547 -0.9866309204143976 0.04416096935994021 0.15687331088311035 55.557642070930505
0.22665812575532282 0.13827676407788134 0.9641087234048 37.71341085132108 0.02228786493243584 0.9888751485036782 -0.14706866338067912 -2.7715565090080783 -0.9737193359001547 0.05482223260663463 0.22105469392479843 55.68264819594579
0.21487251757796405 0.1341241389032671 0.9673885034220553 38.46160184523257 0.023075753990350476 0.9895513328950329 -0.14232241265324905 -2.871099407496942 -0.9763694540323777 0.052904394232634266 0.20953237053828638 55.84400248230571
0.14538096824908558 0.11290065857689952 0.9829129235918417 39.20020584640097 0.02278702857289748 0.992822148238004 -0.11740925558444656 -2.9778575650564614 -0.9891133026098559 0.03946673613282872 0.14176477467708726 56.026779664632876
0.055191811730260644 0.0776358550226305 0.9954529310483929 39.964507227437295 0.015478105987651213 0.9967862266549893 -0.07859800624661537 -3.0703760027552467 -0.9983557943704072 0.019745692335622133 0.053812781764376955 56.178360060516994
-0.005198669207874378 0.04011171743734903 0.9991816771552073 40.73552491003007 0.007827297651966497 0.9991662017668376 -0.040070371327192864 -3.1305672677841008 -0.999955852650473 0.007612579789918133 -0.005508300918387777 56.239182472517314
-0.025181170357622802 0.02266980368662023 0.9994258294942306 41.51179484407786 0.0010758929564756846 0.9997428794705285 -0.02264988746821301 -3.1455511144498423 -0.9996823250982119 0.0005049245355546687 -0.025199086043878806 56.21156268506671
-0.01137633006785916 0.03338961173175642 0.9993776628195118 42.29585865388975 -0.0044030280448476905 0.9994309773331282 -0.03344151448401445 -3.153849576426495 -0.9999255934609451 -0.004780729583527895 -0.011222841281323215 56.20745344200582
0.02071385161154948 0.06151374838366963 0.9978912741933388 43.08606905513738 -0.006287467296326617 0.9980937000518723 -0.061395713789815086 -3.1685510972028696 -0.9997656745990093 -0.0050024670467529375 0.02106113047853372 56.2383835406865
0.07082766848885008 0.09855433280543377 0.9926079210149946 43.89152527707092 -0.007378444779518023 0.9951316051981262 -0.09827841517055656 -3.2152197924596924 -0.997461277408336 -0.0003630717236115447 0.0712100291381374 56.277824782872784
0.14851389558731373 0.13274330553122504 0.9799606306653976 44.66418974369936 -0.010210212803823344 0.991102954922852 -0.13270525346681633 -3.293041624620459 -0.9888576107670816 0.009702967578796115 0.14854789816144734 56.2992557758546
0.206250536018039 0.14645844035670036 0.9674764295012851 45.438750345781074 -0.008088049024867561 0.9889564013341388 -0.14798587676937683 -3.4015166984817764 -0.978465788801654 0.022697169614573236 0.2051573509193477 56.42212858380167
0.22397519167935923 0.140448200359363 0.9644218042578726 46.21761280519998 -0.005073057972088009 0.9897163784266547 -0.142953679060171 -3.520007548178088 -0.974581642344553 0.02712550994622551 0.22238441742880974 56.58866254779411
0.18660248794024775 0.11728213123258564 0.9754098693308635 47.00410314567998 0.0012556020957181567 0.9928194802425157 -0.11961564744780914 -3.6276220795573004 -0.9824346975539324 0.02354530408646076 0.1851153253990311 56.787017670191965
0.10706400341707124 0.09278147954286967 0.9899135801806872 47.78032087858934 -0.0015116982287122882 0.9956504078531234 -0.09315567674798232 -3.7027666627666913 -0.9942509813627416 0.00847716908792818 0.10673857626687738 56.94816803141423
0.09234051670263774 0.07696075566017185 0.9927488459138626 48.596710528879534 -0.004789606952447531 0.9970313739774092 -0.07684724438755841 -3.7713634183376907 -0.9957159678544538 0.002341237479497743 0.09243500401219062 57.05842608297292
0.08420750532273047 0.06721932446196077 0.9941783836244874 49.41584658185805 -0.009041711372667939 0.9977325220646945 -0.06669379183909206 -3.830695951592864 -0.9964072177090924 -0.0033729561663947364 0.08462434439287508 57.16042503705222
0.08882533934877013 0.06761100664137484 0.9937498733939625 50.240003862414454 -0.015094559897144191 0.9976703409317509 -0.06652852836666048 -3.884490443928105 -0.995932835763079 -0.009090797878181716 0.08963896498092039 57.25830969457472
0.10326804862962599 0.06849957110555244 0.9922920532235372 51.06368823401146 -0.022155745156223088 0.9975366860279008 -0.06655586364135571 -3.9234300632963635 -0.9944067744584218 -0.015111875688663793 0.10453132604329042 57.34452891813635
0.12270372585158958 0.0812191400574212 0.9891143750600689 51.8971956437486 -0.025243758693008597 0.9965786422160536 -0.07870046077282238 -3.9937717575129814 -0.9921222446398364 -0.01531212484074017 0.12433418887689122 57.44115081184497
0.1443182563085579 0.0942218572895423 0.9850352696756434 52.69274011614432 -0.022769333596988996 0.9955090146518598 -0.09188775323421626 -4.054788225862906 -0.9892693254840197 -0.009167516337171581 0.14581549403476063 57.553586978417464
0.1603629860950078 0.09827731090167223 0.982153390694462 53.48820747544901 -0.016401796557616987 0.9951589046411969 -0.09690064800101586 -4.119587138993383 -0.9869218275833069 -0.000569802834560128 0.16119857804693832 57.68170797680121
