9.999967e-01 -2.220141e-03 -1.303943e-03 5.542524e-03 2.223603e-03 9.999940e-01 2.659561e-03 -3.047694e-02 1.298030e-03 -2.662451e-03 9.999956e-01 1.528975e+00
9.999915e-01 -3.006968e-03 -2.825820e-03 5.664279e-03 3.016952e-03 9.999892e-01 3.535540e-03 -6.012991e-02 2.815159e-03 -3.544035e-03 9.999897e-01 3.052409e+00
9.999889e-01 -2.128535e-03 -4.205819e-03 3.267206e-03 2.141750e-03 9.999928e-01 3.139851e-03 -8.838230e-02 4.199105e-03 -3.148823e-03 9.999862e-01 4.566315e+00
9.999830e-01 -1.524541e-03 -5.643893e-03 -6.648871e-03 1.542552e-03 9.999937e-01 3.188330e-03 -1.107150e-01 5.638997e-03 -3.196981e-03 9.999789e-01 6.079413e+00
9.999747e-01 -1.625829e-03 -6.926312e-03 -1.843176e-02 1.651081e-03 9.999920e-01 3.641708e-03 -1.314352e-01 6.920335e-03 -3.653051e-03 9.999693e-01 7.615299e+00
9.999623e-01 -1.739691e-03 -8.516225e-03 -3.171614e-02 1.772274e-03 9.999911e-01 3.819954e-03 -1.529581e-01 8.509503e-03 -3.834901e-03 9.999564e-01 9.099118e+00
9.999409e-01 -3.535931e-03 -1.028736e-02 -4.480997e-02 3.566679e-03 9.999892e-01 2.972015e-03 -1.743687e-01 1.027674e-02 -3.008530e-03 9.999426e-01 1.059934e+01
9.999212e-01 -4.713044e-03 -1.163888e-02 -6.193958e-02 4.751315e-03 9.999834e-01 3.262684e-03 -1.890327e-01 1.162331e-02 -3.317725e-03 9.999269e-01 1.209423e+01
9.999054e-01 -4.749818e-03 -1.290980e-02 -8.195167e-02 4.793738e-03 9.999828e-01 3.373208e-03 -2.057869e-01 1.289355e-02 -3.434774e-03 9.999109e-01 1.358737e+01
9.998920e-01 -4.228781e-03 -1.407697e-02 -1.077803e-01 4.271543e-03 9.999863e-01 3.009020e-03 -2.249050e-01 1.406406e-02 -3.068824e-03 9.998963e-01 1.507594e+01
9.998907e-01 -2.623327e-03 -1.455505e-02 -1.383473e-01 2.676639e-03 9.999898e-01 3.644477e-03 -2.492411e-01 1.454534e-02 -3.683036e-03 9.998874e-01 1.656039e+01
9.998870e-01 -1.053198e-03 -1.499950e-02 -1.727573e-01 1.118768e-03 9.999898e-01 4.363721e-03 -2.723182e-01 1.499475e-02 -4.380008e-03 9.998779e-01 1.804280e+01
9.998788e-01 -2.451032e-05 -1.557320e-02 -2.058484e-01 1.051712e-04 9.999866e-01 5.178666e-03 -2.957765e-01 1.557286e-02 -5.179675e-03 9.998653e-01 1.951642e+01
9.998719e-01 -2.353867e-05 -1.600922e-02 -2.386867e-01 1.097502e-04 9.999855e-01 5.384263e-03 -3.132795e-01 1.600886e-02 -5.385328e-03 9.998573e-01 2.098968e+01
9.998636e-01 4.413866e-04 -1.651007e-02 -2.678747e-01 -3.508676e-04 9.999849e-01 5.485152e-03 -3.280154e-01 1.651224e-02 -5.478609e-03 9.998486e-01 2.245164e+01
9.998625e-01 1.119432e-03 -1.654724e-02 -2.977989e-01 -1.019277e-03 9.999811e-01 6.059863e-03 -3.414779e-01 1.655371e-02 -6.042162e-03 9.998447e-01 2.390871e+01
9.998615e-01 2.049949e-03 -1.651601e-02 -3.286901e-01 -1.931135e-03 9.999721e-01 7.206627e-03 -3.566005e-01 1.653032e-02 -7.173732e-03 9.998376e-01 2.536099e+01
9.998618e-01 2.377257e-03 -1.645374e-02 -3.584000e-01 -2.272538e-03 9.999770e-01 6.380235e-03 -3.701780e-01 1.646853e-02 -6.341960e-03 9.998442e-01 2.680201e+01
9.998620e-01 2.769091e-03 -1.638309e-02 -3.881643e-01 -2.708306e-03 9.999893e-01 3.731267e-03 -3.903781e-01 1.639325e-02 -3.686380e-03 9.998588e-01 2.823509e+01
9.998699e-01 1.170299e-03 -1.608933e-02 -4.156875e-01 -1.111481e-03 9.999926e-01 3.664197e-03 -4.127461e-01 1.609350e-02 -3.645836e-03 9.998638e-01 2.966060e+01
9.998749e-01 2.102192e-04 -1.582067e-02 -4.428034e-01 -1.086559e-04 9.999794e-01 6.420245e-03 -4.350600e-01 1.582169e-02 -6.417721e-03 9.998542e-01 3.108204e+01
9.998765e-01 -1.461067e-03 -1.565080e-02 -4.678629e-01 1.586742e-03 9.999666e-01 8.020524e-03 -4.539657e-01 1.563856e-02 -8.044365e-03 9.998453e-01 3.249337e+01
9.998784e-01 -2.448086e-03 -1.540410e-02 -4.937117e-01 2.559861e-03 9.999705e-01 7.240648e-03 -4.678086e-01 1.538592e-02 -7.279197e-03 9.998551e-01 3.388789e+01
9.998849e-01 -2.351353e-03 -1.499188e-02 -5.230180e-01 2.434640e-03 9.999817e-01 5.539601e-03 -4.845156e-01 1.497858e-02 -5.575461e-03 9.998722e-01 3.527199e+01
9.998958e-01 -1.558195e-03 -1.435595e-02 -5.548668e-01 1.621394e-03 9.999890e-01 4.391701e-03 -5.027095e-01 1.434894e-02 -4.414519e-03 9.998872e-01 3.663973e+01
9.999091e-01 -8.665701e-04 -1.345465e-02 -5.831612e-01 9.187323e-04 9.999921e-01 3.871189e-03 -5.237000e-01 1.345119e-02 -3.883197e-03 9.999019e-01 3.799599e+01
9.999242e-01 -3.144412e-04 -1.231114e-02 -6.110062e-01 3.705383e-04 9.999895e-01 4.554592e-03 -5.446798e-01 1.230958e-02 -4.558807e-03 9.999138e-01 3.933019e+01
9.999427e-01 3.341605e-04 -1.070505e-02 -6.351590e-01 -2.610086e-04 9.999766e-01 6.834073e-03 -5.650871e-01 1.070708e-02 -6.830885e-03 9.999193e-01 4.065401e+01
9.999591e-01 -2.712027e-04 -9.045792e-03 -6.559744e-01 3.434903e-04 9.999680e-01 7.990691e-03 -5.837699e-01 9.043335e-03 -7.993469e-03 9.999271e-01 4.195719e+01
9.999772e-01 6.777910e-05 -6.759562e-03 -6.731874e-01 -1.046744e-05 9.999640e-01 8.478279e-03 -6.012229e-01 6.759893e-03 -8.478013e-03 9.999412e-01 4.323955e+01
9.999944e-01 5.490955e-05 -3.365373e-03 -6.865415e-01 -2.680498e-05 9.999651e-01 8.350575e-03 -6.178192e-01 3.365714e-03 -8.350436e-03 9.999594e-01 4.450289e+01
9.999997e-01 -7.846738e-04 3.218970e-04 -6.935884e-01 7.826665e-04 9.999805e-01 6.189643e-03 -6.350241e-01 -3.267476e-04 -6.189388e-03 9.999807e-01 4.574413e+01
9.999922e-01 -1.100101e-03 3.803485e-03 -6.959569e-01 1.082755e-03 9.999890e-01 4.559605e-03 -6.526707e-01 -3.808459e-03 -4.555450e-03 9.999823e-01 4.697748e+01
9.999689e-01 -6.772935e-04 7.861748e-03 -7.001992e-01 6.368232e-04 9.999865e-01 5.149118e-03 -6.645447e-01 -7.865129e-03 -5.143950e-03 9.999558e-01 4.819774e+01
9.999134e-01 -2.620471e-04 1.315831e-02 -6.975233e-01 1.937417e-04 9.999865e-01 5.192058e-03 -6.781882e-01 -1.315949e-02 -5.189058e-03 9.998999e-01 4.940741e+01
9.998044e-01 1.185349e-03 1.974544e-02 -6.903610e-01 -1.267194e-03 9.999906e-01 4.133010e-03 -6.899979e-01 -1.974035e-02 -4.157221e-03 9.997964e-01 5.060553e+01
9.996268e-01 2.727086e-03 2.718144e-02 -6.759702e-01 -2.833090e-03 9.999885e-01 3.862101e-03 -7.020690e-01 -2.717059e-02 -3.937667e-03 9.996230e-01 5.179127e+01
9.993594e-01 3.728632e-03 3.559358e-02 -6.473751e-01 -3.917026e-03 9.999787e-01 5.224639e-03 -7.126113e-01 -3.557334e-02 -5.360712e-03 9.993526e-01 5.296880e+01
9.989330e-01 5.955695e-03 4.579893e-02 -6.094624e-01 -6.221115e-03 9.999646e-01 5.654978e-03 -7.231034e-01 -4.576363e-02 -5.933863e-03 9.989346e-01 5.413296e+01
9.982392e-01 8.248457e-03 5.874191e-02 -5.600621e-01 -8.602116e-03 9.999463e-01 5.770220e-03 -7.297775e-01 -5.869116e-02 -6.265363e-03 9.982565e-01 5.528110e+01
9.972445e-01 1.030551e-02 7.346689e-02 -4.934098e-01 -1.079632e-02 9.999219e-01 6.286571e-03 -7.390768e-01 -7.339637e-02 -7.062419e-03 9.972778e-01 5.641219e+01
9.958861e-01 1.264625e-02 8.972728e-02 -4.111119e-01 -1.336115e-02 9.998835e-01 7.371203e-03 -7.469047e-01 -8.962361e-02 -8.539736e-03 9.959390e-01 5.753105e+01
9.941350e-01 1.287820e-02 1.073773e-01 -3.043738e-01 -1.390334e-02 9.998646e-01 8.803900e-03 -7.552160e-01 -1.072494e-01 -1.024517e-02 9.941793e-01 5.864015e+01
9.919005e-01 1.254741e-02 1.263966e-01 -1.772585e-01 -1.369399e-02 9.998725e-01 8.206430e-03 -7.637425e-01 -1.262775e-01 -9.870833e-03 9.919458e-01 5.973159e+01
9.891307e-01 1.167645e-02 1.465751e-01 -3.027954e-02 -1.282087e-02 9.998942e-01 6.865394e-03 -7.709585e-01 -1.464794e-01 -8.669990e-03 9.891757e-01 6.080734e+01
9.858577e-01 9.109430e-03 1.673369e-01 1.414162e-01 -1.029133e-02 9.999278e-01 6.197189e-03 -7.801986e-01 -1.672684e-01 -7.831665e-03 9.858802e-01 6.186839e+01
9.819655e-01 3.793581e-03 1.890225e-01 3.429236e-01 -5.471338e-03 9.999501e-01 8.354942e-03 -7.905714e-01 -1.889814e-01 -9.238469e-03 9.819372e-01 6.291291e+01
9.773046e-01 -1.709232e-03 2.118322e-01 5.688516e-01 -4.745824e-04 9.999473e-01 1.025790e-02 -7.991531e-01 -2.118385e-01 -1.012562e-02 9.772522e-01 6.394069e+01
9.718692e-01 -6.880933e-03 2.354211e-01 8.226070e-01 4.698978e-03 9.999406e-01 9.828066e-03 -8.026621e-01 -2.354747e-01 -8.445355e-03 9.718437e-01 6.494900e+01
9.654653e-01 -1.331156e-02 2.601914e-01 1.098599e+00 1.166580e-02 9.999010e-01 7.868493e-03 -8.056283e-01 -2.602703e-01 -4.561416e-03 9.655250e-01 6.593481e+01
9.580718e-01 -1.728534e-02 2.860065e-01 1.400581e+00 1.562878e-02 9.998452e-01 8.073843e-03 -8.048744e-01 -2.861018e-01 -3.265387e-03 9.581936e-01 6.690386e+01
9.495606e-01 -2.005549e-02 3.129416e-01 1.719450e+00 1.762511e-02 9.997885e-01 1.059348e-02 -8.099221e-01 -3.130879e-01 -4.543522e-03 9.497132e-01 6.785621e+01
9.399600e-01 -2.430701e-02 3.404181e-01 2.070873e+00 2.082730e-02 9.996868e-01 1.387286e-02 -8.116220e-01 -3.406487e-01 -5.949941e-03 9.401718e-01 6.879155e+01
9.291719e-01 -2.800214e-02 3.685860e-01 2.445156e+00 2.471863e-02 9.996015e-01 1.362813e-02 -8.131263e-01 -3.688207e-01 -3.551935e-03 9.294937e-01 6.970243e+01
9.172153e-01 -2.734522e-02 3.974524e-01 2.836652e+00 2.544892e-02 9.996256e-01 1.004610e-02 -8.139150e-01 -3.975783e-01 9.002929e-04 9.175678e-01 7.058836e+01
9.041595e-01 -2.861151e-02 4.262360e-01 3.253649e+00 2.944809e-02 9.995556e-01 4.628971e-03 -8.166667e-01 -4.261790e-01 8.366502e-03 9.046001e-01 7.145272e+01
8.900733e-01 -3.066895e-02 4.547845e-01 3.697183e+00 3.353669e-02 9.994359e-01 1.762472e-03 -8.217552e-01 -4.545820e-01 1.368323e-02 8.905997e-01 7.230010e+01
8.745234e-01 -3.199557e-02 4.839268e-01 4.165770e+00 3.386512e-02 9.994145e-01 4.878839e-03 -8.265719e-01 -4.837995e-01 1.212158e-02 8.750948e-01 7.313220e+01
8.569678e-01 -3.122428e-02 5.144232e-01 4.656399e+00 2.991533e-02 9.994937e-01 1.083157e-02 -8.326482e-01 -5.145010e-01 6.106832e-03 8.574680e-01 7.395134e+01
8.375209e-01 -3.135402e-02 5.455050e-01 5.171922e+00 2.716620e-02 9.995070e-01 1.574010e-02 -8.379065e-01 -5.457295e-01 1.636631e-03 8.379597e-01 7.474042e+01
8.164962e-01 -2.594618e-02 5.767676e-01 5.707425e+00 2.416207e-02 9.996501e-01 1.076493e-02 -8.397157e-01 -5.768450e-01 5.146369e-03 8.168373e-01 7.550137e+01
7.946459e-01 -1.916753e-02 6.067706e-01 6.267395e+00 2.143011e-02 9.997641e-01 3.516416e-03 -8.402731e-01 -6.066949e-01 1.020885e-02 7.948692e-01 7.623592e+01
7.722395e-01 -1.642356e-02 6.351193e-01 6.852965e+00 2.055808e-02 9.997883e-01 8.570305e-04 -8.436503e-01 -6.349988e-01 1.239500e-02 7.724136e-01 7.694187e+01
7.490502e-01 -1.930171e-02 6.622321e-01 7.469758e+00 2.196146e-02 9.997496e-01 4.298553e-03 -8.507153e-01 -6.621492e-01 1.132375e-02 7.492864e-01 7.762714e+01
7.247325e-01 -1.953835e-02 6.887533e-01 8.102844e+00 2.116676e-02 9.997574e-01 6.088352e-03 -8.620809e-01 -6.887052e-01 1.016625e-02 7.249702e-01 7.828406e+01
6.994597e-01 -1.826382e-02 7.144387e-01 8.750799e+00 2.269947e-02 9.997368e-01 3.333600e-03 -8.702408e-01 -7.143114e-01 1.388565e-02 6.996901e-01 7.890590e+01
6.733401e-01 -1.581716e-02 7.391637e-01 9.420955e+00 2.290921e-02 9.997374e-01 5.239928e-04 -8.762188e-01 -7.389778e-01 1.658082e-02 6.735256e-01 7.950640e+01
6.464027e-01 -1.342373e-02 7.628783e-01 1.010937e+01 2.085704e-02 9.997824e-01 -8.027689e-05 -8.844685e-01 -7.627113e-01 1.596327e-02 6.465420e-01 8.008158e+01
6.186204e-01 -1.239589e-02 7.855922e-01 1.082345e+01 2.120024e-02 9.997748e-01 -9.188054e-04 -8.963087e-01 -7.854039e-01 1.722313e-02 6.187439e-01 8.063432e+01
5.901006e-01 -6.313377e-03 8.073051e-01 1.155404e+01 2.023865e-02 9.997708e-01 -6.974943e-03 -9.103951e-01 -8.070760e-01 2.045467e-02 5.900931e-01 8.116168e+01
5.602449e-01 2.835353e-03 8.283222e-01 1.229823e+01 1.892332e-02 9.996893e-01 -1.622094e-02 -9.440788e-01 -8.281109e-01 2.476230e-02 5.600171e-01 8.167543e+01
5.295973e-01 1.127181e-02 8.481743e-01 1.306621e+01 1.835654e-02 9.995252e-01 -2.474496e-02 -9.899750e-01 -8.480505e-01 2.867440e-02 5.291390e-01 8.217844e+01
4.980180e-01 1.631846e-02 8.670132e-01 1.385636e+01 1.612194e-02 9.994759e-01 -2.807216e-02 -1.044292e+00 -8.670168e-01 2.795836e-02 4.974939e-01 8.266054e+01
4.656619e-01 1.582819e-02 8.848212e-01 1.467086e+01 1.381362e-02 9.995882e-01 -2.515102e-02 -1.091171e+00 -8.848548e-01 2.393445e-02 4.652515e-01 8.310277e+01
4.327521e-01 1.418518e-02 9.014014e-01 1.550495e+01 9.386123e-03 9.997511e-01 -2.023906e-02 -1.141769e+00 -9.014641e-01 1.721915e-02 4.325112e-01 8.352640e+01
3.985676e-01 1.506852e-02 9.170152e-01 1.635188e+01 5.370069e-03 9.998095e-01 -1.876304e-02 -1.182920e+00 -9.171232e-01 1.240277e-02 3.984108e-01 8.390596e+01
3.634390e-01 1.801940e-02 9.314438e-01 1.721884e+01 -1.324542e-03 9.998219e-01 -1.882540e-02 -1.223975e+00 -9.316170e-01 5.608144e-03 3.633981e-01 8.426630e+01
3.276884e-01 2.019548e-02 9.445700e-01 1.810134e+01 -6.744494e-03 9.997960e-01 -1.903646e-02 -1.258474e+00 -9.447617e-01 -1.326205e-04 3.277578e-01 8.458881e+01
2.915840e-01 1.934555e-02 9.563496e-01 1.900345e+01 -9.648340e-03 9.998041e-01 -1.728287e-02 -1.292921e+00 -9.564965e-01 -4.187781e-03 2.917135e-01 8.487369e+01
2.554161e-01 1.898680e-02 9.666448e-01 1.992032e+01 -1.046188e-02 9.998029e-01 -1.687376e-02 -1.333845e+00 -9.667746e-01 -5.803097e-03 2.555644e-01 8.512286e+01
2.195925e-01 1.816829e-02 9.754225e-01 2.085317e+01 -9.854782e-03 9.998169e-01 -1.640410e-02 -1.389328e+00 -9.755419e-01 -6.010360e-03 2.197313e-01 8.533947e+01
1.842613e-01 1.726802e-02 9.827256e-01 2.179622e+01 -7.939294e-03 9.998392e-01 -1.608012e-02 -1.441902e+00 -9.828452e-01 -4.839206e-03 1.843688e-01 8.551592e+01
1.497064e-01 1.548325e-02 9.886093e-01 2.274979e+01 -4.622691e-04 9.998783e-01 -1.558975e-02 -1.487418e+00 -9.887303e-01 1.876878e-03 1.496954e-01 8.565402e+01
1.161094e-01 1.870304e-02 9.930603e-01 2.370411e+01 3.197353e-03 9.998105e-01 -1.920401e-02 -1.536455e+00 -9.932312e-01 5.404927e-03 1.160276e-01 8.575774e+01
8.347086e-02 2.449840e-02 9.962091e-01 2.466336e+01 3.600780e-03 9.996838e-01 -2.488556e-02 -1.578857e+00 -9.965037e-01 5.664345e-03 8.335625e-02 8.583875e+01
5.411487e-02 2.811233e-02 9.981389e-01 2.562625e+01 1.029633e-02 9.995347e-01 -2.870987e-02 -1.637414e+00 -9.984816e-01 1.183079e-02 5.380024e-02 8.588405e+01
2.844833e-02 2.769310e-02 9.992116e-01 2.659670e+01 1.316383e-02 9.995191e-01 -2.807641e-02 -1.686769e+00 -9.995085e-01 1.395218e-02 2.807010e-02 8.590350e+01
5.896436e-03 2.376380e-02 9.997002e-01 2.757774e+01 1.408032e-02 9.996165e-01 -2.384486e-02 -1.740061e+00 -9.998834e-01 1.421669e-02 5.559573e-03 8.590820e+01
-1.322891e-02 2.055410e-02 9.997012e-01 2.856061e+01 1.436558e-02 9.996894e-01 -2.036377e-02 -1.785582e+00 -9.998093e-01 1.409189e-02 -1.352007e-02 8.589204e+01
-2.974218e-02 2.343909e-02 9.992828e-01 2.953912e+01 1.629226e-02 9.996036e-01 -2.296170e-02 -1.850372e+00 -9.994248e-01 1.559764e-02 -3.011226e-02 8.586002e+01
-4.451169e-02 2.917319e-02 9.985828e-01 3.052056e+01 1.897167e-02 9.994179e-01 -2.835194e-02 -1.910044e+00 -9.988287e-01 1.768279e-02 -4.503924e-02 8.580960e+01
-5.644683e-02 3.313707e-02 9.978556e-01 3.150611e+01 2.335369e-02 9.992194e-01 -3.186129e-02 -1.968582e+00 -9.981324e-01 2.150513e-02 -5.717664e-02 8.574610e+01
-6.558728e-02 3.696838e-02 9.971618e-01 3.249553e+01 2.936162e-02 9.989522e-01 -3.510353e-02 -2.034292e+00 -9.974147e-01 2.697593e-02 -6.660401e-02 8.566974e+01
-7.133181e-02 4.201284e-02 9.965675e-01 3.348523e+01 3.294277e-02 9.986667e-01 -3.974338e-02 -2.096511e+00 -9.969085e-01 2.999472e-02 -7.262072e-02 8.558750e+01
-7.497980e-02 4.736707e-02 9.960595e-01 3.447574e+01 3.484801e-02 9.983855e-01 -4.485447e-02 -2.165170e+00 -9.965759e-01 3.134750e-02 -7.650939e-02 8.550585e+01
-7.772054e-02 5.100177e-02 9.956698e-01 3.547392e+01 3.710220e-02 9.981468e-01 -4.823252e-02 -2.230292e+00 -9.962845e-01 3.319288e-02 -7.946878e-02 8.541929e+01
-8.041092e-02 5.455562e-02 9.952677e-01 3.647409e+01 3.755346e-02 9.979579e-01 -5.166903e-02 -2.302430e+00 -9.960541e-01 3.322099e-02 -8.229546e-02 8.533282e+01
-8.277044e-02 5.712855e-02 9.949299e-01 3.747623e+01 3.843787e-02 9.977957e-01 -5.409539e-02 -2.372412e+00 -9.958270e-01 3.376548e-02 -8.478388e-02 8.524353e+01
-8.466798e-02 6.126156e-02 9.945242e-01 3.847939e+01 3.950431e-02 9.975298e-01 -5.808354e-02 -2.446547e+00 -9.956258e-01 3.437017e-02 -8.687892e-02 8.515093e+01
