0.9999967 -0.002220141 -0.001303943 0.005542524 0.002223603 0.999994 0.002659561 -0.03047694 0.00129803 -0.002662451 0.9999956 1.528975
0.999508288315023 -0.022180512287035367 0.022164819036424026 -0.5260435338345363 0.022409915509095227 0.9996972892609817 -0.010155636834689162 -0.06068326068406284 -0.02193285291194483 0.010647354978562958 0.9997027151620864 2.8867301947917525
0.9997670371605012 -0.01342229362537784 0.01690363304338515 -0.5321892689268655 0.013580299061058464 0.999864829980441 -0.009267626172438256 -0.08580279329601057 -0.016776956091035237 0.00949502393983232 0.9998141343213992 4.30704855230231
0.9998913589430575 -0.00448454300601433 0.014043896302828759 -0.59360286048034 0.00462650694912769 0.9999383518542952 -0.010092507442791868 -0.07707842037140113 -0.013997771312911958 0.01015638498396179 0.9998504255719545 5.81760844745471
0.9998272007239998 -0.006592337903376511 0.01738176119301185 -0.701243394095388 0.006751369535099866 0.9999357028093677 -0.009106631558921371 -0.1391007606125469 -0.017320610776045502 0.009222408711321203 0.9998074127958961 7.3176446537093245
0.9999046431705445 -0.00817262896143114 0.011131956935941968 -0.6397665842146385 0.008238293592154462 0.9999488446851075 -0.005865805239591036 -0.1573493853740956 -0.011083449631340924 0.005956954584227992 0.9999207847141877 8.78205935951014
0.9998614562385066 -0.006167390784663494 0.015459587415242088 -0.7782554965299361 0.006261725065059769 0.9999620147923667 -0.006061104970866451 -0.17388723982448584 -0.015421619081696616 0.0061570692628364725 0.9998621015489467 10.200081479613255
0.9998665100935215 -0.007257966593788537 0.014635772027078053 -0.6672315885947389 0.007304813760970275 0.9999683199484524 -0.00315002583099075 -0.20456390199103816 -0.014612445928590286 0.0032565173208337294 0.9998878957510634 11.831408954001185
0.9997639366708968 -0.01301741670435377 0.017394096709023008 -0.6919671507489912 0.013104313405201486 0.9999021553962139 -0.004891213759485528 -0.20826979875161836 -0.017328723733017547 0.005117997284395478 0.9998367302038874 13.59777913662628
0.9993095254657329 -0.015819858425661287 0.03361744451356281 -0.8178638776974039 0.01590886748564222 0.9998705687030042 -0.002381885504942062 -0.2575571069591165 -0.0335754126826849 0.002915056694528428 0.9994319215919627 15.550724344899745
0.9989980890011749 -0.01872095792969769 0.04064753131017963 -0.8065648200957708 0.018913746795516186 0.9998115395186448 -0.0043635706769099445 -0.2566373398710592 -0.04055818132810451 0.005127996435167587 0.9991640128195232 17.505042108027748
0.9996571825183556 -0.01856647833157778 0.018457107652819826 -0.460169416286796 0.018678838868540357 0.9998078840409609 -0.005934092390018115 -0.2581165145809627 -0.018343383326247534 0.006276816309149578 0.9998120301280693 18.950256625236673
0.9998093697764988 -0.010969442224620908 0.016149469571290265 0.7865169582679903 0.011073835012237106 0.9999182276095837 -0.006389085756860519 -0.301901223859839 -0.01607806093658016 0.006566704986705026 0.9998491876436975 20.04844945022641
0.9994879354353184 -0.012670687635520305 0.02937986545692075 2.6703643152791585 0.012801219363699318 0.9999089251155873 -0.004259117725187859 -0.441654516305811 -0.029323221753651877 0.004633035278442488 0.9995592644335537 21.297195987122286
0.9993560275943211 -0.004077159328962276 0.03564856420060449 3.383660457026105 0.004298510850801147 0.9999719008336357 -0.006134878982962839 -0.4987036447855025 -0.03562254948684302 0.006284164887688701 0.9993455499620185 23.073854843947426
0.9994660844751899 -0.002232884430920584 -0.032594736902437936 4.631704136194037 0.0020495754038774685 0.9999818388396662 -0.00565615903355938 -0.5596243515141315 0.03260678058313109 0.005586334557863055 0.9994526387800671 23.910644138255375
0.9980205316289185 0.0029344891809897507 -0.06281907795207695 4.062059160189092 -0.0029823675067340797 0.9999952542130273 -0.0006683848693686129 -0.5172594361565812 0.06281682903171142 0.0008544116551458683 0.9980246931605253 22.8838106640784
0.9988584493196089 -0.00440863192574481 -0.047562220028086175 3.4103811386984892 0.004206427938112312 0.9999816251599204 -0.0043505889367921055 -0.430930438259018 0.047580532089873145 0.004145556268098453 0.9988588007327366 22.394434037029512
0.998638199708817 -0.0014134318956081334 -0.052149294904345125 3.131598953173793 0.0011953189737325975 0.9999903606437166 -0.004213401722734007 -0.44103979412157546 0.052154753039876586 0.0041453297180860495 0.9986304154240763 22.246434480506366
0.9981829108090539 -0.008627183709900359 -0.05963391423295046 3.23914656476779 0.008507097402152813 0.9999612206463437 -0.00226730764307832 -0.46070208748701996 0.05965116593907946 0.0017558768708913308 0.9982177511031133 23.066448594406992
0.9986428495302148 -0.009207462652913756 -0.05125864893602302 3.0686679815383067 0.009217335799146133 0.999957487277697 -4.376922203273631e-05 -0.45657567222748563 0.051256877538188944 -0.00042875808364650726 0.9986854058305079 24.4932105234303
0.9982892337813825 -0.008975961069301522 -0.0577732421134086 3.0095175377816363 0.009139121947472958 0.9999549038974443 0.002560563132285337 -0.4588694467522294 0.05774765871796134 -0.0030841795149889233 0.9983264423045016 25.418650352865253
0.9986474590920725 -0.008144331419075852 -0.0513484543998676 2.9499093274777044 0.008325186778174527 0.9999598336297199 0.0033092265463759585 -0.48161136992179504 0.051319444535507706 -0.003732236441332698 0.9986753092016841 27.015136537401254
0.998613320870826 -0.0054855859812844646 -0.05235572867261285 3.0559668771219 0.005492586121641852 0.9999849053996582 -1.016315753280244e-05 -0.4654648591191786 0.05235499810164522 -0.00027741890711912263 0.9986284897376745 28.48446896638374
0.9989606436695968 -0.0014028944269564208 -0.045556882156025616 2.8048448989330326 0.0013586759533991896 0.999998579002433 -0.0010015402287577744 -0.4581792794142777 0.045558225082848354 0.0009386027777010954 0.9989612316002919 29.577726603535965
0.998832071637263 -0.0021989870370249798 -0.04826392291118983 3.0897085550416556 0.0021466100043305574 0.9999970764182446 -0.001136998352778783 -0.5372580238498235 0.048266284102567426 0.0010320672022308673 0.9988339438659795 31.44159052318064
0.9995912256100162 -0.006446715567134956 -0.027849559541393402 2.2519695880484694 0.006450372163425252 0.9999791942493288 4.147133695015957e-05 -0.4854875451890921 0.027848716149878872 -0.00022109386462916504 0.9996120774517594 32.69371219969386
0.9997208817602794 -0.006990861808942947 -0.022562898603814444 2.0562060643090545 0.00699668341333523 0.9999754817983928 0.00017908224962169777 -0.46179776427347774 0.02256109768629894 -0.0003368971837805398 0.9997453475590224 34.60868661665862
0.9997589627223702 -0.013517371312672735 -0.017295330314438508 1.5883858420177104 0.013584110644012628 0.999900671715903 0.0037471148284734333 -0.39000303136223935 0.017242966351840874 -0.003981152970539429 0.9998433195950883 36.6302376860979
0.9999076697571211 -0.011855334837993461 0.006630470152337607 1.587469603832386 0.011827089607746213 0.9999208208327867 0.004283204660359553 -0.48828287418755295 -0.0066807190903040185 -0.004204389637480836 0.9999687349133537 38.00557040199377
0.9996916546826938 -0.017808828176169307 0.017300552209295057 1.5936675486067289 0.017731693434428427 0.9998321554888763 0.004601788824275946 -0.5518025172836595 -0.017379595752203793 -0.004293601537089164 0.9998396366872653 39.21192701081213
0.9996918358580859 -0.013645750019045149 0.020733205247993193 1.8127745162853328 0.013604559719385425 0.9999051434324621 0.0021264799101503866 -0.5951961165380836 -0.020760250576511312 -0.0018437582599501504 0.9997826909359555 39.93691101409206
0.9998747837010404 -0.013985908169704917 0.00739313215849373 1.4634468865414783 0.013975876198220629 0.999901318776056 0.001406932502114665 -0.5422661793775909 -0.007412073196833955 -0.0013034306041633924 0.9999716163416813 39.41693049389305
0.9996323719508464 -0.016788325112729482 0.021286391502299117 0.3996396946419707 0.016771513926411442 0.999858850803154 0.0009680873499959754 -0.556177704000601 -0.021299633479016727 -0.0006107262046319607 0.9997728944005768 39.196311546358224
0.9989246231038464 -0.02080003715322394 0.04143377163094628 -0.15656944097903702 0.020743755541460757 0.9997831911277418 0.0017878835832034075 -0.534137028790806 -0.0414619708417986 -0.0009264687119954708 0.9991396018095653 39.4148432850745
0.9982557648168253 -0.01608506972156787 0.056801981580062534 -0.18121146284680614 0.016032756862610107 0.9998705048220166 0.001376590885700193 -0.4998453467379516 -0.05681676156169849 -0.00046349715866799286 0.9983844902159205 40.385530580470785
0.995771970105168 -0.01659981919678806 0.09034566407299724 0.014449246076893268 0.016688629602871888 0.9998606794934778 -0.00022762871401248402 -0.5164291592891311 -0.09032929760014326 0.0017344121499951461 0.9959103947424317 41.81934146459266
0.994126892927771 -0.00769598597376114 0.10794513789869693 1.0049522624689096 0.00799403392686927 0.9999652825279456 -0.0023286600475912137 -0.5361575562025847 -0.10792347018137038 0.0031779016852256613 0.9941540897030794 43.002508359189015
0.985211903493777 0.024388265638994322 0.1695946264241663 2.9557839823442436 -0.02328105166420951 0.9996926610484899 -0.00851444413216959 -0.6450224847660017 -0.16975016419577812 0.0044401926869484815 0.9854770785413266 43.56940657267885
0.9774947603311669 0.036746952703266896 0.2077337772710925 3.182545114969906 -0.03617931361660528 0.9993239041380746 -0.006532515315994067 -0.682562996446843 -0.20783340719284682 -0.0011301645773984141 0.9781635180079183 44.490798754067335
0.9674099127438699 0.034869891062475185 0.25080240388938213 2.575350579737036 -0.03493140501239039 0.9993807892079972 -0.004207768636488389 -0.6648441988105991 -0.25079386977265217 -0.004690242139940091 0.9680290844411865 45.12843955197194
0.9640371598820648 0.04845947922405671 0.2613115337589253 3.0167648821634296 -0.049548147515614115 0.9987687466373821 -0.00242454987365345 -0.7310112955556075 -0.26110732365940176 -0.010610146191387317 0.965251389311413 45.732945671853166
0.9657851156794734 0.05451525730647895 0.2535485323288343 3.8740734786724467 -0.05588836792369413 0.9984353552047506 -0.0017898423668165507 -0.8380262567868919 -0.25324943427159097 -0.012441810809855331 0.967320919132522 45.392521357015625
0.9570973393863625 0.05315906429106658 0.28484808004154866 3.9143891363230443 -0.05490180735530973 0.9984899494886516 -0.001869139625854017 -0.8435307152431388 -0.2845173424306429 -0.013849726413853453 0.9585707776978184 45.7459389345283
0.966936252578858 0.06220495467620582 0.24731441149124414 4.853844313461867 -0.06447282632686663 0.9979187984160133 0.0010740008899879036 -1.0153832173824509 -0.24673291241364917 -0.016983550044763835 0.9689346380415699 47.17097298759512
0.9728509530205924 0.05878810337407605 0.22384040767304086 5.6081472423075125 -0.06077140211239275 0.9981496823703777 0.0019754725783746267 -1.084135175476343 -0.2233101079616988 -0.01552493700263563 0.9746237419756353 47.03222225967769
0.9736238079741949 0.05203670800262981 0.22214502599163774 6.061811245655824 -0.05389817797670493 0.9985436461833784 0.0023211120890338287 -1.1047078794635317 -0.22170073100349313 -0.014233102654654106 0.9750108272098439 46.61864666791782
0.9686766128385261 0.037312797732903136 0.24550543416733664 6.142959458298967 -0.040042484974588406 0.9991790465351285 0.006134491233053435 -1.1752749363251842 -0.24507500726473036 -0.01577298711779933 0.9693757645135246 46.87449045199342
0.9585670550834409 0.02947600057034288 0.28333706415894533 6.148820880510251 -0.03225188274446931 0.9994665012497606 0.005136346585084519 -1.206498964343847 -0.2830345213864811 -0.014061687853690583 0.9590066144654117 47.64395155304344
0.947204553451606 0.02447540708952567 0.3196936516523615 6.279628988963443 -0.02669674693978621 0.9996402320746922 0.002567080109573967 -1.2741535120979586 -0.31951583171333164 -0.010966331660064312 0.9475174435785746 48.758812704014886
0.9444148109133527 0.022761074367485836 0.32796669529685424 6.82757913406895 -0.02574418386590877 0.9996572086393544 0.004756328237020033 -1.3623432787953842 -0.3277460381239158 -0.012935183529526465 0.9446772736801242 49.73425774815815
0.9434656543344705 0.024928863224381644 0.3305308248619752 7.540749906849269 -0.028008549935198464 0.999597237722778 0.0045571640353255175 -1.4360893560618 -0.33028411614923947 -0.013557218594978833 0.9437841670818152 50.48886597097754
0.941609869674215 0.02070326715517274 0.3360680734765149 8.168695041954466 -0.02578102760428316 0.9996108005898192 0.01065397918661629 -1.5183675750333854 -0.3357167265316272 -0.018696076063637643 0.9417773972479928 51.09454241388596
0.9527448252143091 0.012153347057149629 0.30352777977696827 9.369754756929872 -0.016058976824290867 0.9998171597323129 0.010374613659773272 -1.6117640658626355 -0.30334621473904644 -0.014758708079987507 0.9527660719047605 50.18968094149241
0.965026925222864 0.016849519438724092 0.26160786100748856 11.091712682630755 -0.019612474161355642 0.9997759546793653 0.007953973319865366 -1.6822336905690216 -0.2614152414832053 -0.012806577951589697 0.9651414405247701 49.18005066973751
0.967896343190119 0.012798044949515018 0.2510227371137706 12.0640068809855 -0.015215412231492526 0.9998545746119694 0.007691566876014103 -1.7281298870829307 -0.2508878144969253 -0.011264055849058752 0.9679505805696422 47.27965183118785
0.9849894414932115 0.020637549733381444 0.171375085260542 9.915034670706863 -0.022253943580510405 0.9997240004567108 0.0075159430613101885 -1.5172623286699922 -0.1711726802219416 -0.011216897540576242 0.9851771313129642 46.566829402971614
0.9781877543760117 0.00623979957390438 0.2076278505051362 10.246824766838383 -0.008244059654032947 0.9999273024988422 0.008789242235598986 -1.5637126135186348 -0.20755793244582538 -0.010309227539618365 0.9781683163429991 45.65243800638217
0.9697260956604437 0.013117813837173574 0.2438417930659784 10.324689082132455 -0.016313555461519698 0.9998053318815638 0.011090875968100072 -1.6077802880657044 -0.243648869032592 -0.014733040951287846 0.9697515115348561 44.588252300807504
0.9720822129199267 0.01056850421810225 0.23440158495482805 11.612917131201307 -0.013924574703146186 0.9998227000499293 0.012667144018504849 -1.5864952534066437 -0.23422619322077085 -0.015577449794658178 0.9720572330324191 44.35656910207748
0.9671719717211136 0.0004802569807077009 0.2541216505501454 12.397646215152815 -0.0032685320174100987 0.9999388944688824 0.010550073491121664 -1.5187166403377081 -0.2541011107567998 -0.011034341142046284 0.9671146100512795 44.456911635719464
0.965252046279069 -0.0018400094848892872 0.2613135003308899 13.074305246698657 -0.001031086194600345 0.9999404921399405 0.010849631278255209 -1.570944522457084 -0.2613179748651242 -0.010742066719449465 0.9651928717734605 44.48458079449249
0.9584881288363086 -0.006096250678261079 0.28506667276954 13.390941691195541 0.0032928478759701937 0.9999412884073026 0.01031244403850321 -1.6569508212068567 -0.28511287868013335 -0.008945674886080453 0.9584520487935535 45.174160872888145
0.9306420947048246 -0.02091173106178361 0.36533225347623416 14.237303147840318 0.018944303132332925 0.9997801824056437 0.008969272850583607 -1.8232710216504933 -0.36543960209307835 -0.0014262167737558512 0.9308337961523496 46.131189438498566
0.9063667431026835 -0.024947785270423253 0.4217542170280465 14.969950236609268 0.023807212139803132 0.9996846447883485 0.007971111377474636 -1.8852557924197781 -0.42182018512845676 0.002816043989793448 0.9066749661433765 46.839431009098874
0.8853689426501985 -0.0149954618367121 0.46464677474997723 15.710875945393425 0.012133387333996206 0.9998843826500049 0.009149317297039985 -1.9693056130621822 -0.46473034667359003 -0.0024627812324794483 0.8854486717756054 49.270542101565105
0.822135747170809 -0.024536355493347827 0.5687622042384762 14.760003296985708 0.02574393326424669 0.9996509196205862 0.00591245452885588 -1.9732240882860193 -0.5687088438227547 0.009781339144565767 0.8224805837777408 50.38833469197191
0.7717925206800539 -0.029237930700038106 0.6352016472155554 14.344375797614155 0.027321523450230454 0.9995444546662253 0.012811775937153401 -1.9805621342413329 -0.6352869731861736 0.007466646797083127 0.7722398974265409 50.77465206172735
0.7407881645163363 -0.01798627500141567 0.671497609454692 14.58480095663451 0.02236198080270338 0.9997475784364855 0.002109077613538013 -1.859758868305749 -0.6713661343243953 0.013453641650197693 0.7410035282638188 51.288250674554554
0.7134167751873273 -0.011674982121066964 0.7006424270164568 14.933124358180946 0.023067903593226385 0.9997104509112079 -0.006830064475913697 -1.8821924374118553 -0.7003598984167002 0.021035041153049064 0.7134796535848388 51.767649531300236
0.6900339027146684 -0.003892719947672471 0.7237662936614183 15.577497522683561 0.02494658594136826 0.9995191910000033 -0.01840808038845315 -1.8302546160097262 -0.7233467014523727 0.030757706876189065 0.6897993654215153 52.34654068757919
0.7000615736042592 0.009081242215096307 0.7140244428995197 16.708837684072414 0.018852023220209426 0.9993354825013675 -0.031193314769032303 -1.820763872685583 -0.7138333131550363 0.03529805769848101 0.6994252607429007 52.724091288405795
0.665176771573712 0.010790090134587715 0.7466076824267566 17.17937366032894 0.019138452246718105 0.9993205978150144 -0.03149340526878621 -1.7699705752231134 -0.7464403568500697 0.03523760696053824 0.6645184444846549 52.51067729984242
0.6489664996975634 0.009976434940127142 0.7607512945386612 17.10553076425018 0.02266882659340467 0.9992164301324852 -0.03244152294052774 -1.7754178911510072 -0.7604789568236887 0.038298812065616014 0.6482319089232021 53.07973526107553
0.6253228083998621 0.017880034996277876 0.780161049057416 18.112892639160595 0.015867056174986422 0.9992393516007559 -0.03561889246033484 -1.8402856668583571 -0.7802045927005419 0.034652175193370945 0.624563566704721 51.63450798116153
0.6360239758801641 0.0145574048830024 0.7715316885481951 18.97515433382851 0.008344952508317734 0.9996337186781069 -0.025740573147849846 -1.8562990412765954 -0.7716238957717619 0.02281002624534336 0.6356696353915163 51.18812916262734
0.7066283017057415 0.018039603369847734 0.707354642919001 19.262009104121134 -0.0019299592550042185 0.9997202920163094 -0.023567806882997516 -1.914502210195763 -0.7075820263403937 0.015288521757563525 0.7064655530025137 51.40875667973341
0.7847567833968417 0.00992356283701948 0.6197240287961491 19.34444985277466 -0.00832230306428863 0.9999503096676376 -0.005473548638852851 -2.037463473128196 -0.6197475900892284 -0.0008621208182067602 0.7848004903249174 50.137964022625404
0.8045557463146991 0.013605545178414915 0.5937208450886035 19.52856415140739 -0.01605825406194381 0.9998703139912742 -0.0011520952965775877 -2.0465118077763016 -0.593659556431079 -0.008607190692518682 0.8046700069644214 49.303130314853284
0.7960152085284544 0.01350548457865808 0.6051254869778592 19.68468793049653 -0.014856323091903227 0.999885713988912 -0.0027731179785221525 -2.0287744944380264 -0.605093820968469 -0.006782491246726411 0.7961249897370248 47.78949456602449
0.7834440078115056 -0.003282434404267204 0.6214533212373653 19.698467050458504 0.003828257887384525 0.9999924643881072 0.0004556767625784092 -2.0640990478740795 -0.6214501946364007 0.002022090682772035 0.7834507941272026 45.668429633626346
0.7773489997922131 -0.007981295919003598 0.6290185500451537 20.475623837469257 0.008275908327285572 0.9999626092438593 0.0024605417261006884 -2.0210348689079742 -0.6290147103274794 0.00329300443063399 0.7773861562520461 46.058816270968954
0.7768844813075027 -0.018486378329734793 0.6293713389104592 21.804371695355652 0.016215260127038746 0.9998246683418955 0.009351794826766362 -2.0619839116592673 -0.6294339023971379 0.0029401583064239756 0.7770482176376693 46.34869659303044
0.7747844390518002 -0.010114310182480045 0.632144195881267 23.188254188455257 0.014940743531272801 0.999885553882619 -0.002313876421382451 -1.9264404470202963 -0.6320485051876176 0.011237464732168816 0.7748470816108272 46.468324343831185
0.8152554448951371 0.012415802084862624 0.5789679730609292 24.964420071248394 -0.01189561211591402 0.9999181005996356 -0.004692526595506339 -2.118944550002642 -0.5789788289424974 -0.003061566407156024 0.8153365841564603 46.70316041873715
0.8903193445722386 0.01693353337060864 0.45502113604997246 25.56457015235684 -0.017064208114386976 0.9998469915267632 -0.0038203659943967347 -2.03838510573314 -0.4550161743881048 -0.00436322512074269 0.890472255892443 46.195685992927146
0.8921116612825 0.025177666710984675 0.4511124047642593 26.55265444194893 -0.02688335591166481 0.9996350122791028 -0.002627997054208398 -2.0499241693211685 -0.4510138848247916 -0.009782943464617937 0.8924631083724202 45.72758527745223
0.8986739647919063 0.015293427586701998 0.43835003985182236 27.64985316680546 -0.0184427810999528 0.9998255297899283 0.0029275411405760253 -2.2148087779975754 -0.4382287465634722 -0.010715294881991133 0.8987994109958052 46.23586506623818
0.9167800927484415 0.018239147158435016 0.3989751204742513 28.992022897622444 -0.026795501741804173 0.9995147304128793 0.015878901602644272 -2.330669084712991 -0.3984918380691947 -0.02524819723334665 0.9168240958989965 47.25598211086516
0.9625057274897462 0.028161121408787515 0.26979478577628063 28.71636166783336 -0.03703846012409197 0.9989251020576844 0.027868889145266862 -2.373105633969143 -0.2687198670366426 -0.03681674753757505 0.9625143352449455 48.41710412311339
0.9797452581283729 0.013981231652293162 0.19975801761186276 30.428975333216282 -0.02091672573073678 0.9992478566782109 0.03265125925032354 -2.51167246505499 -0.19915114847140883 -0.03616820153775901 0.9793009616182317 48.872156308927636
0.9879146730799886 0.007088782824935921 0.15483506149431384 31.510849572752626 -0.012261811712439504 0.9993970755225984 0.03248048325385967 -2.5024380886618656 -0.15451133812831125 -0.03398650470905624 0.9874061340210495 49.79737838799582
0.9893189214652759 0.013650193169309224 0.14512502998878257 31.944063405040946 -0.01759630460594981 0.9995085051752267 0.025942295159100955 -2.4036141336381722 -0.14469945837283896 -0.028218867709988243 0.9890730260412387 50.11579343977303
0.9935175850359137 0.015911881463904994 0.11255750723197311 32.20537087070297 -0.018805641965159665 0.9995180689506987 0.024694264928998826 -2.4660022120260066 -0.1121102034818506 -0.026650900767512007 0.9933381699923071 51.13913923118685
0.9967430434052585 0.04203175632770417 0.0688198107032848 32.32704794685292 -0.0439319406295032 0.998687285242658 0.026333639691661203 -2.5365679333586226 -0.06762248521493101 -0.029271253997600607 0.9972813612599281 52.40090014717898
0.9948678493425107 0.018152886440855623 0.09953857347540054 31.840800220153795 -0.021002006828147846 0.9993969063781248 0.02765043297652584 -2.5900519747748616 -0.0989764769427571 -0.02959903603275586 0.9946492930357977 53.48393586709994
0.9935034202774009 0.027092805146318264 0.11052795105678419 31.71497779000574 -0.030439400835129977 0.9991242743615109 0.028703781057960086 -2.5571886555625687 -0.10965336463791281 -0.03188170681632607 0.9934582981251139 54.472111300894554
0.9971542059846251 0.027900326735427507 0.07003266915730366 31.114635263224457 -0.029663965310348633 0.9992651155294302 0.02427045009494564 -2.457013758047488 -0.06930391329738193 -0.026278824734446357 0.9972492378439534 55.58202387983149
0.9963933419722322 0.004415434836306749 0.08473657513214772 30.158335198783224 -0.006670604307401011 0.9996304442033118 0.02634922892550305 -2.482173874941098 -0.0845887812022026 -0.026819441617557054 0.9960547636914786 57.43674830143376
