0.999995408196323 -0.0023921943069840274 -0.0018603743350613226 0.005499926397456025 0.002395574979537218 0.9999954796739962 0.0018170999124284743 -0.030485908473612548 0.0018560190694971064 -0.0018215482348720616 0.9999966185719038 1.529501475509272
0.9991806881962632 -0.03999975874729527 -0.006162112933115506 -0.008769619361817898 0.03735581514155343 0.970087696804484 -0.23986330186938598 -0.06748802472155058 0.015572264149840902 0.23943658828327086 0.9707871160973045 3.0655388467687996
0.997059789559373 -0.052316367298014026 0.0559890503273089 -0.01981033926967298 0.06955228075574033 0.9245284162738295 -0.3747128070187594 -0.4627986285513235 -0.03215985518451896 0.3775052386589389 0.9254488308380782 4.497053736377879
0.9955076305731386 -0.03959489359615223 0.08600466191877959 0.02769842953144408 0.06543480059909161 0.9442358492632563 -0.32270256868617836 -1.0527461967946135 -0.06843131111714483 0.3268805674358919 0.9425848769694847 5.93619952622342
0.9967550583277244 0.002409766504786576 0.0804583539695454 0.07733323527711755 0.009498387356141615 0.9890473206681649 -0.14729283117911088 -1.6700525327692652 -0.07993206074992022 0.14757909914522943 0.9858150309057725 7.586026308601614
0.9962134039715509 0.08364149658108992 -0.023726647405132122 0.030463736308882106 -0.08066553304241497 0.9910197928994463 0.10664352704464278 -1.9845434744373802 0.03243340140033203 -0.10432578842843171 0.9940141871937168 9.450498735955835
0.9800900426045274 0.16282451851001548 -0.11362959367803305 -0.08114962721127017 -0.1154792990933088 0.9329893436599043 0.3408744873087205 -1.8209544178960937 0.1615179242943993 -0.3209658249550048 0.9332164268499481 11.283205443061167
0.9606816193828287 0.20344343255558747 -0.18894865950830228 -0.30002751463104815 -0.10856320488690452 0.9015800000129658 0.41876907015837833 -1.3029677405997215 0.2555481495230766 -0.3817908764318854 0.8882178054670549 12.777754106358866
0.9709482524799076 0.17187271177618788 -0.1664910266438206 -0.5799100559384196 -0.11535609905967603 0.9457846983193163 0.30361863387277926 -0.6993215371389607 0.20964842335669467 -0.27559222661703986 0.9381345656206851 14.083596381301922
0.9995637764555185 -0.007071108019748096 0.028675010538029126 -0.8468473121681074 0.006415441038799767 0.9997173286130019 0.02289333936235165 -0.2696005535155443 -0.028828786208592055 -0.0226993899093163 0.9993265926530152 15.498997133535783
0.9826857912734966 0.04933342333845786 -0.1785912902996473 -0.8535716171177179 0.010687466288459149 0.9472021689854505 0.3204587791488772 -0.249194884884893 0.1849713861480145 -0.31681897735294406 0.9302748636266186 17.009633966866154
0.9306903087594365 0.13333001481528012 -0.34064447203884707 -1.1160572250170548 0.027251451448729695 0.9033526885113398 0.42803186628249024 0.1906433401604839 0.36479159471567435 -0.40764816608037396 0.8371081561638873 18.361382398600032
0.8991468528355566 0.14899295805297105 -0.41150459959341806 -1.6241269077378915 0.010720503350596546 0.9324854583639809 0.3610483911439325 0.8174538846679356 0.43751572296755464 -0.3290470610571369 0.8368440856968739 19.642023664460364
0.9085104870090138 0.12294216404221912 -0.39936689809654735 -2.2882023017252013 -0.045527272269200704 0.9791720497930219 0.19786198316972897 1.431094692034509 0.4153744846212507 -0.16157760118515263 0.8951852971987889 21.096221086375433
0.9841164635703109 0.09307943965198226 -0.15116548562399285 -3.014662146466223 -0.10005819169817028 0.9942083427312018 -0.03921899434930727 1.7987084125760866 0.14663950492263916 0.053721403162536555 0.9877301587165849 23.109332631535974
0.9696019775816525 0.11960627693559692 0.2134627451977468 -3.288953692812007 -0.05113892247513629 0.9521781908589052 -0.30123330403649956 1.6299659211563389 -0.23928396452298042 0.28116015252924664 0.92935039299066 25.509199738067903
0.827190423931409 0.175501009454948 0.5338121375881884 -2.8542055141950513 0.05816886234529432 0.91812850461182 -0.3919903474228854 0.9845676094178797 -0.5589028412967947 0.35530190641137155 0.749258412892914 27.501836390761394
0.6762241664502397 0.1739564114077653 0.7158631458867081 -1.9739573955870324 0.10514656162500938 0.9389826375838111 -0.32749932350248573 0.3097576300499957 -0.7291536719287093 0.2967335054325356 0.6166718328792089 28.800345174919265
0.8039251102191283 0.059204178790119986 0.5917763786878877 -1.0007850170543147 0.03347627843397495 0.9889505243258468 -0.14441675532237414 -0.17167692328617645 -0.5937876353894317 0.1359107267636352 0.7930602236962885 29.628937864454304
0.9999421370839703 -0.009752175162920516 -0.00454065672943332 -0.14441325273871664 0.009680797410484342 0.9998332361592994 -0.015484896923100663 -0.4268083005810789 0.004690910939251704 0.01544004374390204 0.9998697917247729 30.7865001555031
0.9450990000670639 -0.015419399494597752 -0.3264201620480297 -0.17812183094436432 -0.026658676199850045 0.9919187687685505 -0.12404221518480854 -0.46674879665734326 0.32569494171004204 0.12593410294240695 0.9370503757325905 32.20456498107408
0.8493055752194231 -0.04294788358893259 -0.5261516123670461 -0.6595421754929218 -0.06107961677957043 0.981996684564707 -0.17875064172747993 -0.6720747482513848 0.5243561006751728 0.18395105544452972 0.8313920187766863 33.51325195625774
0.8326455330896068 -0.04256212487301759 -0.5521683454819004 -1.4520591099317148 -0.06240544909025956 0.9834811033956691 -0.169913151896735 -0.9504685189952166 0.5502789984632971 0.1759357405132157 0.8162350391035043 34.62412776604224
0.9109863188288005 -0.023877390595993638 -0.4117448203985997 -2.2371214628041756 -0.01839522395089226 0.9949770173881254 -0.09839893599644044 -1.2229390193854064 0.41202614315422453 0.0972142226619205 0.9059712204422883 35.728397381031805
0.9909581259747873 -0.0207667993610703 -0.13255464008790463 -2.783285965854691 0.023560843461617676 0.9995313355741425 0.019544714394162197 -1.3867722697827505 0.13208663528122008 -0.022491092673973666 0.9909829824625728 36.969117612695605
0.9819218479436151 -0.04708252306909492 0.18333772266624648 -2.9660393440136237 0.022203794221908345 0.9905343326181901 0.1354574746065751 -1.3820269795489362 -0.18797998843799443 -0.12893786071626892 0.9736727129897206 38.31060276659711
0.9161254436193609 -0.07840551327648393 0.39314977685492786 -2.7249422586397136 -0.004261595160116802 0.978728111590031 0.2051173381021284 -1.2322551923828318 -0.40086906884906964 -0.18958865754908064 0.8963035928572511 39.61197123192004
0.8961787940929078 -0.08519459947769989 0.4354370783913739 -2.2110292335867823 -0.005139066545238341 0.9793335748107456 0.20218639727600307 -0.9675874360695841 -0.44366333972193917 -0.18343290181491567 0.8772201613725796 40.80054335538752
0.9504286243780647 -0.06160529346361619 0.3047789654488665 -1.6506168822445797 0.02232398851155126 0.9911666392569576 0.13072999946838648 -0.7219866703013673 -0.3101404028819137 -0.1174456514364407 0.9434084213419522 41.94842942109044
0.9998710067928671 -0.01127560730092979 0.011438114137109934 -1.2336246663042147 0.011164427029734468 0.9998902585903489 0.009737881968010663 -0.5867241353023875 -0.011546659435354874 -0.009608925856743392 0.9998871652340393 43.15068424300923
0.9726359861488456 0.011731423756459561 -0.23203795410429878 -1.2081396525332153 -0.0028504484635752648 0.9992517531161853 0.038572125139631486 -0.6135423863193474 0.2323168383734137 -0.03685522474327444 0.9719416541219454 44.41080314763125
0.928267928581945 0.020362041421822904 -0.371354332188708 -1.5151214531286916 -0.0011673581304726803 0.9986547182873539 0.051840051286640716 -0.5804907348741923 0.3719103252683105 -0.047687953526464995 0.927042916507794 45.61043616648163
0.9255804796515453 0.020134114358393188 -0.37801506997343254 -1.9554243894330683 -0.0032503243983869343 0.9989704344254356 0.0452493815997748 -0.5320182126784617 0.3785369348944975 -0.04065327272016281 0.9246929762563457 46.75867267196476
0.9707975439448393 0.0022566960712689446 -0.2398896329429622 -2.4190143353839955 0.0035862846376281078 0.9997074999085345 0.02391763343488207 -0.49705314961073965 0.23987344003279126 -0.024079492300906113 0.9705054924199882 47.88390425734264
0.9997340171859213 -0.023040218753163335 0.001021372165960688 -2.69148449385718 0.02304639388968864 0.999713170946511 -0.006514565584522866 -0.4912010122755163 -0.0008709821905998354 0.006536371767280902 0.9999782583807235 49.05944989217706
0.9651043756445904 -0.03572191199040123 0.2594175960019196 -2.6924804004607816 0.04617825517164905 0.9983433631390976 -0.034323432599649706 -0.5184585561180562 -0.2577617366114825 0.04510514693325652 0.9651551237283891 50.25426479725471
0.9078720953165261 -0.04001263590874072 0.4173334967543553 -2.3488799439590933 0.06625739655863627 0.9966190425814092 -0.04858437367493077 -0.5696447624001288 -0.4139785211177684 0.07175982811955578 0.907453751505494 51.385071556585935
0.8945066336867294 -0.030510317879751503 0.44601233479951174 -1.8730708733387407 0.052624684550273935 0.9979183403710492 -0.037277721591736944 -0.6653898143446083 -0.443946533792549 0.056816427676891094 0.8942501711935077 52.455287240550845
0.9440278535864588 -0.026154785452992 0.32882721732066067 -1.3360480284078249 0.03347825819109012 0.9993011054408364 -0.016628496420578214 -0.7132177774860066 -0.3281624870112854 0.026706326266007437 0.9442436943162181 53.48516929608021
0.9946991682089074 -0.021038765696091154 0.10065254642825276 -0.9718576159890504 0.019842002443594863 0.9997202057748965 0.012876533090268007 -0.7461182518589381 -0.10089529078968416 -0.010811128682120674 0.9948383083662814 54.57121101330939
0.925876125644002 -0.19293591979717295 0.3248524754630555 -0.8631809003925023 0.09344276140465237 0.9500113583639025 0.2979041277334856 -0.7552707522846616 -0.36608994837816755 -0.24546720724283042 0.8976213009197604 55.709742104800455
0.9009724986134781 -0.2685859107768003 0.340749417129924 -0.5153158510293618 0.09880853656214655 0.8917399794802108 0.4416295756616407 -0.43892186499777824 -0.4224753600443867 -0.36422715100446545 0.8299717782108853 56.70907774325558
0.9192353710276179 -0.28574001023577617 0.27084862783883124 -0.13320549476435395 0.1460039303673885 0.8862964063101064 0.43950145901812926 0.07615532889600007 -0.3656353169060586 -0.3644603225486229 0.8564341704525535 57.670023673468506
0.9570585188519882 -0.24221788942504455 0.1592780133455815 0.25391741375401716 0.1910271625941712 0.9402125923383318 0.28197323340993935 0.6243641556684936 -0.2180541553010595 -0.23943845817018014 0.9461086671757261 58.79795727905441
0.9903565011138753 -0.12156884174177707 0.06644559743915358 0.6419731934647832 0.12063729467918516 0.9925357657210689 0.017871678627967146 0.9517752197578102 -0.06812227120384674 -0.009683515996623208 0.997629984354908 60.17016148626594
0.9999125371870163 0.012535347264371575 0.004216994804870533 0.9132593123101613 -0.011046873889126988 0.9669161725664598 -0.2548550211526246 0.9070278083667827 -0.007272176668674857 0.2547861462057704 0.9669700797584743 61.5984514029565
0.9967376569180288 0.07725579365286171 0.02335777447920634 1.0355017101981252 -0.05902429638750105 0.8951228267069791 -0.44189507526568395 0.5589425173580405 -0.05504703186835311 0.4390747857201233 0.8967625978079796 62.81503781912279
0.9957842144050759 0.06924987440349609 0.060151917980774364 1.0873308950354146 -0.03394916507418996 0.8874456329602812 -0.459660421105068 0.07412571316568495 -0.08521298335600815 0.45568048393015936 0.8860553278620581 63.77460037394744
0.9930826780420555 0.023092977557424267 0.11512388527299282 1.1669724845010616 0.013766271421143035 0.9508077481322196 -0.3094755497012649 -0.4161060199483046 -0.11660739403646861 0.308919634337593 0.9439128006213018 64.6637783185275
0.9703534451139975 -0.020869030894772257 0.2407876141019505 1.335346939321555 0.02515704799918976 0.9995747231638713 -0.014747737041275513 -0.7432875778108067 -0.2403774417273036 0.02036802301121024 0.9704657794828492 65.64029486306056
0.9679919565523277 -0.023687205474727933 0.2498609380171205 1.607813145310034 0.027138005586028708 0.9995778608211158 -0.010374430543087072 -0.7758187798227296 -0.2495097206579535 0.016823092851158104 0.9682261527371138 66.61726491211456
0.963597120813993 -0.024146435052122602 0.26626591676978834 1.8991974719231077 0.026483942660323 0.9996357603360272 -0.005191092233378392 -0.8070765873675385 -0.26604358579027404 0.012053892802092661 0.9638856333238756 67.57764477702334
0.9572292110404832 -0.027294580504297374 0.28804035030861225 2.2065374190953526 0.0282702004548575 0.9996000192703441 0.0007728136716731754 -0.8245681773689332 -0.2879462333441006 0.0074031986210948 0.9576179610643918 68.52797097786241
0.9481821195387334 -0.03052608008882027 0.3162575321181257 2.5234955806913213 0.030917794216865673 0.9995147817055795 0.0037803641111307995 -0.843304048259456 -0.3162194778754152 0.006193511642041812 0.9486658432903209 69.45988672587623
0.9366769855073293 -0.03200783460958973 0.3487287245761498 2.864796221406421 0.03298466550721961 0.9994509319097329 0.0031379206717973254 -0.863041454676616 -0.3486376868072067 0.008563482257283362 0.9372184537819088 70.36581864697324
0.9221366825570784 -0.033675733656505835 0.38539574938668436 3.2155972924775553 0.036277434743775774 0.999341621388492 0.0005210460876982183 -0.8708259554107778 -0.38515955967759485 0.013500693438134597 0.922751236718571 71.25873471600539
0.9056339186603403 -0.03497123842997597 0.42261592238649903 3.629171797527042 0.038456864667252705 0.9992602224767873 0.0002780928015408725 -0.8737955368356207 -0.4223130058758342 0.016000633059833097 0.9063088352266028 72.12078856051609
0.8858633272688491 -0.031386276233827906 0.4628834270789326 4.06993507729779 0.03331030516464671 0.9994369779860826 0.004018781393012562 -0.8899812255028416 -0.46274894810253414 0.011858697155276493 0.8864100531536054 72.9674026575818
0.8638338906335947 -0.02585804558830183 0.5031126820814396 4.540739036082122 0.024982969932161425 0.9996518843193548 0.008483005960858948 -0.9022651905256208 -0.5031568946225375 0.005241340965492933 0.8641791872862296 73.79764203359431
0.8416284981162684 -0.021261186247450933 0.539638242823751 5.071385191600506 0.019533991279639007 0.9997693630116868 0.008924346916904665 -0.8810156994340769 -0.5397035244865845 0.0030303040371358423 0.8418497032809369 74.57593345856917
0.849455650485676 -0.00494690312556897 0.527636831549337 5.562750799686771 0.010189406268269892 0.9999233794413138 -0.007029313377721424 -0.8907123056206814 -0.5275616303882018 0.011347396006498896 0.8494409707248731 75.36580997174529
0.8521692415501829 0.0043993696668932925 0.5232477704704727 6.101950185517857 0.008815956800636201 0.999702015493704 -0.02276310882800896 -0.8929463212257527 -0.5231919940724209 0.024010950925785545 0.8518765236665252 76.11540411292188
0.847711796468243 0.012031618029678573 0.5303206108536342 6.617011326159607 0.0063441746004207844 0.9994412792787694 -0.03281586083368254 -0.8833540052165698 -0.5304191376423216 0.031182838889430145 0.8471618316364187 76.87392284998573
0.836899797249199 0.016088269474423947 0.54711963677935 7.174565114734096 0.0032893417182145077 0.9994020657210484 -0.03441934432206802 -0.9102449699329876 -0.5473462428804203 0.030605205730701763 0.8363464663564201 77.60736773581387
0.8170633727989204 0.01622624336199305 0.5763194893952566 7.721812641340595 0.005061812381194712 0.9993634722711253 -0.03531328851322979 -0.9767587489585099 -0.5765256480728943 0.031770415744185626 0.8164611551063357 78.33399641660822
0.791984759941412 0.014390474367332946 0.6103712429890762 8.354932037381484 0.011052725611802632 0.9992204236659258 -0.03789963305144752 -0.9720075044423688 -0.6104408057110031 0.03676219765421127 0.7912082934010068 78.97048792394642
0.758321073590741 0.010589581720913663 0.6517952209913463 8.990553072579157 0.017044309990890308 0.9992041301672225 -0.036063801154346854 -1.0163096135632175 -0.6516583774073025 0.0384573402062849 0.7575370566111856 79.60543362050336
0.7111523103148774 0.008059206819128622 0.7029917785573725 9.591363498328558 0.020180182728132656 0.9992882644889218 -0.03187043582658875 -1.0568227354630995 -0.7027482847783194 0.03685123661648347 0.7104835216955884 80.26995790146938
0.6491283520305615 0.0035527161453443048 0.7606705994042876 10.213942660262218 0.021618431942968627 0.9994990089620956 -0.023116541352840716 -1.1042037930222532 -0.760371636760877 0.03145010797725463 0.6487263403915436 80.92193973081513
0.5776336471167589 -0.001603498847783161 0.816294553767226 10.920557409927627 0.022924658303693952 0.9996355111190095 -0.014258504532304792 -1.1510920197563919 -0.8159741599831767 0.026949465695706096 0.5774598657382736 81.47857050494905
0.8253434051830797 -0.038796673990841406 0.5632966195602872 11.716735404663666 0.05960809610978794 0.9980485908799277 -0.018597987008197005 -1.1502733590775212 -0.5614758573607286 0.04892676496396482 0.8260454184069995 81.95039312150698
0.9766825027133588 -0.14148347509464843 0.16147357421172887 12.176513821057474 0.13645585702286467 0.9897609647622407 0.04186922159623176 -1.1486729597135517 -0.16574404356635297 -0.01885892117966083 0.9859884650005863 82.64813290073715
0.9857110771782434 -0.15841685345187564 -0.05725183726761146 12.316951359765405 0.16724101158636537 0.96096621296772 0.22039596543050538 -1.0702952736202005 0.020102645887511983 -0.22682159967005447 0.9737288357399276 83.41782525071466
0.909386011219614 -0.3932953715972454 0.13540987142105243 12.409944805551037 0.2709681946411596 0.8071281448463434 0.5245192039285217 -0.9246921644237964 -0.3155840935329151 -0.44029865827309106 0.8405615809873324 84.69407810167579
0.33713427266066925 -0.37371768137207845 0.864103915526046 14.028920622320607 0.45209524489764374 0.8693502758852676 0.19959956753245944 -0.8888398987252281 -0.8258028649372063 0.32336541628331866 0.46204375963042327 87.37002765212029
-0.2779592972206385 0.23892577203072607 0.9304048068169745 16.83188656252778 0.4918908561528458 0.8673526297894074 -0.07578127229482443 -0.699948182053412 -0.8250951549499191 0.43659350780436923 -0.3586141299799077 88.1157357199672
-0.3835383606063849 0.4788054509726392 0.7897111282375728 18.122583533074128 0.5100726005428647 0.8226740390146016 -0.2510644692242151 -0.7917730726292573 -0.7698858799320869 0.3065171539250097 -0.5597525937688063 87.55045590023751
-0.2519288297698248 0.48648618124647924 0.8365781853401533 18.731417958490816 0.5146670581071275 0.7994269399013972 -0.3098941546064458 -1.0083275192693875 -0.8195423625598389 0.3524879618031078 -0.451777105167727 86.98486269508942
0.06240061485370568 0.29008837906162654 0.954963295419922 19.401461438530855 0.399572063062757 0.8695389370422735 -0.2902485200430237 -1.2582821320938624 -0.9145754915181409 0.3996883402112096 -0.061651447781508883 86.5589554912151
0.1992769737667428 0.025538193802958305 0.9796103758044084 20.340196379585787 0.023056204261945813 0.999261437849503 -0.03074069407111367 -1.5400474763250127 -0.9796719344614316 0.02871200940764897 0.19854098152365146 86.47407635543622
0.22689367861995624 0.02931413948712258 0.9734782688013299 21.27917982734469 0.010990514794558228 0.9994062038916595 -0.03265651860517088 -1.5570702472260411 -0.9738575189353172 0.018108584952690274 0.2264367725528623 86.65994302981032
0.20308230472872638 0.040728050035958 0.9783142661978989 22.2217960147944 -0.0039990715783496346 0.9991607278108676 -0.04076576292640017 -1.576329637122634 -0.9791535042742668 0.004366456312472091 0.20307473778560217 86.83412146666609
0.12303501010463165 0.04124368023953391 0.9915449284469442 23.16820868421347 -0.006605321479758004 0.9991479352468978 -0.04074031443192325 -1.63397600451096 -0.9923803484635828 -0.0015369880162181722 0.12320260407611407 86.99851525881263
-0.007321574694675671 0.0489349804835765 0.9987751309624532 24.11868339006557 -0.0020258579495879745 0.9987991263677407 -0.04895100679870205 -1.6715772127397186 -0.9999711448054689 -0.0023817749915672447 -0.007213647089452594 87.11811187340051
-0.16165758418554513 0.05700022043543885 0.9851993708613512 25.079213215122078 0.007470735687496577 0.9983725800638142 -0.056536532304428865 -1.702173610107171 -0.9868186325681028 -0.0017793951313691617 -0.16182033299120804 87.11977880624083
-0.2881574035209321 0.06598604979165368 0.9553068365865344 26.02543523068945 0.024672770268309732 0.9978033710795436 -0.061479159636297964 -1.7354179477050173 -0.9572651488502865 0.005854391103400783 -0.2891524872821365 86.9444011310426
-0.35737603536114415 0.07337099799358386 0.9310741463508563 26.952767134934934 0.03396455653797417 0.9972710273362118 -0.06555079660047293 -1.7951166868853043 -0.9333427978233555 0.008197236680937863 -0.35889277933955094 86.6700033568982
-0.330620202758906 0.0760541922753582 0.9406944463347301 27.8528934365236 0.041358618978292155 0.9969576832932623 -0.06606695360571506 -1.853494872303882 -0.9428572246972855 0.017062753584168748 -0.332759847752487 86.28860380513838
-0.21776878228708912 0.05742828325208203 0.9743093706538597 28.77580025152821 0.031487295977201506 0.9981611501794766 -0.05179641362516632 -1.9447813283646331 -0.9754923411556052 0.01939872560514807 -0.21917659955308597 85.97024307181782
-0.043830611488722374 0.026815595720849315 0.9986790281780533 29.732047720591645 0.021362252564345666 0.9994363054137744 -0.025898370339496084 -2.003341191434302 -0.9988105584453449 0.02019889222211334 -0.04437874593876746 85.77730962970026
-0.009870476824666602 -0.03619143228404973 0.9992961292412189 30.71358952286184 0.032074500297217826 0.9988191205276394 0.036490970103251835 -2.041793063019757 -0.9994367414288595 0.03241210726906984 -0.008697998875650528 85.7303795164257
0.02093187048569085 -0.09008908075020235 0.9957137210702453 31.700557561251387 0.03929830815472226 0.9952363922387353 0.08921976540992825 -2.013398683313495 -0.9990082581110861 0.037262328070179304 0.02437250772168458 85.70087887213188
0.05300379659226135 -0.11988975202298906 0.9913712951799 32.68863814957836 0.03237289879348253 0.9924512987393247 0.11828953907397455 -1.9222614523308763 -0.9980694329406719 0.025823767937553373 0.056484865574720634 85.66757935015059
0.058565359302562826 -0.11390390128090894 0.991764084832049 33.67509560156792 0.026868023067775203 0.9932892603335731 0.11249246482504126 -1.8202773585800578 -0.9979219448565064 0.02005857868774899 0.06123271506993755 85.72220844156281
0.03472673327755414 -0.0580575100651833 0.9977090655701697 34.66162221412552 0.015961758167325535 0.9982160865819774 0.05753144153565531 -1.710508295006135 -0.9992693712268363 0.013927311800697537 0.03559148372755381 85.7745224606327
-0.027880578034898653 0.04932454253208858 0.9983935911615422 35.66081744055799 0.0036870972074793 0.9987801365578505 -0.049240675580902435 -1.6502960659014652 -0.9996044611158074 0.002308315723912489 -0.028028431920038045 85.7992513932199
-0.13908906875103175 0.19763702829965835 0.9703575815125313 36.66267064520415 0.009935676106580353 0.98011134861498 -0.1981994617965223 -1.6974925390020439 -0.9902300304950747 -0.01792621993076078 -0.13828643225102755 85.78405005382992
-0.22685480159505308 0.333494447171434 0.9150510109819506 37.61815985599213 0.04331394330667135 0.9420713880560244 -0.3326039718966427 -1.9201743700678522 -0.9729649537925277 -0.03581834044195502 -0.22815837740369868 85.5702475365054
-0.30025735523803476 0.3564281617726992 0.8847623896396113 38.535524817645815 0.04873443978041934 0.9320826607893433 -0.35895245901810846 -2.2713444915320147 -0.9526124474332414 -0.06465971660309457 -0.29723500137779524 85.36458881216781
-0.13801555790823591 0.08111257002319758 0.9871030628862978 39.41992826308643 0.028632201432408414 0.9965510664543956 -0.07788561478052607 -2.6218322933183265 -0.9900161124024256 0.017513507154147536 -0.13986198286435525 85.0435679181016
-0.14912184674468545 0.08091947167591468 0.9855022648006169 40.43076146016354 0.027388259908434055 0.9966015658572697 -0.07768656351021157 -2.7037994874897864 -0.9884394559317438 0.015406428350818646 -0.1508313094911943 84.87852356197911
-0.1519262522274953 0.08109028113822188 0.9850597850836426 41.45105424390114 0.025813103099986724 0.9966144061450847 -0.07806029190587137 -2.7855400415296425 -0.9880547037449179 0.013568042194971491 -0.15350508342898161 84.78046008111775
-0.1503350589656713 0.0815936599570142 0.9852623227854634 42.46545503636205 0.024424134327148937 0.9965907983166552 -0.07880509103440834 -2.880822987543231 -0.9883333606168301 0.012217011311738076 -0.15181539094061341 84.6406250391832
-0.14723809470272084 0.08091795819431467 0.9857855890151648 43.48364660594999 0.02539433324984281 0.9966287043528052 -0.07801508507235683 -2.9585791197993547 -0.9887750357422611 0.013546575276219299 -0.14879656915123154 84.49266056305167
-0.1454097131593266 0.0794237572215622 0.9861784230593033 44.504357376357326 0.026686713258533157 0.9967247831098358 -0.07633823465413025 -3.0362448707377965 -0.9890115442472739 0.015217539993789542 -0.14705302384568042 84.31162301572589
-0.1428744356956264 0.08000238141736413 0.9865021614736607 45.52954552264973 0.028925623140168447 0.9966395298125427 -0.0766352134530096 -3.141205696603712 -0.9893180499468361 0.017585976873236087 -0.1447084291491164 84.14473437403696
-0.13937861099781498 0.08154265112957206 0.986876080793876 46.557816541373306 0.03130356685948055 0.9964684982826271 -0.07791417478379141 -3.2244735071057917 -0.9897442545921626 0.02003317191874735 -0.141438971025245 83.97132730439874
-0.13374125144170323 0.07925301292055928 0.9878422129094406 47.59809923979084 0.03270266622576393 0.9966072207394674 -0.07552869118209422 -3.302253082251866 -0.9904765586749308 0.022203772494050256 -0.1358792817264615 83.8307227666789
-0.12345487351468815 0.07624149225902341 0.989417065278131 48.64122124928133 0.028840811622887697 0.9968987556914842 -0.073219385996494 -3.389918560217555 -0.9919309964863509 0.019496301159136673 -0.12527087630693245 83.68886544833327
-0.10470888888349654 0.07112441295857773 0.9919563329451961 49.70131200001696 0.022409837687596544 0.9973548196285178 -0.0691459538843916 -3.462853134263789 -0.9942503949024102 0.014989384412461183 -0.10602580153592954 83.5752050671413
-0.08848855435904403 0.11035482234602141 0.9899452454213922 50.76326162197132 0.018982508350179117 0.9938502441154035 -0.1090933391572772 -3.548108134218512 -0.9958962998847724 0.00913813201520329 -0.09003918268782185 83.48959256967598
-0.06902849450937928 0.14038466698828125 0.987687811112581 51.81841039140588 0.01306115133988129 0.9900917067728223 -0.13981351331455294 -3.700462307323218 -0.9975291841702902 0.003249223641326842 -0.07017812532608232 83.44484553443839
-0.06399232894310893 0.14139892001780602 0.9878822436172428 52.87562734553531 0.011024637341384792 0.9899509336081941 -0.14098087253155484 -3.858773648818794 -0.9978894924829733 0.001869349102147958 -0.06490813759465366 83.38270550820407
-0.0817384150216766 0.11521320111750401 0.9899720954643118 53.95136692840137 0.015563736363217055 0.9933222802296581 -0.11431805504717121 -4.026737452074293 -0.996532288297854 0.006063488072831514 -0.08298573667944509 83.30069900827375
-0.11588384222770592 0.07373895937791818 0.9905218326621628 55.05835590072383 0.02180506591419311 0.9971890021360786 -0.07168425991340235 -4.17817593498451 -0.9930234006361696 0.013291346384631171 -0.11716597586442022 83.19336843871974
-0.15630590148606394 0.02938523032847018 0.9872714790771445 56.17299508000551 0.02251555151093868 0.9994036078542627 -0.02618164525089911 -4.268553482490885 -0.9874520317973866 0.018136616179111897 -0.1568743065412063 83.04442408161688
-0.1831324364415784 0.0001787546093665604 0.9830882354955529 57.272052622351765 0.021725337119162882 0.9997565050571567 0.003865271395205483 -4.2975758545693905 -0.9828481675467624 0.02206577990213574 -0.18309172812358426 82.88120920517535
-0.184458702897508 -0.0039079776999719484 0.9828324957161637 58.34936432511781 0.023615192455602785 0.9996857722531618 0.008407106511023221 -4.302648732399134 -0.9825565172602818 0.024760542500102165 -0.18430845320941547 82.70048607593698
-0.15359071931188595 0.023245006560672868 0.9878611039064417 59.43041664046631 0.023502772019125567 0.999526381971917 -0.019865332857685006 -4.31591954992382 -0.9878550048709972 0.02016634354869285 -0.1540642980680525 82.53648524827021
-0.11002109118583511 0.06564345795400493 0.9917591925069912 60.521313037564745 0.014709994759900296 0.9978149406142797 -0.06441242381004597 -4.337738871471926 -0.9938203940091197 0.007502047371355075 -0.11074630349043751 82.35603055890684
-0.10632773723159337 0.0713403896329125 0.9917686025995346 61.63320228272348 0.011692520471071355 0.997443598957775 -0.07049504850125805 -4.409195912433864 -0.994262388537474 0.0041006956952906945 -0.10689006985951417 82.239357849426
-0.10345566316602038 0.07230690949116851 0.9920023369925672 62.740570456462365 0.004785081146647351 0.9973787134035922 -0.07219975794845195 -4.483883002650799 -0.9946225559262664 -0.002722662158810005 -0.1035304706522195 82.12010415814649
-0.10125531483155321 0.07235637305142666 0.992225738679061 63.85295334960314 0.00017910980218199482 0.9973529638654195 -0.07271198930399758 -4.577258547525498 -0.9948604571185045 -0.007184758013230119 -0.1010002480900394 81.99474294009498
-0.10018379680255084 0.07115710730348526 0.9924212174970989 64.95752814903341 0.0022119635801777426 0.9974528508583479 -0.0712945827652566 -4.677346498614201 -0.9949664889207807 -0.004947362403577888 -0.10008601066034403 81.87508082634679
-0.10411810763886557 0.06953437544706473 0.9921312364263555 66.0634370562056 0.010027273299027228 0.9975756868658389 -0.06886365343441307 -4.756445033995129 -0.9945143907716418 0.0027784177754590984 -0.10456293292929757 81.73405674561559
-0.10911506470299372 0.06962514526560637 0.9915877378233394 67.17689025528159 0.01787528856795009 0.9975200810473787 -0.06807467932972026 -4.84221281885879 -0.9938683900363632 0.010296943914335013 -0.11008903774922842 81.62346635392286
-0.11004812239458148 0.06891432295530162 0.9915342792102758 68.297776770934 0.025389468216064193 0.9974627816900344 -0.06650845094334926 -4.9060447247459305 -0.9936019251496723 0.017855397917459676 -0.11151860429576964 81.52829314621702
-0.11168373856560808 0.07048341200505065 0.9912410560363887 69.42658312886334 0.025733524689828063 0.9973521266747939 -0.06801853515259103 -4.985629365408301 -0.9934105537224008 0.017911561891486055 -0.11320180079645627 81.4120676841013
-0.11021630210223692 0.06708426338267028 0.991641098562032 70.5656812560656 0.023166817885029518 0.997621909251152 -0.06491397947413333 -5.06456710302074 -0.993637592535624 0.01581858996531773 -0.11150832664657293 81.3220502605747
-0.11518973896441935 0.05927694705149971 0.9915732789792 71.70109500160707 0.02454246973924585 0.9980830219021282 -0.05681503823649237 -5.12752170235829 -0.9930402767342356 0.017791147769876746 -0.11642372543697113 81.1588392090433
0.06709623843925189 0.03631490684750677 0.9970854137574974 72.83323004501037 0.009234290167996083 0.9992720089681602 -0.0370159422118527 -5.201244748765189 -0.9977037750115993 0.011691006517613194 0.06671205059214433 81.041907180226
0.20691631534223953 0.025020435870843433 0.978038657842329 73.97561171007719 0.0007009665697888419 0.9996688866975592 -0.025722084183249352 -5.238294135079529 -0.9783583939901878 0.006007891285229477 0.20683026410863098 81.10030488734309
0.2514098836836424 0.03195278312984452 0.967353136158887 75.09936206715507 -0.008113226786422699 0.9994893763869073 -0.030905695928493217 -5.273567903449981 -0.9678467058048447 -7.835795766979268e-05 0.2515407480364579 81.32876110798742
0.17647271916681373 0.04377859823564604 0.9833314872037774 76.21598506181613 -0.0014959700347741008 0.9990211999912372 -0.04420864216104584 -5.328917558405473 -0.984304394719198 0.006330584853725709 0.1763654791388717 81.63508739408567
0.0011385774409010188 0.06494327762795597 0.9978883075436598 77.36418234920849 0.009944310552018063 0.9978388774821236 -0.06495140701216565 -5.38827560049262 -0.9999499059098194 0.009997263433220677 0.0004903007145568696 81.85433750509846
-0.1978579732032192 0.08636753950209525 0.9764183890936657 78.5267115120138 0.029796457309248497 0.9961804157667963 -0.08207770936442345 -5.4726451299193775 -0.9797777266154472 0.01285407962658688 -0.19967568471203764 81.83207314325169
-0.35139833637916046 0.10600289980785628 0.9302056731832395 79.66432546198214 0.049490258055407195 0.9942835546089449 -0.09460934093317407 -5.569542937318414 -0.9349170677378655 0.01279055380059611 -0.3546356978448536 81.60232841515696
-0.40562760366858935 0.10292715892219725 0.9082247778486792 80.75348083639582 0.05204036651628252 0.9946284025839239 -0.08947704189456922 -5.696466282011039 -0.9125557776897407 0.010969992231366457 -0.4088051025556254 81.19794260820797
-0.32576210191234506 0.08696436073125986 0.941443706718705 81.8086417635623 0.04178945225211926 0.996111943201656 -0.07755409912756941 -5.8010658078908275 -0.9445277627672573 0.014078230486264037 -0.3281297133577774 80.67343409847786
-0.15067970625543062 0.058958360428057674 0.9868229516272977 82.91215786543503 0.017794036539911944 0.9982200287904682 -0.05692228373121311 -5.899896012668558 -0.9884224797051068 0.008982530667672444 -0.15146060793622546 80.3018496669886
-0.2666605773016958 -0.08886177037579575 0.9596852204128237 84.07752139879979 -0.0027986835581703465 0.9958076768317079 0.0914288692557153 -5.963492594283368 -0.9637864410145368 0.021694619810382086 -0.265791345961105 80.09219900220073
-0.3525826849678646 -0.1745166139379979 0.9193635851612091 85.20016628404817 -0.026489246282477723 0.9839238911686382 0.17661284273504102 -5.866557446333609 -0.9354056714026485 0.037917381860850946 -0.3515373409192549 79.78977815796993
-0.3443497623351025 -0.17868896368686923 0.9216797141286491 86.30976063161012 -0.026789078835879707 0.9831907055377401 0.18060559736432996 -5.642784485056617 -0.9384591554430496 0.03750054400557309 -0.34334839851731136 79.38934234586473
-0.2287939905211101 -0.08590837310168598 0.9696767818878868 87.56456409386118 0.004101773967292426 0.9960045112218217 0.08920868273940008 -5.373180859642245 -0.9734662219880822 0.024387805493714776 -0.22752746997110834 78.96467352654678
-0.0869377923108525 0.08055621747906337 0.9929514167841155 88.98433808281128 0.0318702620107239 0.9964399956308233 -0.07804884052060546 -5.231660704244656 -0.9957038247729507 0.024860227929545977 -0.08919564114803044 78.65586864789725
0.024343169929057523 0.22398038852471858 0.9742895850998935 90.41023110163032 0.03971854996813565 0.9735922119214212 -0.2248124588949125 -5.326691409826152 -0.9989143340978912 0.044170017458272266 0.014804144402908809 78.57133710768174
0.10616245825309614 0.32318787538780924 0.9403611697959329 91.71211150779885 0.026169765519905772 0.9444698275049834 -0.3275544051075288 -5.6379716519123155 -0.9940043640901642 0.05938301217542982 0.09180948771603142 78.66435798083056
0.11048439832366008 0.33350370380230154 0.9362523576884604 92.87106480593313 0.019690020893318654 0.9411001676997887 -0.33755411037735156 -6.049575113837524 -0.9936827968744767 0.05572929127102549 0.0974101908947424 78.817126315955
0.01776494635814513 0.23715297520210343 0.9713098748770563 94.01179130731322 0.03616302891778968 0.970675146231458 -0.23765941140217375 -6.461346100884367 -0.9991879913311528 0.03934751378838182 0.008667822003813885 78.94654321714548
-0.136048581544075 0.06835826063552776 0.9883409996872188 95.22048755368617 0.023702468481599178 0.9975557044250332 -0.06573286512052956 -6.764991279856557 -0.9904185864813552 0.014483258333682497 -0.13733629811639714 78.98243271694383
-0.08125690925063009 0.07151195404197581 0.9941244163222892 96.44558546823895 0.0174394169329696 0.9973720205407505 -0.07032012073013301 -6.852895046513269 -0.9965406070181356 0.011622954510827661 -0.08229049454442679 78.84023763254376
-0.043330054086582144 0.07055972974167057 0.9965660193643162 97.6759879623017 0.013333338432625984 0.9974548656373127 -0.07004293756470634 -6.953947794960536 -0.9989718356886221 0.010252587733577484 -0.04416057003334984 78.76728424339433
-0.026025525017232008 0.06502035487240138 0.9975444980048984 98.90884018203433 0.01537382035459787 0.9977905213021067 -0.06463529413082444 -7.054098344951433 -0.9995430544480228 0.013653902443646908 -0.026967633429305395 78.70006029776408
-0.0594344694987118 0.057529246135040055 0.9965730929914474 100.15274615503114 0.01837738753930739 0.9982318090524823 -0.056528992765128745 -7.135717099845361 -0.9980630318084323 0.01495463924485818 -0.060386615258841224 78.72719220940657
-0.11812891902482944 0.055384356193923484 0.9914525362209765 101.40129843303507 0.01972858275789952 0.9983771959820823 -0.05342057249150546 -7.2023936409736 -0.9928022670765777 0.013249438929255892 -0.11902987379506848 78.66213377976932
-0.18629498327928823 0.0551548736391893 0.9809445035876472 102.64716841491635 0.022194583843530947 0.9984045050362212 -0.05192152512580755 -7.271972764896388 -0.9822431367298942 0.012098935375579404 -0.18722189003905343 78.52701187679729
-0.2410262207356295 0.053978012013273555 0.9690163750613273 103.88115476220293 0.02353986991430308 0.9984835441898985 -0.04976430956415323 -7.33903688332287 -0.9702330830487679 0.010816015952007391 -0.241931350503833 78.31495132104362
-0.25244410861923083 0.04739464621286142 0.9664500605482929 105.09167512202248 0.017414806148025205 0.998860470802384 -0.04443517070143571 -7.433874775828859 -0.967454751681063 0.005613143397128418 -0.25298180976294476 77.99276466646225
-0.21631391337592998 0.04708096735414149 0.9751880195085403 106.30252675129097 0.008602196118320483 0.9988897460125766 -0.0463171408106374 -7.485552298461564 -0.976285968915836 -0.0016302833890839699 -0.2164787497056897 77.66138608779445
-0.13713725646787642 0.054547355571322925 0.9890490174347476 107.52075842386833 -0.006934721570108367 0.9984052882917778 -0.05602490470993245 -7.5452291443554405 -0.990527779784701 -0.014541881280893568 -0.1365402913560808 77.35684196374916
-0.08972458804132756 0.09308475493009263 0.9916071433286548 108.76247640184043 -0.01919581571434599 0.9952763100752504 -0.09516610353510876 -7.623393579395876 -0.9957816120816222 -0.027573447419551846 -0.0875139191073408 77.20433430269853
-0.0551565364581135 0.12509790876244878 0.9906100492672201 109.9785363962327 -0.02367692029286106 0.9916774886856029 -0.1265510248068336 -7.766047142670922 -0.998196954479118 -0.0304347113913769 -0.051735562344805364 77.0886164879398
-0.04961083400384009 0.12660752943668124 0.9907115113086062 111.210414509976 -0.02807870985509367 0.991364083681425 -0.12809699309256967 -7.924397962992991 -0.9983738534248173 -0.03417289973684252 -0.04562742290836619 77.00189033260591
-0.07544603913290476 0.10072829966727434 0.9920492451613969 112.46994204165883 -0.03154644068282455 0.9941456666689651 -0.10334028993362662 -8.100115872888662 -0.9966507498915557 -0.03909223822526286 -0.07182673354077901 76.93617680870939
-0.13612357899836794 0.06180519234128583 0.9887620995165252 113.78035616002312 -0.024741374189897813 0.9975287334526004 -0.06575933652074284 -8.301903126006199 -0.9903828732585551 -0.03341472932868884 -0.13425803596068178 76.76589173292118
-0.20567182990367655 0.012181031400434306 0.9785452063436286 115.12602999094572 -0.021504052855572296 0.9996248427282657 -0.01696318104822353 -8.398289093472872 -0.9783847270347498 -0.02453153632595602 -0.20533272907802666 76.59586400952345
-0.2581924509409826 -0.02398781416722115 0.9657956528420304 116.42698976570131 -0.024792425190965625 0.9995269779818671 0.018197690501515096 -8.4409385841588 -0.9657753330512441 -0.019245910160794563 -0.258665036315007 76.34469642313795
-0.28001825904738714 -0.02926272018004572 0.959548575012091 117.63794327961435 -0.030603038581938066 0.9992994030115137 0.02154430714555286 -8.414382995546312 -0.9595067632016081 -0.023332302683058703 -0.28071760725306194 76.0171663772197
