0.999996173487818 -0.0024153971473904437 -0.001348653316770289 0.0028769226835680946 0.0024193875499245246 0.9999926775201993 0.0029650414893041305 -0.015127381278851056 0.0013414818691588402 -0.0029682928769140817 0.999994594816996 0.9998814357970233
0.9999937447474688 -0.002740206108385064 -0.0022364559276648855 -0.009817569394671632 0.002748507198626504 0.9999893143323919 0.0037171131414490692 -0.04804101038925502 0.0022262466425974677 -0.0037232366989979815 0.9999904906221798 2.5231954364549662
0.9999921136938318 -0.0015347864763255831 -0.0036629196844695767 -0.01948603806201187 0.0015468235021345801 0.9999934060106014 0.0032856159801273395 -0.09838050490594398 0.0036578528122433633 -0.0032912559590081427 0.9999878938002281 4.566006633233301
0.9999879015720461 -0.0009141232130224408 -0.004833330972267507 -0.05289443330249297 0.0009277166020784141 0.9999956189889595 0.0028109330823639163 -0.09892708227504432 0.004830740258210333 -0.0028153830358788553 0.99998436866129 6.078933008195739
0.9999778229976224 -0.0018079840950926997 -0.006409735286877059 -0.06431953312983667 0.0018315019955816168 0.9999916062069018 0.003665121577974905 -0.13450913309474602 0.00640305500336569 -0.0036767797395340124 0.9999727407171511 7.614549286082447
0.999978418197739 -0.002388855097897613 -0.006120172388816862 -0.13137329204235126 0.0024160566627360876 0.9999872198196239 0.0044410435284416 -0.16132197049172334 0.006109485162436408 -0.004455734365993694 0.9999714099024579 9.096825711012634
0.999967196727262 -0.00307475233623643 -0.007493421614494934 -0.14331498759506642 0.0031029007600658167 0.999988163337171 0.003747691612848383 -0.18402035318065466 0.007481809693847746 -0.0037708200199213834 0.9999649011040752 10.59703839286513
0.9999615011341463 -0.004231089810837664 -0.007687270553131514 -0.18758594142361637 0.004263795971481556 0.9999819075216955 0.004243191391508473 -0.20946162543289817 0.007669178147493845 -0.0042758049866684165 0.9999614498560722 12.091226263532018
0.9999535300515175 -0.003101110883591151 -0.009128025459928132 -0.2058718228022739 0.003135791848656426 0.9999879106128436 0.0037875371471259105 -0.22185507117131523 0.009116169535025424 -0.0038159847283013725 0.9999511656643846 13.584430963366819
0.9999437393831877 -0.0034290816443223056 -0.010037901545800369 -0.23174249348564754 0.0034679936068760437 0.9999865301807296 0.0038616677030008915 -0.24374425416093343 0.010024524363243829 -0.003896261821581279 0.9999421623549577 15.072962063761342
0.9994540479634455 -0.013376163496047339 0.030210664666791835 -0.849967982834716 0.013467284752145732 0.9999053502935585 -0.00281472835658638 -0.29383204767368504 -0.030170154969555062 0.0032200472735270337 0.9995395905338964 16.97578256247283
0.9992903080109231 -0.0012025143125929984 0.03764882833186665 -0.7944881292417423 0.0006232497354573689 0.9998813118932872 0.015393949666222335 -0.2832153592013368 -0.03766287130851309 -0.015359560081165926 0.999172453602936 18.46186338891965
0.999305023110432 -0.0008575913039281196 0.03726573927099651 -0.7548350613331817 0.000273830622770365 0.9998772261145324 0.015667090166922425 -0.2927788644554856 -0.03727459997167639 -0.015645997400737056 0.9991825693847385 19.93603654627199
0.9992800580335072 -0.0013691094260441408 0.037914260587937725 -0.7066032884315461 0.0007936282792078764 0.999884319744621 0.015189380599326804 -0.2929730816796736 -0.03793067058074472 -0.015148355297400471 0.9991655476251564 21.409272326353154
0.9993517825471046 0.00034437176569520977 0.03599855730458533 -0.6207571699106001 -0.0008848421919069359 0.9998871199190337 0.014998815763761593 -0.2993975439181041 -0.03598932861585423 -0.01502094631196163 0.9992392803516449 22.86925484088604
0.9993581862180652 0.001006802780682436 0.03580784812160369 -0.5854659188405865 -0.0015512880844699612 0.9998835552175884 0.015181222306344512 -0.3041055488293961 -0.035788393987688356 -0.015227027076763235 0.9992433780126767 24.32639430574389
0.9993376380268493 0.004150638431602621 0.036153249142065975 -0.5494070505739896 -0.004717441952712525 0.999867080507056 0.015606635118423409 -0.30415396054461225 -0.03608366617101122 -0.015766848731021795 0.9992243869705905 25.7787274629984
0.9993217976673097 0.00466798946361005 0.03652608083744262 -0.4768809929873984 -0.005196254516622517 0.9998830840325492 0.014381140586111476 -0.32587759232317537 -0.03645467934263362 -0.014561186075545312 0.9992292170538747 27.218222287522675
0.9993055065688332 0.00495719155271163 0.036931433672649776 -0.4377641496999283 -0.0054066632482790014 0.9999124106532219 0.01208052209891195 -0.3291854075296789 -0.036868313410397736 -0.012271808080813362 0.9992447799176639 28.65127388614671
0.9993182970060772 0.0022363909030450823 0.036850235068478454 -0.3840845452745699 -0.002707137887378429 0.9999153100090583 0.012729658830782364 -0.3603710853054072 -0.03681864572919627 -0.012820739651758475 0.9992397189671004 30.075950679369384
0.9998034487150196 -0.013835617257594383 -0.014199987065318534 -0.19289256335517704 0.013949217146622315 0.9998712400927667 0.007932375202159697 -0.43410303363667785 0.014088409369060606 -0.00812889478667414 0.9998677101451957 32.199783443650084
0.9999081987136229 -0.005828369683385667 -0.012232099252030169 -0.2330716753640245 0.005533948893959364 0.9996974360608143 -0.023966888472916902 -0.5515469646559181 0.01236808614607597 0.02389699646959844 0.999637916450159 33.61649938399207
0.9999178983093321 -0.006424368025682789 -0.011087115770959475 -0.32374274482693477 0.006164466194277898 0.9997090727010146 -0.023318861803649702 -0.6149803726479552 0.011233699176481348 0.023248601135309056 0.9996665976954835 35.00711826789473
0.999926850116946 -0.006118292396779107 -0.010433643340184887 -0.36772847727346714 0.005863445049108784 0.9996879137577767 -0.024283638499621982 -0.6828960830291304 0.010578961544440853 0.02422068505991839 0.9996506609750577 36.38932263060351
0.9999355556435778 -0.005045445779530462 -0.010169957554249896 -0.365597075181974 0.004796317081852844 0.9996914082769747 -0.024373829400602277 -0.7416559906507059 0.010289796024205398 0.024323480303713837 0.9996511833653253 37.75631823671939
0.9999434103984579 -0.005264506947228931 -0.00924451011700508 -0.384216178624324 0.005031622650716682 0.9996738697815551 -0.02503671003688768 -0.7933418528860218 0.009373301136826141 0.024988778332943357 0.9996437876479929 39.1119648875608
0.9999590514249979 -0.004847817774792041 -0.007641605593099357 -0.4027478175848005 0.00466748314446049 0.9997142839672598 -0.023442803435716718 -0.8551376980061771 0.00775306870305215 0.023406176421019612 0.9996959741996734 40.445070297654375
0.9999735630174423 -0.003660990700618383 -0.006282548311892496 -0.4216961337376348 0.003526097910298407 0.9997658568638176 -0.02134942816290759 -0.8906951689635787 0.006359237354295439 0.021326710867973712 0.9997523350829572 41.76870779506003
0.9999865597712186 -0.0041148425863937205 -0.0031541000952052746 -0.4400218757169847 0.004049580595007234 0.999783175456466 -0.020425547023061992 -0.9343342062826966 0.0032374641196327306 0.020412499716496772 0.9997864015285455 43.07135651828331
0.9999915621607708 -0.0038376884385377986 -0.0014655219924857026 -0.4187051731586612 0.003808452892033784 0.9998034576731321 -0.019456148421983722 -0.9911947032987233 0.0015399005912407348 0.019450402882660693 0.9998096371479278 44.352498523188686
0.9990599134454071 -0.014655415054668018 0.04079838423309715 -1.1920707107350448 0.014221292107797443 0.999839343162076 0.010910669824219085 -0.6184095762472988 -0.04095173008849222 -0.010320207110510682 0.9991078265772695 44.43781041191851
0.999005328496592 -0.02002277948921154 0.039842714979561523 -1.1544649898266763 0.019553680275851568 0.999735236909479 0.012128877492076435 -0.606345478757455 -0.04007501993868429 -0.011337741533234533 0.9991323477867383 45.65402319354063
0.9989921428306954 -0.017691162261114703 0.04125192529307811 -1.0927408628374087 0.017312657314604605 0.999804851793667 0.009514737334862198 -0.6092765049349615 -0.04141220181591256 -0.008790967392458117 0.9991034723356047 46.88583156522331
0.9988670555288356 -0.01536212467845424 0.04504009885111331 -1.0502803017533486 0.01497879660046549 0.9998487688099621 0.00883601502965634 -0.6203132389454384 -0.04516902734791083 -0.008151357835725619 0.9989461018162481 48.10537383911745
0.9986807123266124 -0.014526115640432219 0.04925268308641373 -0.9826986339218128 0.014121870549612727 0.9998637629150269 0.008545664490428434 -0.6345198526750911 -0.04937010835505524 -0.007838850285837869 0.9987497909022091 49.31307182209658
0.9984138436296215 -0.012562381896764462 0.05488153979076343 -0.9309052079894133 0.012177982996241886 0.9998989568942213 0.0073329892944285794 -0.6454910650657745 -0.054968114201494576 -0.00665301156836582 0.9984659452671397 50.51008727235302
0.998166343854642 -0.011069865040928991 0.05950973100117909 -0.8329026236945596 0.01064678517311969 0.9999157777835493 0.0074218127837341235 -0.6502083261207386 -0.05958687742560876 -0.006774616409433848 0.9982001345477619 51.69175371702352
0.9976167768438751 -0.009246474932419112 0.06837594065869276 -0.7846887200906366 0.008685160693406371 0.9999261395458335 0.008501966636999609 -0.6807459230305584 -0.06844950360204696 -0.007887848521054104 0.997623399536289 52.86833337208961
0.9969271950243419 -0.007432321906228758 0.07798030784743037 -0.6888246516222756 0.006785911339619477 0.9999404130458702 0.008551126530790164 -0.6773895528308159 -0.07803921596344136 -0.007995683131349973 0.9969182262468043 54.02907458974692
0.9958548110857641 -0.006520978957885188 0.0907230514850954 -0.6162812748660538 0.005755490095982226 0.9999456193277559 0.008696707479637108 -0.6822825727969307 -0.09077482895104516 -0.008138502359902376 0.9958381872614879 55.17594996712651
0.9956374967618817 -0.0008404684516243088 0.09330202920899353 -0.8959732814805158 0.0005592948591193704 0.9999952237171491 0.0030396927722603317 -0.7721830377310982 -0.09330413833798909 -0.002974248757416427 0.9956332113852644 55.71004874173299
0.9923251945513899 0.0032451663275774884 0.12361301369214069 -0.7627938301743071 -0.003921201146696338 0.9999786559859981 0.005226064867875077 -0.7888227557900119 -0.12359341584451065 -0.005670667327788546 0.9923167392984678 56.81591464870827
0.9901686051070563 0.00408733798241807 0.13981926594201302 -0.6193080484028891 -0.004834315540849241 0.9999757982317935 0.0050032333484602 -0.7888170731850734 -0.13979543216284784 -0.00562997503592355 0.9901644007575194 57.92063013221861
0.9874642401508885 0.0020021915747124672 0.15783017978867694 -0.4536267063015548 -0.0026387326235662355 0.999989208415425 0.003823629536548048 -0.794901616737737 -0.15782082091210042 -0.004192169079317625 0.9874588670952533 59.006684796890575
0.9842969229508729 -0.00032002525011962275 0.17652043806109904 -0.26028273193724816 -0.0003522771862158269 0.9999928039772079 0.003777286669760745 -0.8145664734828171 -0.17652037664311476 -0.0037801557693786024 0.9842897271901867 60.07470410788726
0.9803587836901283 -0.002493851775596622 0.19720658190063783 -0.05633117922263273 0.0018516986240406097 0.9999923668041577 0.003440573444216667 -0.8284466273929464 -0.19721365686436973 -0.0030078292406116266 0.9803559182814383 61.12978812442702
0.9760467017661612 -0.00777900166109047 0.21742199314824387 0.20943576227147312 0.0064259965786262075 0.9999553447098664 0.006929296800064324 -0.8371962292270362 -0.21746618711737634 -0.005366164303172905 0.9760531039555694 62.1595550858418
0.9707088251111919 -0.013093638262444836 0.23990192472821403 0.47211418366479563 0.01115702943916601 0.9998933024590845 0.009428912533233635 -0.8412793087974695 -0.23999978655270307 -0.0064761357705061424 0.9707513389741674 63.17835490924399
0.9646407292787303 -0.018758411485157996 0.2628999532429646 0.7490253120367241 0.01661386209529527 0.999808118823351 0.01037810778470214 -0.8571224897780848 -0.2630441845068581 -0.0056433618939301915 0.9647672825420939 64.18021169914431
0.9575706955935511 -0.0259714122209353 0.2870258676282204 1.0620397450847325 0.02410843792682108 0.9996590974921511 0.01002357331027483 -0.8540727834462913 -0.2871883461444963 -0.0026785347539459103 0.9578703875213811 65.15462628260114
0.9686840106019333 -0.02297830667534809 0.24723123796657878 1.5816384628016975 0.024380634101140976 0.9996993362441433 -0.0026118563983398364 -0.7652201515916754 -0.2470968884566936 0.00855771788229543 0.968952988116383 66.62331933101741
0.9549235712902717 -0.02445695644073228 0.29584257684770354 1.919601846443931 0.02536870895632991 0.9996778760313959 0.000756821805865045 -0.785840440979852 -0.2957657884207068 0.006782437247253053 0.9552364089296768 67.57331757806999
0.945797979830491 -0.028379885091952918 0.3235131581106556 2.2569315435327746 0.02863848351374872 0.9995819820152724 0.003962132311258877 -0.7974694912058697 -0.3234903686519818 0.00551754950922289 0.946215376136331 68.51376961417978
0.935285836468623 -0.03206400651481234 0.35243765915038955 2.609137400300249 0.03261205839206801 0.9994584709674899 0.004383886262102733 -0.8130703005811512 -0.3523873688834781 0.007393530790142192 0.935825025287225 69.43329764702709
0.9237882034995908 -0.03376055913106561 0.38141261085883843 2.9856527633521757 0.03603198283674805 0.9993499324679875 0.0011868820839597816 -0.832167342317139 -0.38120473670699623 0.012646624980077865 0.9244041386692095 70.32552129508858
0.9110008579807556 -0.03608507903035549 0.4108227158151068 3.36819779262475 0.041215704934517566 0.9991436593481962 -0.0036350586028474183 -0.8417714064645928 -0.41033974024590625 0.02024388934143692 0.9117080028820926 71.20564835654724
0.8975041543315376 -0.03925687922650746 0.4392552679149409 3.806093050327863 0.0462596805658784 0.9989156774957941 -0.0052451126834444336 -0.8484651130874057 -0.43857306678770624 0.025027318803953025 0.8983469810724092 72.05599034982185
0.881877527806254 -0.03738055166439732 0.4699943832723907 4.263015884659309 0.043959365048156035 0.99902873498486 -0.0030266977242924846 -0.8695742105525693 -0.4694247545399502 0.023329831371369843 0.8826642163321742 72.89434493771576
0.8646533355235877 -0.03365341705151938 0.5012405180037727 4.7410367664968565 0.0387398239706944 0.9992492967572979 0.000262619049391402 -0.8882178589333298 -0.5008730731499285 0.019190894997417496 0.8653079649133851 73.72076354897318
0.8462254640603823 -0.031665082967149295 0.5318832451736695 5.270320899068031 0.03666869876516926 0.9993268108449428 0.0011539745860128842 -0.8737580059040969 -0.5315617278422703 0.018526943815951286 0.8468169116439401 74.50062716176926
0.8185642164517132 -0.016596194991597982 0.5741752257426241 5.565281173640729 0.01892961449827431 0.9998189897178233 0.001912457732264852 -0.890475623781546 -0.5741030336444315 0.009303446212659102 0.8187302074852431 75.36459599920002
0.7977538296412006 -0.013781608357816815 0.6028257580461123 6.145335167504627 0.02201529757324015 0.9997379197334164 -0.006278416987001254 -0.8838960921769371 -0.6025812426267182 0.01828001964366385 0.7978481603138955 76.0832726524075
0.7758990711713043 -0.012819906432550559 0.6307267882011738 6.730734398591839 0.024282001596398418 0.999659511779073 -0.009552220061227345 -0.8586303674157073 -0.6303895745917601 0.0227268675511224 0.7759461796654029 76.78890341665448
0.7541028559602261 -0.014045277506906734 0.6566061321769581 7.374713832990576 0.02417781104586235 0.9996872911027335 -0.00638384372529175 -0.862629584480195 -0.656311142740744 0.0206893737805753 0.7542066253533618 77.44870764133468
0.7303691985974843 -0.013341569137046979 0.6829222768902983 8.017961669392466 0.02372210199466798 0.9997015332603201 -0.005840057698292994 -0.9023709221029776 -0.6826405317713141 0.020465750167687854 0.7304676977478547 78.09455301662798
0.7078875782379384 -0.014269499728978629 0.7061809668589997 8.73162003200017 0.028544244419043453 0.9995571038188009 -0.008415599557746713 -0.8687027326225655 -0.7057481156099339 0.02611470051245335 0.7079813696208199 78.63875059483853
0.6844991564056989 -0.014218511533018912 0.7288749816049882 9.443683593079928 0.031025637960149344 0.9994721052213191 -0.00963953700287405 -0.8846566329332404 -0.7283531524398397 0.02921206624409564 0.6845789512661767 79.18870728172205
0.6579800071332057 -0.011749157693205831 0.7529437346219744 10.112531312747661 0.03130862787769155 0.999440528859639 -0.01176431439487148 -0.9011435674386195 -0.7523842635471601 0.03131431886957376 0.6579797363143732 79.78635529707776
0.6288517483547648 -0.010009188943815526 0.7774607994798465 10.781766375648276 0.03215684547229038 0.9993964075589162 -0.013143737961621832 -0.9305362577649187 -0.7768599718613559 0.03326614938671953 0.6287940421350651 80.39202018736394
0.6007511179991 -0.00672122892433998 0.7994078554183578 11.503520473147576 0.03591342928031395 0.9991820235124512 -0.018587885487365348 -0.9680637066780349 -0.7986290251550837 0.03987617046946857 0.600501100089359 80.93028529058658
0.5373222169142056 -0.0031425408134589006 0.8433711873473265 11.706596904151873 0.03607100360852325 0.9991636518356211 -0.019258233282927497 -1.146481008581616 -0.8426053156188117 0.04076912174356355 0.5369861830654316 81.9245540673479
0.5058462402349209 -0.00029667098083318026 0.8626236104040531 12.476154977142333 0.043428276795682605 0.9987406156270662 -0.0251230466191278 -1.136474670738901 -0.8615297824305045 0.050170655598650735 0.5052220692943344 82.42785898799565
0.4746062023935282 0.004631118430454927 0.8801860629387838 13.295400903988606 0.04518191335148476 0.9985396645046567 -0.029616433222554243 -1.1603528394332476 -0.8790378531983093 0.05382463332908262 0.4737038753182178 82.86137859668133
0.4416805675978386 0.010020101619518471 0.8971164215250912 14.123638828305385 0.04148830785138509 0.9986397828166621 -0.03158012804784872 -1.1968619240503513 -0.8962125844452752 0.051168171155752194 0.440664069039553 83.27833214944833
0.4086780350196685 0.015722781622060224 0.9125431813511773 14.975118681062755 0.036593664769595115 0.99876532210839 -0.033596652399515585 -1.2157121453542832 -0.9119447172889337 0.0471235131520177 0.40759809508512 83.66868463829478
0.37441244956131464 0.023570913144450728 0.9269626366078803 15.840728882429122 0.0335815726826761 0.9986763806749098 -0.03895849917823734 -1.244025770362804 -0.9266539783487978 0.045715410263928904 0.3731253216745636 84.00484273664877
0.33919266833882644 0.03336232527451531 0.9401251453915401 16.718290364673866 0.03080866737677261 0.9984408672431349 -0.046547402003166274 -1.2787810462429208 -0.9402122950481205 0.04475254038660196 0.33763597315643257 84.33928985996187
0.3044399937341074 0.03954650748306362 0.9517102310898357 17.628552842233315 0.029593025780329064 0.9982628015849709 -0.05094734337420822 -1.3094547146358801 -0.9520717110808102 0.04367439430165782 0.3027408202440529 84.57285767068586
0.2686869848617704 0.04398888168465681 0.9622225742799967 18.53862048197181 0.026923631556933614 0.9982233743355324 -0.053152732704630695 -1.3622965520482266 -0.9628511942297612 0.04018797355324965 0.26702528822567717 84.8281337347185
0.23231668455360335 0.0474508554601203 0.9714820504744924 19.461178009749414 0.02542855120029125 0.9981715642606676 -0.05483536345521706 -1.4232076310364257 -0.9723077428787019 0.03744255089486236 0.23068530191715708 85.05090353328166
0.22919611383554492 0.009447308637788289 0.9733344182562264 21.21566941661206 -0.0040109979735252 0.9999535756707193 -0.008761187054254778 -1.5291569439931827 -0.9733720014968275 -0.0018960123537665843 0.2292233666954876 86.7497562049477
0.15213791737970736 0.012118277180439455 0.9882849798785488 22.229295057244443 0.0017123367151083023 0.9999200986386497 -0.012524545558514793 -1.5432373326754185 -0.9883577904778915 0.0035977349334358004 0.1521050107820557 86.82074645934668
0.11461120404336297 0.006194660628218206 0.9933911103323966 23.187141067127513 0.0012783517854334332 0.9999788098785369 -0.006383228855153285 -1.5757446991478397 -0.9934096021905785 0.0020014928443005627 0.11460085646255397 86.93114402607523
0.07874349751914526 0.006411094869251223 0.9968742947137469 24.142325241290802 0.004945902446644909 0.9999645009577924 -0.006821647397893878 -1.5820741546423616 -0.9968826408597157 0.005467603388174681 0.07870899355060369 87.03879455158126
0.044233949481329 0.005118898068521273 0.9990080853505878 25.102539185704867 0.010227424872984824 0.9999321490151997 -0.005576481535128847 -1.5735971669453468 -0.9989688471087329 0.010463949942935997 0.0441785950188668 87.12014488833151
0.014090623702405767 -0.0015455731061358312 0.9998995277163856 26.0681374019686 0.015237580729334132 0.9998830156844981 0.0013308189925550203 -1.5588527605479952 -0.9997846120326088 0.015217297705161385 0.014112526115414773 87.14088646028968
-0.012269740320899758 -0.003392857921057702 0.9999189677106765 27.040041284201408 0.01329731987261292 0.9999052636602065 0.003555979305061879 -1.5586169896492834 -0.999836303980138 0.013339873303001381 -0.012223462013552892 87.15895955105985
-0.03395704536138722 -0.0033974007805356032 0.9994175187269142 28.021703297101276 0.011309272559834776 0.9999288906196717 0.003783392430028622 -1.5508653165811723 -0.9993593044668629 0.011431157948722875 -0.03391620856551187 87.11341929652457
-0.05441054530211237 -0.002394649419512307 0.9985157776490498 29.00532462661667 0.008237553234638196 0.9999620179501826 0.002846993801103314 -1.5742961301628942 -0.9984846695250923 0.008380233359199912 -0.05438875262599851 87.08718897430684
-0.07239087099179958 -0.002545027544795469 0.997373091993084 29.9860817821715 0.011168371066309185 0.9999319793212242 0.0033621746628866543 -1.5797770803464044 -0.9973138068255015 0.011382423535203832 -0.07235752310362335 87.05401061658604
-0.07214942307589771 0.028187435666337447 0.996995450952697 30.703701115445327 0.02558023727712616 0.9993240615839568 -0.02640210976778121 -2.044051887726147 -0.9970657511973124 0.023598483211853444 -0.07282169580172405 85.71939728688618
-0.07870353804700689 0.023739308366974767 0.9966153713128951 31.69912199756328 0.028802777157426084 0.9993532215935605 -0.02152994469551912 -2.0788322434115414 -0.9964818880074551 0.027010807630097042 -0.07933639230685316 85.6348512465339
-0.08432879132099719 0.01794616086310988 0.9962763623937962 32.684255247812516 0.03164961469180105 0.9993815603042834 -0.015323146336053911 -2.0980538501400954 -0.995935217192464 0.03023958058655859 -0.08484462812546695 85.50064488254098
-0.09068751731720229 0.014270843458104646 0.9957771423515586 33.67523191968879 0.03597771987215529 0.9992915588194965 -0.01104464326727427 -2.1289436040688363 -0.9952293091924308 0.03482417980505642 -0.09113670295365217 85.41614590532191
-0.09401550914335163 0.012897205281137593 0.995487190342725 34.66651265280635 0.0406696069947162 0.9991311771735043 -0.009103508487540546 -2.1420735477085238 -0.9947396981660139 0.03963020181406592 -0.09445835059307732 85.31791438960771
-0.09581763927328003 0.009831474899172863 0.9953503514368206 35.665051399548204 0.04450583891678643 0.9989935231798278 -0.0055830947572113095 -2.1483446627300893 -0.9944034444361141 0.04376394344733886 -0.09615875907856485 85.21329224228101
-0.09839018469540534 0.008231188570490836 0.995113872423815 36.66814105126028 0.04715970061775476 0.9988808768540198 -0.003599512882035722 -2.151958322667352 -0.9940298457255938 0.04657511556680474 -0.09866825435108802 85.13057987097574
-0.09838765889520383 0.0073768239493756434 0.9951208223354291 37.66098893508399 0.04957645168312122 0.99876719724652 -0.002502227575965779 -2.176537658978607 -0.9939124931379183 0.04908837105415796 -0.09863208307451048 84.95554031657667
-0.10148854911299086 0.0064087946748964805 0.9948160642801038 38.668179862472755 0.05296402632968151 0.9985958898553057 -0.001029892731615855 -2.1957802652186635 -0.9934258333231976 0.052584941902647855 -0.10168548358151377 84.8804290597268
-0.10352883557153546 0.004265766202520653 0.9946173050193264 39.678045840248515 0.054121817069780434 0.9985334265334603 0.001350930202476511 -2.184744456142684 -0.993152862918024 0.05397035606749479 -0.1036078739463397 84.75691362703041
-0.09437455995057108 0.05907820836253242 0.9937822738058922 40.43559571489247 0.031673882316426503 0.9979104699461276 -0.056315709627984635 -2.681678648881967 -0.9950327671052555 0.026162172474233383 -0.09604859769037344 84.92549800207628
-0.10426770148090801 0.05192633961801914 0.9931927817305973 41.45793092022043 0.03100954763290346 0.9983202822528826 -0.04893896196414218 -2.7251430725392956 -0.9940657193483187 0.02569570579686815 -0.10570277347406638 84.87074199225597
-0.10651514467627893 0.052096302434909 0.992945365680913 42.478826879550866 0.031643887778313035 0.9982982342714904 -0.04898264811847245 -2.7905271516346706 -0.9938074201377575 0.026203257870636446 -0.10798241040141711 84.78015306685874
-0.10875172471186806 0.053175205205690315 0.992645687001926 43.503043814909304 0.03471765097157536 0.9981622410150542 -0.04966714530574353 -2.8374985005686924 -0.9934625041153841 0.029060938786257998 -0.11039798346732344 84.67768267870548
-0.110472811416014 0.05504049846581656 0.9923539194594219 44.5303869673047 0.03778028102990526 0.9979762958201013 -0.05114648909251642 -2.8853626078453263 -0.9931608169391015 0.03184111351419616 -0.112328692625851 84.53664943698604
-0.11176784780659552 0.05686325632540185 0.9921061023281497 45.56164227897089 0.04198213816150514 0.9977403496361792 -0.052456599043994113 -2.9638291218908415 -0.992847142450473 0.035787774280412 -0.11390253263200198 84.40570749298868
-0.11301670452595021 0.059513596052900256 0.9918091330407008 46.595054706088774 0.04651045429911567 0.9974271821175718 -0.05455083880097372 -3.0214197852310556 -0.9925039053520063 0.03996433732532267 -0.11549393751692738 84.26458039736778
-0.11528681999358387 0.061619646922669594 0.991419168792339 47.63873737329209 0.04996862901052807 0.9971702259232658 -0.05616650823178797 -3.0746365216626015 -0.992074636935435 0.043064598515124175 -0.11803963361581547 84.15160129247244
-0.11766015826182111 0.06359029870246449 0.9910158228145172 48.684228877968025 0.04882698905231906 0.9971110810127111 -0.05818433862945864 -3.141780024856102 -0.9918528178605374 0.04154234023973789 -0.12042517041515012 84.02865523821137
-0.12051592012351 0.06668877983870362 0.9904688382985144 49.74432333506828 0.045620622221087044 0.9970589092312152 -0.061581574767296386 -3.19893734560892 -0.9916625796232025 0.03776424454804004 -0.12320385549474988 83.92055852533504
-0.10862254280705978 0.069242152674727 0.991668627862704 50.75959516523902 0.02131695532207166 0.9975040478293563 -0.06731464907319071 -3.5465567324636167 -0.9938544816068017 0.01382746748395449 -0.10982745801053087 83.48858510169387
-0.11145640720620488 0.0689412912350355 0.9913750892853469 51.82063569828284 0.020411713344964964 0.9975391161003699 -0.06707513554228788 -3.6542713878899167 -0.993559676743681 0.01275971051941897 -0.11258933580252183 83.42315807565832
-0.11290915631412536 0.06763472331243364 0.9913006943520634 52.88039567978307 0.02298183926953563 0.9975914080368582 -0.0654462961123708 -3.7345129691545 -0.993339497595974 0.015392427147445967 -0.11419157456786783 83.31566305796217
-0.11330603772763172 0.06651729248409159 0.9913310202021571 53.94017525935746 0.0250329993429179 0.997630821082928 -0.06407880905025984 -3.817005813106992 -0.9932447285328837 0.017555472821544293 -0.11470272279091745 83.18268026062957
-0.11207344486040999 0.0669412160960431 0.9914425936708101 55.00910392907006 0.025746237100321482 0.9975890259424534 -0.06444584233572284 -3.9069132612530773 -0.9933663343562105 0.01830324853051106 -0.1135267231137044 83.0458451605755
-0.1107333637649057 0.06826468833578755 0.9915029271140487 56.08227033683982 0.025220890875151333 0.9975099817292318 -0.06586154427289811 -3.9858680233547386 -0.9935300845031182 0.01771351678704729 -0.11217933192109066 82.90612627435198
-0.11078799992538184 0.07282055501338165 0.991172631704526 57.161165769579796 0.025708847422742414 0.9971882746000429 -0.07038892075024114 -4.057549533988641 -0.9935114867160454 0.01768365821126429 -0.11234862703005964 82.79585394299109
-0.11033880107263164 0.07555241955786819 0.991018254562854 58.24084259189818 0.027511740793660814 0.9969566518312636 -0.0729420214135773 -4.143209174468215 -0.9935131871778837 0.019216302150731057 -0.11208158026765658 82.69412043825626
-0.11050853228545926 0.07791651393977711 0.9908162701265991 59.32747347617708 0.027755433555938673 0.996775365337583 -0.07528948774065561 -4.245318584353766 -0.9934875440589257 0.019180404364897912 -0.1123147892673246 82.6100525139037
-0.10990930115922296 0.0811545501061454 0.9906229779869637 60.41858741463078 0.028107212356085133 0.9965163184016927 -0.07851886252809495 -4.327918950526207 -0.9935441259110045 0.019213697098817043 -0.11180744032278778 82.4764081926002
-0.109681153164169 0.06719677014704238 0.9916928146973656 61.630209947886705 0.009514342526929408 0.9977374571435813 -0.06655406748607015 -4.410627864380512 -0.9939212855789228 0.0021355782508873824 -0.11007232794247603 82.24050179861396
-0.10769792251824772 0.06599161273154014 0.9919910607129198 62.736857036638185 0.0002984070541019897 0.9977966700950555 -0.0663454301399092 -4.483096926164113 -0.9941836190757135 -0.0068492478645249075 -0.10748032082761351 82.12325613134416
-0.10777287780568988 0.06056896057143019 0.9923287801050498 63.84786956032702 -0.006280499852357529 0.9980810232794459 -0.0616021614154744 -4.569561838694544 -0.9941557031627815 -0.012871362971736213 -0.10718566081414752 81.9935424112061
-0.10777398020317072 0.05216546527202146 0.9928058890962119 64.95123709537634 -0.006371614011321782 0.9985656917850502 -0.053159775439092886 -4.656966802214728 -0.9941550038731672 -0.01205501649926602 -0.10728702088857306 81.86709008735473
-0.10649770685890766 0.04661752169492686 0.993219535200963 66.05579229467473 -0.0015418435549544695 0.9988913899063471 -0.04704905832658383 -4.715721992239037 -0.9943117524962913 -0.0065420059606566515 -0.10630776550075978 81.71804226754728
-0.10633045038072425 0.04354089447228913 0.9933770813897334 67.16908573175284 0.0032167155086514276 0.9990506305123457 -0.04344525767239665 -4.776644490646216 -0.9943256448785623 -0.0014241423515673076 -0.10636956216603391 81.60556326905628
-0.10671475588819584 0.042578381075478004 0.993377593033341 68.28993364419246 0.008316717242210949 0.9990859518087357 -0.04192962094684286 -4.812025072984309 -0.9942548934202116 0.003787131292179489 -0.10697132581463088 81.5144167675953
-0.10645353731559924 0.04610027622498673 0.9932484124955735 69.41924922715451 0.006225208433164398 0.998935946854331 -0.045697055290303254 -4.863201855696338 -0.994298190269378 0.0013185652131353011 -0.10662724892267793 81.40341867433266
-0.10713861796647378 0.04737957147490273 0.9931145416048889 70.55875129661872 0.002008394782283851 0.9988721847676507 -0.04743758897644804 -4.915548250048077 -0.9942420645349064 -0.003087831659028824 -0.10711294228529548 81.32096975956894
-0.10565002508511784 0.049309615394221636 0.9931800612321959 71.69404441685333 0.0011101585619189118 0.9987750275847456 -0.049469301804836725 -4.958905840779076 -0.994402755299623 -0.004123845628120189 -0.10557534821043232 81.16258111651484
-0.12149013209048658 0.0625810392948811 0.9906178684666491 72.83449057356144 0.025950911448112634 0.9978696043715206 -0.05985651899699941 -5.20280817963262 -0.9922533436575803 0.018435460184073955 -0.12285534505324978 81.03404811139966
-0.11988493223264018 0.06105060593433121 0.9909088891208037 73.96915580799046 0.03158509098487489 0.9978367371255157 -0.057656119104407454 -5.2654197256101085 -0.9922852337161185 0.02438584748897299 -0.12155387855264878 80.8748068332816
-0.11884892602242113 0.06108548581635695 0.9910315313883293 75.10733096224693 0.03426304807099563 0.9977636310710606 -0.057391463204704826 -5.337157028315188 -0.9923210046755041 0.027134847235096266 -0.12067611091399265 80.72474284932144
-0.1186334712716381 0.0606284066752535 0.9910854129680553 76.25926228549669 0.03291930194786559 0.9978255753567422 -0.05710026902959498 -5.423934805389528 -0.9923922707545167 0.025851836840095215 -0.12037135655415056 80.59802012260343
-0.1186310223086571 0.05959427410747394 0.9911484263416885 77.42344044029295 0.025776494265075438 0.9980457180108933 -0.05692378328539314 -5.498942636968743 -0.992603774367902 0.018795405122612466 -0.11993531530317282 80.46884263846862
-0.11733233346686163 0.060219715198660595 0.991265206402713 78.57853588744835 0.02474282395009723 0.9980272018587539 -0.057701793845257456 -5.573659922572908 -0.992784425837853 0.017756414372791237 -0.11859086626897562 80.30584789118673
-0.11744564404994204 0.06446492452000833 0.9909847598224321 79.73651278255589 0.028745278516734772 0.9976934007083407 -0.061494610707131615 -5.642189351855786 -0.9926632005150031 0.021263858766835803 -0.11902780622045592 80.1707001066759
-0.11743910064491479 0.06533082818433453 0.9909288271760305 80.89794433266549 0.03150785017498935 0.9975765218947954 -0.06203497676015168 -5.730255258296996 -0.9925801292676902 0.023936705141499866 -0.11921292350204694 80.04262629872893
-0.11564738551797032 0.06700488546010765 0.9910277632575869 82.06695432386023 0.03103049436655783 0.9974788818696837 -0.06381997056856667 -5.803402358818883 -0.9928055150140058 0.023371468684778397 -0.11743501951841909 79.85726154774852
-0.11601140207838759 0.06802035663733018 0.9909160336127061 83.2293059019062 0.027322688794219396 0.9974933083661893 -0.06527304529228121 -5.886202900725422 -0.9928720085010261 0.019502072905318572 -0.11757909630344478 79.73248367862561
-0.13783988655666923 0.06312090371076254 0.9884411551472257 84.07132627604415 0.017991675450981515 0.997962133263197 -0.06121993292413297 -5.970627115657769 -0.9902911012871475 0.009345163856532761 -0.1386946380505874 80.10622821332835
-0.14039862448270232 0.07009029293574785 0.9876110454422558 85.2358412845168 0.022959453089683012 0.9974533839484427 -0.06752488699452472 -6.069622094990558 -0.9898288184111373 0.013194608216303083 -0.14165031788467855 79.94524612478433
-0.14043073276952606 0.0683496947419131 0.9877284690250155 86.40955022668692 0.023537643274304253 0.997562842468765 -0.06568374741691695 -6.138642482877019 -0.9898106832333674 0.014024783574979383 -0.1416972716842827 79.79848979725963
-0.14019431030646168 0.06868340334622569 0.9877389055122181 87.59698505341682 0.024146091080262475 0.9975315806548893 -0.06593718132966454 -6.199198239015285 -0.9898295417107125 0.014606015915952359 -0.1415066876717271 79.65187111719915
-0.13883362524670784 0.06628756444969186 0.9880947238499881 88.77956022876454 0.024437277970890573 0.9976827779363331 -0.06349719721858106 -6.275394245445998 -0.9900141635078913 0.015330799345431727 -0.14013180454557772 79.47871781378412
-0.1386020189080813 0.06733112912467568 0.9880566782353126 89.98811118917386 0.022904676425038305 0.9976372560933504 -0.06477098928065818 -6.347165428851915 -0.9900832571821767 0.013653728623605104 -0.13981673555838997 79.32915385291878
-0.14029214052476102 0.06835565389591573 0.9877477511426906 91.20363574757715 0.021702537881342795 0.9975866176587037 -0.06595407582382985 -6.44719224287824 -0.9898722721424665 0.012183794512727938 -0.14143705311827584 79.22537706717208
-0.1397010829166058 0.06623552179391684 0.987975942563692 92.41744029225518 0.020686818182637713 0.9977377194475104 -0.0639648242799096 -6.536825925578337 -0.9899776073151385 0.011502123472161462 -0.14075524207014453 79.09283284636616
-0.13809785706853592 0.06817147182274914 0.9880696495200114 93.63585752864522 0.02233684647247709 0.9975889647384705 -0.06570633699797827 -6.611214906976377 -0.9901666764554052 0.01299645573019888 -0.13928763396550956 78.93022969355341
-0.13710922043805215 0.06778030782439357 0.9882342290884788 94.85604942756446 0.025194179534549773 0.997572033081035 -0.0649252811480342 -6.699188453721177 -0.9902354846138622 0.015995895904914185 -0.1384839930307782 78.78410872083055
-0.14306593436819146 0.0634173576292059 0.9876792886229242 96.44374694669487 0.021104814217524567 0.9979135528493932 -0.06101743895268845 -6.842750273633653 -0.9894881127331446 0.0121152709763632 -0.14410584640801083 78.83127923141387
-0.1371334000752622 0.0749409092274098 0.9877136683816655 97.67286125546049 0.023541182050182928 0.997098936081034 -0.07238455922191063 -6.9559969122262 -0.9902728125781691 0.013325606561777 -0.13849976490334756 78.69382872229322
-0.13555865421013202 0.07667178548010042 0.9877982023571572 98.89638084471136 0.024777564220837676 0.9969517243325116 -0.07398196849039557 -7.057587940537185 -0.9904594507500142 0.01444633731175804 -0.13704517415164533 78.50888050521262
-0.13684939371874397 0.07660329562730007 0.9876255254588395 100.13755371933256 0.02429256253029326 0.9969651691400829 -0.07396163145305219 -7.150166205573641 -0.990293953755411 0.013870350410923219 -0.13829496930457816 78.3974063684228
-0.13766717292334654 0.07897238404601563 0.9873252311459393 101.37854179844419 0.022378200759537357 0.9968099173668273 -0.07661073534371485 -7.237610197497424 -0.9902257144863791 0.011547778887192552 -0.13899526313048674 78.2338692571971
-0.1392167618837099 0.0821477374300384 0.9868487434484271 102.62237794279284 0.021497763571761155 0.9965691025994509 -0.07992415095287414 -7.335341466857099 -0.9900285548265901 0.01008825947577991 -0.1405051160944762 78.07292028897747
-0.14031330854044732 0.0815748376169657 0.986740959580679 103.8654495223567 0.020712236140040235 0.9966239201244838 -0.07944661798834443 -7.4365967835416855 -0.9898904882463073 0.009290193941591295 -0.14152919690302487 77.91910658767247
-0.14094065958953284 0.08126940157726792 0.9866767529650937 105.10205259769452 0.020170761607396052 0.9966538664756038 -0.07920991614316261 -7.567891506958205 -0.9898125432881955 0.008738123740369589 -0.1421083190487206 77.72227043648735
-0.1417939131284543 0.08138625902056551 0.9865448611403117 106.34291567707707 0.019108658102053613 0.9966537915552817 -0.07947376273978887 -7.662508756851266 -0.9897117486345499 0.007582652643951153 -0.14287462333676348 77.52946101039718
-0.14321211060947409 0.08386033260323536 0.9861327172295087 107.58079238099334 0.015183154814927022 0.996472531201081 -0.08253463740500969 -7.762853372196059 -0.9895755469819603 0.003152646092601245 -0.14398019877041798 77.31640102123413
-0.14266309284199719 0.05416984204561445 0.988287847822439 108.76170955666073 -0.0058289901571554935 0.9984379110605123 -0.055567622145175154 -7.621705547372916 -0.9897541436207802 -0.013688168974499494 -0.14212448492649704 77.20306320072338
-0.14930690158887924 0.05913132935897003 0.9870212434523229 109.98104822946618 0.001409421630876781 0.9982219927043786 -0.05958915011951583 -7.717369395733991 -0.9887898981424695 -0.007505942282002884 -0.1491247738032285 77.01256929656648
-0.15550574824239102 0.057896671508907566 0.9861368757387403 111.21014718908114 0.004457931287250716 0.9983119416239458 -0.05790849730105143 -7.794976037165358 -0.9878249283715269 -0.0046089737705250705 -0.15550134484489317 76.80273243723127
-0.1642931238691101 0.05647647616753734 0.9847934692558774 112.42891644892514 -9.918498021043739e-06 0.99835952248069 -0.057256124334013676 -7.879535304323894 -0.9864115618497955 -0.009416555199549221 -0.16402304453100877 76.60116441768113
-0.17321429695656154 0.0566545471036582 0.9832533089811207 113.63732815075926 -0.0035884478487379426 0.9983011889211686 -0.05815375517211171 -8.005946058663566 -0.9848776220281793 -0.013601415038899141 -0.17271673670220455 76.3271751029755
-0.18691873986391674 0.05685560395354822 0.9807287214040195 114.85913744687781 -0.002134478955414992 0.9982979386435649 -0.05828095486175485 -8.085130186851854 -0.9823730598338264 -0.012987147457632957 -0.18647923560986462 76.13010341935971
-0.20222456077030393 0.053640046462092104 0.9778690978023609 116.07997905621431 -0.0023415152230487238 0.9984695690783795 -0.05525429332545258 -8.183295447744205 -0.9793363795589942 -0.013463470577066323 -0.20178947106403386 75.9245546905197
