0.9949419312463196 -0.00961502052163105 -0.09999052369206002 -0.0669812196743587 0.008984243479606732 0.9999368127552674 -0.006756764457698371 -0.02867036850374408 0.10004917199528914 0.005824249068016054 0.9949654472924427 0.8923195142564387
0.9985372787432238 -0.02066547474191971 0.04996239699783078 -0.8112114855997866 0.02352286600058511 0.9980800615203019 -0.05729629630917356 -0.03089862898384624 -0.04868241710511392 0.05838774656827559 0.9971062597915442 2.511400082002757
0.9990440841600974 -0.0027091174238988943 0.04363001933870409 -0.8265972241414212 0.00368367769062537 0.9997451609898542 -0.022272036189852556 -0.07449808497373468 -0.04355856314645553 0.022411464926551345 0.9987994682700138 3.3070833790212104
0.999998659703123 0.00033126291615114814 -0.0016033891723348003 -0.8121199826544735 -0.0003884126362772105 0.9993597936871843 -0.035775017779628306 -0.10330585844768886 0.0015905117357497348 0.03577559260709911 0.9993585829150763 4.101247614359926
0.9984287582610775 -0.0053137413213710585 0.055783320360234104 -0.8266335765497954 0.005892931170443777 0.9999303743128521 -0.01022349689586594 -0.14424144452910653 -0.055725111390318154 0.010536160578167085 0.9983905554845796 4.895251584250204
0.9997233598267907 -0.00598400823473092 -0.022746328540665526 -0.7886047745964355 0.004847232416450709 0.9987520861117392 -0.04970688911357898 -0.16333340998315884 0.023015389515151204 0.04958288145010734 0.99850479704034 5.738836543907626
0.9986555644883901 0.012028403339746412 -0.05042202920818283 -0.8247601548906182 -0.012382412686932341 0.9999007912044512 -0.006714432571923916 -0.2049548722019353 0.05033626299622334 0.007329751824502189 0.9987054297267869 6.367806748822644
0.9973368013758452 0.012153412190087453 -0.07191383172613983 -0.9021541370094823 -0.013477468579005648 0.9997479527487017 -0.017955189096238347 -0.21671125289021392 0.07167748922848538 0.01887658726882576 0.9972492226073594 7.096633341832257
0.9990878285132705 0.011901812813926521 -0.04101045925590442 -1.0062099024652233 -0.014164449182100317 0.998367599098585 -0.055330872480875176 -0.2465630259487113 0.04028497605814903 0.05586129180272712 0.9976254992641903 7.904353023433067
0.9967276972936735 0.017340222814692195 -0.078950706902397 -1.0588913794488866 -0.017991073860440434 0.9998097176806906 -0.0075398735139311085 -0.3171344396057278 0.07880494089205031 0.008935608764641119 0.996850006865128 8.83627939667999
0.9986387278173411 0.019288801845315607 -0.0484627013974133 -1.1465053493977786 -0.02014997305259306 0.9996465114569585 -0.01734447225811926 -0.32469937109713504 0.04811101629920604 0.018297383837725122 0.99867438930582 9.646063908749653
0.99757949452787 -0.004841720907190528 -0.06936648928824524 -1.2043092499055597 0.0009720952128175305 0.9984464787380887 -0.055710718236339545 -0.3444188885413525 0.06952846272151128 0.055508439305825136 0.9960344401863895 10.498733105507121
0.9995672056850857 -0.001281757695605798 0.029389767200829833 -1.2872251360222322 0.0030653586544821397 0.998149926721777 -0.060723367508978214 -0.3821388413388802 -0.02925756133427065 0.06078717695798015 0.997721862155105 11.349822532554947
0.9992166160692948 0.02425917111135956 0.031267343795367726 -1.287443461026651 -0.022651716642390726 0.9984530842332516 -0.050777340598538015 -0.42732237479769253 -0.032450792042426055 0.05002930343405628 0.998220424001494 12.183962259645039
0.9972402307199448 0.026515759971400137 -0.06934577641623338 -1.2260442040814363 -0.028886308277078936 0.9990242686304388 -0.033407961349626376 -0.4740735678766816 0.06839227608255699 0.035318906559457124 0.9970331345605778 12.991620329004899
0.9989543804209806 0.0073558962253793 0.04512246257083192 -1.2940438107440997 -0.00618534351517633 0.999642112828639 -0.026026674491644898 -0.5166762632977874 -0.04529776333698988 0.02572036255996839 0.9986423662084688 13.828513323411782
0.999950584157571 0.009430291716289394 0.0031462423743338058 -1.253164139061134 -0.009359815706145675 0.9997205100356392 -0.02170934508520853 -0.5533345778837586 -0.0033500884882878405 0.021678824050841938 0.9997593737969618 14.700252669611944
0.993765929866937 0.006415880254368807 0.11130190077561289 -1.2643905986754775 -0.0067417012590484035 0.9999740199453753 0.002551254283666478 -0.5810152910505774 -0.11128264060416844 -0.003285713750128251 0.9937833657217833 15.521286132476687
0.9970671446968532 0.014286297414336065 -0.07518650591863871 -1.1786151053428924 -0.015407208529327185 0.9997783299218084 -0.014349527661008804 -0.5838431002060317 0.07496483770007233 0.015465856747990524 0.9970662367083003 16.194522097128296
0.991807526299931 0.007246380118029106 -0.12753556660789778 -1.2807651361077228 -0.013059077661942805 0.9989106126037374 -0.0448000950696083 -0.6043119774281831 0.12707199245086168 0.046098568337982336 0.99082169472199 17.194432012208946
0.9958015629566448 0.028945978297937817 -0.08684110520645373 -1.4696168006136916 -0.03034513570699035 0.9994293876217861 -0.014834820419066396 -0.6632412115363704 0.08636214420698103 0.01740774248192233 0.9961117158981997 18.247528047773127
0.9995726688482958 0.02418611728715107 0.016416803040401648 -1.5573144951655387 -0.02369583091428817 0.9992859443138111 -0.0294297314655816 -0.6943507968297191 -0.017116871465797545 0.029028145435541542 0.9994320284460554 19.168033034709136
0.9977871798272182 0.030295626019887875 -0.059185461191997975 -1.558934874241226 -0.03202982490809499 0.9990783453713198 -0.02857534123090489 -0.7090807575792909 0.058265204786417626 0.030407809098469567 0.997837928251391 20.031264617939485
0.9981458742364236 0.014687091205357343 0.059068630394914765 -1.581863117100294 -0.012402303411832906 0.9991675960714046 -0.03886255049493486 -0.7609074395631221 -0.05959023925850922 0.038057907362544774 0.9974971674507641 20.982842258705478
0.9982391008536913 0.03543104585023755 0.04757455745219293 -1.5344425448808643 -0.032384495930078555 0.9974658786818933 -0.06334875917264221 -0.8156295107917513 -0.04969851054275538 0.06169653033450958 0.9968568584277856 22.058574665227404
0.9992210555289497 0.022269089361792664 -0.032578671651992505 -1.5050145906640846 -0.022860679985562897 0.9995783930852241 -0.01790042982050355 -0.8569212499867925 0.03216630998746251 0.018631256966656372 0.9993088635480188 22.95513574086967
0.9998094803907848 0.019504941623874863 -0.0007484470309745495 -1.5359784202736437 -0.019517717086990925 0.9994811142937176 -0.025623444145952468 -0.8751963004878072 0.00024827489023884243 0.0256331703547922 0.9996713854748176 23.834256508213826
0.9954357555231821 0.019854904915222918 -0.09334580535192333 -1.5390717123639335 -0.02213367763435561 0.9994801871148492 -0.0234404752350419 -0.9129234568094847 0.0928318745925672 0.025399573139595146 0.9953577772559756 24.745692563203534
0.9995644697840115 0.012437849469896315 -0.026761364800252437 -1.6775553859901116 -0.012764593862903507 0.9998456352098198 -0.01207356183514766 -0.9507528347755122 0.02660706464311906 0.01240990138704607 0.9995689363213728 25.85269945475799
0.998562556857369 0.009782457962987457 -0.052698420836642446 -1.7001008081585731 -0.013063242962303176 0.9979734904415192 -0.06227571002629623 -0.9783576502793268 0.05198241746765269 0.06287460450908519 0.9966667509162954 26.73715582805399
0.9995695214591698 0.01046145332836174 -0.02741039518402992 -1.7663441475195478 -0.010545752633541471 0.9999400914075842 -0.0029326945262157307 -1.0535645077147595 0.027378072818924543 0.00322049531135378 0.9996199625551059 27.736604725082504
0.9985851703566186 0.018791842958912747 -0.049744589475141446 -1.7944268183123975 -0.018664178899224775 0.9998212186978724 0.0030296975952673407 -1.0860547443693838 0.04979262967408452 -0.002096969172066543 0.9987573763184086 28.669105160292514
0.9975889648937808 -0.004309421565969251 0.06926533049023692 -1.8398598986991694 0.0028061539729202726 0.9997587253237242 0.021785698037066027 -1.1038095831813337 -0.06934250227699638 -0.021538802771944348 0.9973603648396682 29.93902414616855
0.9986793314899688 0.006785783156458203 -0.05092686915276013 -1.83102535555907 -0.008211495477885173 0.9995787065323869 -0.027838476773290592 -1.1210707642469409 0.050716508128670436 0.028219897129399613 0.998314315839075 30.780149672744866
0.9973289471972198 0.008042847900155744 -0.07259671948607835 -1.8979333225617119 -0.008282309312730487 0.9999612066751834 -0.002998082247012046 -1.1576691651462756 0.07256979009845382 0.003591342696896428 0.9973568708454861 31.662214010077662
0.9957578871183734 0.006650676801319803 -0.09177144839021041 -1.9525634875404332 -0.009354660894347111 0.9995337289350303 -0.02906570213817837 -1.1759282648857725 0.09153535142831123 0.029800892928197983 0.9953558088540889 32.53581165170193
0.9999570939725102 0.004493621685416143 0.008100467776668398 -2.0696018107256604 -0.004346162775722112 0.9998261855025458 -0.018130351694203108 -1.219449236010361 -0.008180530739469937 0.018094367841318022 0.999802816944043 33.47060605501458
0.9999431647277665 0.003154261120848996 -0.010184201048705687 -2.0697861540198437 -0.0033589675960282186 0.9997914010538335 -0.020146258101738805 -1.2495610792435603 0.010118530076438474 0.02017932148498914 0.9997451726982721 34.51311365009514
0.9922346235658558 -0.004305763375712873 -0.12430572070052426 -2.0524478634977625 -0.0002238771410021667 0.9993371816104498 -0.03640257312207996 -1.2706561821969564 0.12438006944904843 0.036147722647976194 0.9915759882486138 35.810250246343415
0.998782901444348 0.0014447319601988645 -0.04930140496956385 -2.1796102571213227 -0.002301590865672391 0.9998472156298356 -0.017327667954801645 -1.3069246994837762 0.049268838649767346 0.0174200501385038 0.9986336282097028 36.76791170283224
0.9996407708535296 -0.009706200851934573 0.024982372032750756 -2.241546722075688 0.010588244245156626 0.9993164239855472 -0.035419963813406716 -1.3328746498357478 -0.024621501399503854 0.03567175938694416 0.9990602120248181 37.86527468133365
0.9996731748143667 0.007463333692676967 -0.02445081198562344 -2.227581510593006 -0.007512642302221414 0.9999699260564183 -0.0019254060246961838 -1.3966267566477952 0.024435706705627055 0.002108466957961599 0.9996991800561227 39.00882155873084
0.9988641767469916 0.0018368621389665816 -0.0476128380695521 -2.2486586949573137 -0.0032324352875139663 0.9995668872893606 -0.02925045635149139 -1.407395140986685 0.04753848728837501 0.029371138420920952 0.9984374935138364 40.00096551616166
0.9986601295681676 -0.004737713977487869 0.051531540605322966 -2.3181926832275495 0.00636469878421929 0.9994849208498027 -0.031454468732590064 -1.4201891675065348 -0.051355975507010786 0.031740306553825905 0.9981758946796864 40.928540839815376
0.9766266444148569 0.028341054486708827 -0.213066144775649 -2.279281663579237 -0.03063561454300376 0.9995026705936008 -0.007474663727048089 -1.4578852605800219 0.21274834086438588 0.013827368037387032 0.9770091848865137 41.86168266118938
0.9997134247355329 0.020869295363452896 -0.011727783873575448 -2.5117701144983586 -0.021168585178518 0.9994377083257912 -0.026003041707288534 -1.4780450475364415 0.011178524280608832 0.026243850470617346 0.9995930676567258 42.745266683135966
0.9939032263421815 0.027647029649237473 -0.10673339879426885 -2.5025608742026817 -0.02944569569699114 0.9994490847942863 -0.015312671510339264 -1.5212974938291455 0.1062512478586602 0.018362152799645846 0.994169755963759 43.82314664445059
0.9997724708172683 0.016678984564363078 -0.013297295583536607 -2.63823864327236 -0.017005352790153187 0.9995472693575411 -0.024820843989790183 -1.5524284159710637 0.012877289016583927 0.02504132172599546 0.9996034752009412 44.82856710405922
0.9925502806975741 0.02632708462965968 -0.11895723980519056 -2.679334525921936 -0.027006910590413234 0.9996268134980235 -0.004106155884663821 -1.5833045342374534 0.11880474345550478 0.0072882337154122 0.9928908875509843 45.74587366084092
0.993242157185021 0.020310895203820394 -0.11426935164979865 -2.822514049495338 -0.019655906108835684 0.9997832975181636 0.006855899557881134 -1.600236088708609 0.11438383865514634 -0.00456350081916772 0.9934261481936073 46.71405065505442
0.9995681231856292 0.015565282964001682 0.024925671052335355 -2.898287843926289 -0.014972805044191328 0.9996050243268472 -0.02378256608593771 -1.6139276697743419 -0.02528600838937036 0.0233990877337967 0.9994063740405899 47.623911342583476
0.9987723131833653 0.0018401162425433883 -0.0495023271227068 -2.838438118128239 -0.002801888615921565 0.9998085264819836 -0.019366460546730423 -1.6442035475957095 0.049457212199370035 0.01948138460525907 0.9985862305356151 48.69009999858706
0.9998998763310799 -0.0117136445517504 -0.007939007772157532 -2.873194141684582 0.011554319700298453 0.9997366826909543 -0.0198258159567165 -1.6773916742714388 0.008169149855059881 0.01973210108938092 0.9997719285803359 49.5678150650466
0.9991900301853796 0.0023585948105659467 -0.040171141490624424 -2.8720932783312794 -0.002844434906694764 0.9999234540241413 -0.012041398693364652 -1.7353821807451653 0.04013966577092753 0.012145909720994925 0.9991202550788608 50.71588482120482
0.9943553950409533 0.016122706963231995 -0.10486852088747917 -2.9217121101417844 -0.017567123007629314 0.9997629225793644 -0.012864479188948445 -1.7720070925100055 0.10463624870084325 0.014634102491981445 0.9944028854051407 51.8354887247079
0.9996073654568175 0.02201504046617794 0.01733357775397584 -3.014406101367733 -0.021251356708823412 0.9988458571863952 -0.04307358145789546 -1.7965373515779495 -0.018261838968595793 0.04268830723802665 0.9989215252774548 52.74268120659405
0.9980209484833501 0.013974831222709351 -0.0613097910670945 -2.9771332850563574 -0.014836071544731525 0.9997972453470892 -0.013614667733429805 -1.8419198060195967 0.0611070975379587 0.014497320051267233 0.9980259266881887 53.73674703250216
0.9997885680594255 0.0006300381895791863 -0.020552912921606832 -3.0299624398998293 -0.0008540515178217243 0.9999403114274755 -0.010892390845367608 -1.871696137199015 0.020544823525364932 0.010907641092510034 0.9997294301920437 54.761346393440036
0.9980812624475833 0.01535598210031661 -0.05998322569496251 -2.980062546419235 -0.017004740059781528 0.9994887904401442 -0.027073909950297476 -1.9138115765492736 0.059536815219973935 0.028041961383475134 0.9978321582486858 55.77004441182787
0.9982346281367166 0.010937353596579446 -0.058378090796585444 -3.0115256752665616 -0.01268743622043318 0.9994785581268721 -0.029692436861618453 -1.946997671866423 0.0580228933344712 0.030380686972682976 0.997852873778577 56.678425935934065
0.9951773335389118 0.01308831441489173 -0.09721507514865203 -3.069346424519317 -0.014696175671158825 0.9997665057703639 -0.015841602203034807 -1.9773014170398162 0.09698503611910224 0.01719389326166983 0.9951373135419466 57.51027118715678
0.9981380832924345 0.004737848610642089 -0.060810521062131695 -3.1532691580043126 -0.006736818975621664 0.9994422028316657 -0.032709302485333894 -2.0092059167669296 0.060621629402343113 0.03305806996075243 0.997613242724391 58.27627456493847
0.9944535746645425 0.017690436683975307 -0.10367804148827087 -3.2015596604329675 -0.01726728962803544 0.9998385193389429 0.0049775450788752396 -2.0553050480201533 0.10374935443565368 -0.003159698726295936 0.9945984555377835 59.018644772376994
0.9894947318818513 0.018018091098266596 -0.1434417093151004 -3.3265568300889705 -0.018561448049544575 0.9998247181735623 -0.002450627564684535 -2.074209301211425 0.1433724109595959 0.00508736890064991 0.989655733299869 59.93925323566068
0.9965512128418086 0.011072645329919825 -0.08223792743568924 -3.511081410722074 -0.012616387889648263 0.9997533809496402 -0.018275777312644775 -2.0906263688991777 0.08201528479580997 0.019250293638312363 0.9964451411165097 60.98585040379158
0.995126921574889 0.013914685831567103 -0.09761552886243806 -3.587360566812129 -0.0136948366787252 0.9999019522261048 0.0029218800056712347 -2.1410269628922944 0.09764661491945194 -0.001570812730176361 0.9952199109453843 61.97150795817229
0.9941733230350092 0.015570098032447858 -0.1066629073895297 -3.6906487000163906 -0.01746911925592767 0.9997046884329538 -0.016892773531677754 -2.1544401908839075 0.10636838645927467 0.01865765184663758 0.9941517280524237 62.927188825909006
0.9963290159050502 0.00458158712766665 -0.08548392319650591 -3.7703746845766024 -0.008504447227284974 0.9989243778676659 -0.04558247118196873 -2.1915561714083385 0.08518313473354247 0.04614213216885716 0.9952963062304003 63.80850565340928
0.9975135332920093 0.02587018618108771 -0.06555520090921271 -3.8618443331335808 -0.02431348935923192 0.9994057395852226 0.024434031990086747 -2.254909717427706 0.06614835700506776 -0.02277940190325296 0.9975497449824046 64.72543162971982
0.9961174893008644 0.01645395611198471 -0.08648245392683518 -3.932612365431654 -0.016997920229347693 0.9998400812980872 -0.005557205926636159 -2.2416162929692263 0.08637718574264286 0.007005651868255273 0.9962378745184716 65.5513404257131
0.9975293770611221 0.011901379849534491 -0.06923509989685003 -4.019185855582996 -0.013067536310981539 0.9997798700721413 -0.016414959436231207 -2.2535789920403198 0.06902449851183919 0.017279136442803825 0.9974653127046473 66.43319452364841
0.9872034136305424 0.036972818591726464 -0.1551206975280461 -4.063084011479035 -0.03904565634705345 0.9991839669480114 -0.010336194389764717 -2.30688902393626 0.1546119556717141 0.016260715833519897 0.9878414509848983 67.74293704458876
0.9947343020671359 -0.013444665616084681 -0.10160171877227249 -4.152945468191455 0.008684988617650154 0.998850327160575 -0.04714440479976077 -2.337374328627364 0.10211875079396322 0.046013746833789684 0.9937074498254483 68.26303114555877
0.996697898354864 0.017546306368570498 -0.07928068205948502 -4.283941391743389 -0.01843464647548732 0.9997750683885709 -0.01048696514498837 -2.382026515070887 0.07907884182460372 0.011913847466232736 0.9967971694453345 68.99191319611282
0.9993059493082327 0.015638890206454766 -0.0338089454180762 -4.366809432016308 -0.015427319426321131 0.999859801083945 0.006509684454122867 -2.4131656548415203 0.03390600968103231 -0.005983585002692578 0.9994071138520203 69.74525136705488
0.9966419494006011 0.010825303883645195 -0.08116426239913846 -4.395871633807859 -0.013361307622184859 0.9994372575088577 -0.030767576469364837 -2.417176043858945 0.08078551945488009 0.03174871806860246 0.9962257368425118 70.50015740614705
0.9993957996195559 0.005692291291665908 -0.034287512634185884 -4.459382837973542 -0.006386972966892412 0.9997758580520287 -0.020185148814163487 -2.469383104498109 0.03416492761749714 0.020391946355867177 0.9992081496088343 71.21896876523218
0.9982139253787807 -0.040396642077616715 -0.044012162963653435 -4.4763149230773225 0.0374537891764081 0.997132782148604 -0.06575278276174709 -2.503974300239618 0.04654216213515909 0.06398692111234337 0.9968648359082326 71.92593152973264
0.9992780956812184 0.006837550508437206 -0.037370247453850744 -4.579857235001579 -0.007949573707037097 0.9995275487368079 -0.029689789390699547 -2.5774111409262033 0.03714958639869161 0.02996543374009929 0.9988603410943762 72.68878147589548
0.9932882670649368 0.02773409546254456 -0.11229086543441048 -4.613993666797395 -0.027564209621447917 0.9996153347236117 0.003065441786504675 -2.612406973839276 0.1123326882927641 5.034159350221796e-05 0.993670651980144 73.41160332184185
0.9973768592068702 0.01461444962672592 -0.0708930079820789 -4.710446893099316 -0.016422851052223547 0.9995527093699287 -0.024993422225681787 -2.6297060339012828 0.07049603309375423 0.026092126271015464 0.9971707528125269 74.18936451806003
0.9923106066997561 0.023279864406560793 -0.12156359547320968 -4.751583216207802 -0.02541003457049548 0.9995490287084795 -0.016002167073907395 -2.6625020049521417 0.12113624550186555 0.018968055281107885 0.9924546452632305 74.84151816240521
0.9986706983817905 0.01772699622971223 -0.04840030783268713 -4.868597373790094 -0.017914815218742903 0.999833566443714 -0.00344946490366096 -2.6961098765504783 0.048331103745987467 0.00431196209573543 0.9988220619277388 75.49143237165988
0.9925800955388285 0.08151526918793298 0.09022203073168511 -4.943516496422254 -0.07833599973084723 0.996193290524662 -0.038241326595909696 -2.7046535285689766 -0.0929958337039838 0.03088994663098581 0.9951872115892746 76.2324485128282
0.9996828104967767 0.024379557995513734 -0.006317875371467449 -4.8940493815910715 -0.024571335170585462 0.9991761323944233 -0.03230024676773912 -2.7020761503054147 0.00552520453926931 0.03244524010183119 0.9994582425041748 76.69533611759577
0.9952764184425085 0.009518737457363676 -0.0966138940808745 -4.927169651406848 -0.012393451203575065 0.9994968040391687 -0.02919830616238149 -2.706205882932595 0.09628734734905339 0.030257765163761566 0.994893569377035 77.27648364771811
0.9850268258455476 0.00952006516455311 -0.1721380862096118 -4.994373446318261 -0.011565815642141987 0.9998738631445543 -0.010885297833174467 -2.7312959817322495 0.1720127445080075 0.012713227743086778 0.9850126849778004 78.00298056866326
0.9936635883159098 0.024082896216710444 -0.10978473193010571 -5.123360325579141 -0.022036789649839024 0.9995608162009116 0.019812991134503265 -2.7313498447385856 0.11021367046368963 -0.01726814482167411 0.9937578970842642 78.44416828734339
0.9862439603579216 0.04144998980069743 -0.16001483994631496 -5.161655162348234 -0.04585013996509143 0.9986623039531266 -0.023903291158632104 -2.7684473100801457 0.15880999755274927 0.03091117934590806 0.9868251535448114 79.12090583498386
0.9931322570338242 0.025407067441344133 -0.11420508291198288 -5.221183680083178 -0.025977904532100353 0.9996563459485109 -0.0035126173990149335 -2.789565657683754 0.11407659056538712 0.00645530238654808 0.9934509854824624 79.50859638904416
0.9995707033035965 0.0031363014357485676 -0.029130271376308053 -5.27260947497393 -0.003742176021203222 0.9997773262135325 -0.020767621624686185 -2.800404046619188 0.029058651306961274 0.02086771675636611 0.9993598617022781 79.99327984379086
0.9983795277442327 0.021652570383793885 -0.05262589454800487 -5.299718533922815 -0.022840498691173786 0.999495322431743 -0.022077410550255718 -2.8256561721080513 0.05212130275368571 0.0232436363945254 0.9983702234974846 80.56654355207189
0.9961593582444408 0.028529837204338316 -0.08278031995056481 -5.302302030088325 -0.030974301578746446 0.9991167147067695 -0.028396884252684267 -2.8466347950634514 0.08189704282654409 0.030851884588229544 0.9961631571151491 81.03171001329343
0.9981119250607469 0.02646766507865367 -0.055426056659429 -5.372842864453057 -0.028311366916419296 0.9990625981140361 -0.032747390017466634 -2.8805023529488976 0.05450735321820255 0.03425474791786404 0.9979256288372543 81.5042994786585
0.9951597037194178 0.0021832128259841334 -0.09824661660758012 -5.420545321053409 0.0007224580562697284 0.9995636337594456 0.029529986792584954 -2.9141612953338423 0.09826821534676057 -0.02945803196701654 0.99472387234106 81.93029600357953
0.9991868507279609 0.003956182723269922 0.04012463022384144 -5.4148495181816765 -0.004642566993354663 0.999844241903992 0.017027580660323564 -2.9036337976535886 -0.04005101626740729 -0.0172000159794028 0.9990495861298656 82.44740520638454
0.995097454790353 0.049381480720146954 0.08568853383999007 -5.366465826081136 -0.045162301403267435 0.9977024988223929 -0.050498419534806036 -2.90907828522498 -0.08798535106324122 0.04638095735793524 0.9950413985321613 82.84037200966524
0.9973963113545343 0.024108223131929958 0.06796610680177187 -5.301665109067936 -0.024044665570895626 0.9997093480091287 -0.001753157365083855 -2.959130819753173 -0.06798861782646098 0.00011437038095429074 0.9976860902936671 83.18304327989485
0.990321902245812 0.04381723747996581 0.1316912283785861 -5.247194492353451 -0.042065537527443776 0.9989858404826039 -0.01605556189589476 -2.9464713293390283 -0.13226118283443503 0.010360512288973295 0.9911607535109258 83.66213541997668
0.9995676623329464 -0.01860339555994218 -0.02276844509159492 -5.086801977846601 0.0192133789015607 0.9994542263216133 0.026871835796072947 -2.9906601481762927 0.022256111282829946 -0.027297676851819618 0.9993795587008271 84.17548131893822
0.9635474307242735 -0.03128101265533019 0.26570255360441875 -5.03618076312715 0.02565539238648615 0.9993676793838383 0.02461792526710286 -2.9813812466960967 -0.2663046180338362 -0.016903835370066393 0.9637406864730959 84.63705503375763
0.972896846040304 0.08908338024653191 0.21339137360418445 -4.915639681500879 -0.0854426210299283 0.9959974298795232 -0.026242678691778803 -2.961067552901109 -0.21487504619281617 0.007298701064962515 0.9766142756925065 84.81075427044807
0.9656581018445349 0.03347564366479823 0.2576505610768918 -4.54792276440768 -0.033473320520363434 0.9994299410315204 -0.004396564917378761 -2.9780034116071783 -0.2576508629043394 -0.004378841280426026 0.9662281607331108 85.35078504514183
0.985705297035591 0.15568044973536518 0.06441013092807438 -4.446004119061281 -0.15824099522460947 0.9867167256353108 0.036740859841003976 -2.9864136785831814 -0.057834719903379635 -0.046407983383525746 0.9972469324354787 85.67370700811445
0.8923754191098283 0.03822418034813042 0.44967212878415314 -4.334926785272168 -0.029899300885095344 0.9992249474759963 -0.025603440162893093 -3.012599865985972 -0.45030227978008375 0.009402998367856397 0.8928266575582035 86.13293081250337
0.8695050332584058 0.12010413033815553 0.47909914946074983 -4.061868023404185 -0.08947409651362193 0.992238274018577 -0.08635735999731835 -3.042509896353912 -0.4857523887654796 0.03222119563813112 0.8735023820003466 86.52334427980941
0.81639964257402 0.034990218632120824 0.5764263250451778 -3.878458583962856 -0.031115265262137388 0.999378024821195 -0.016595293674826823 -3.127915047310273 -0.5766484751325364 -0.004387266183320222 0.8169805921946725 86.80813403613274
0.7458230872379982 -0.019460114340844114 0.6658597648849364 -3.614043142939137 0.03157186300813831 0.9994825456611702 -0.006152916776775824 -3.125678688492398 -0.6653954763965387 0.025611420665551804 0.7460515499095991 87.04818571370402
0.7290090106379036 -0.02104199646163062 0.6841806024681303 -3.3104432924450973 0.021926644866764742 0.9997323173162429 0.00738349228901536 -3.1433608546056533 -0.6841528225869069 0.009619152686380163 0.7292752479331546 87.23209203725948
0.764749122847874 0.06820282655608281 0.6407083217449017 -2.9548129327232995 -0.06037412107797244 0.9975921462084416 -0.03413026995641329 -3.1333352613759065 -0.6414933706652545 -0.012581107780962998 0.7670254044811904 87.4714084957951
0.6838002232377131 0.06009176872876436 0.7271906449007044 -2.7029388353330015 -0.04358613934478897 0.9981873438442648 -0.041500301759730664 -3.176047113725139 -0.7283663248373516 -0.003317517171132766 0.6851798967590547 87.77993802658257
0.6318589406558582 0.020301303162424757 0.7748174857365855 -2.2754388302197515 -0.0030391245160024225 0.9997141279936796 -0.023715522596250836 -3.2240507431704652 -0.7750774431212876 0.012630098168437706 0.6317400080609291 88.1050310995949
0.5319894432124341 -0.0887910066649184 0.8420827687620467 -1.8999843174953297 0.12460575132782793 0.9918691598448749 0.025864579730771862 -3.238022588636003 -0.8375324704431175 0.09116867271191546 0.5387277921820964 88.3563629088573
0.5167758955693086 -0.14262519299653448 0.844156814863945 -1.3574651181781825 0.1702669339303105 0.98345024724725 0.06192561989430528 -3.2208160515610156 -0.839018381782253 0.11173032494369646 0.5325077365817945 88.45068791651818
0.4924135674641186 -0.03951620853646552 0.8694638277928314 -1.0147377874763077 0.04811464310580418 0.9986770949952565 0.018139488709345345 -3.1745538467206162 -0.8690304135621841 0.03290181142031463 0.49366345936194334 88.55924891643318
0.4380903229844248 -0.0176660084795603 0.8987573538234903 -0.6941509536190282 0.03858883481073225 0.999254827454277 0.0008316473251014058 -3.1506381228308626 -0.8981023164068515 0.034317662416362686 0.43844558078617246 88.70689594035402
0.4413758774303936 0.08479022240122625 0.8933073116278075 -0.40449862371586054 -0.08314369365589126 0.9951072996500072 -0.05337216866987837 -3.1451906637986626 -0.8934620646831098 -0.05071568168151969 0.4462661297967538 88.79394496064012
0.3761106509123183 -0.006478430007915296 0.9265521076631061 -0.003957848198872682 0.030646509498013928 0.9995154183675127 -0.005451596207041457 -3.2171612319090492 -0.9260677997457314 0.0304459913658437 0.3761269358658732 88.92107145214953
0.28806216549430785 -0.030580082012815975 0.9571233188021382 0.36779322798538866 0.05636994633281956 0.9982983120033521 0.014930150759227757 -3.204029157992088 -0.9559511587739015 0.04965217855590705 0.2892957711469134 89.01465005176343
0.25629352548235285 -0.006297518736043611 0.9665784862356473 0.8037965974999014 0.03431173032326506 0.9994078321796096 -0.0025865305481670153 -3.1952989191146135 -0.9659898208356288 0.03382789138894484 0.25635783546856467 89.07052668548664
0.22869966167439446 -0.03972649472403387 0.9726861109150057 1.1983248495916698 0.06021751612693612 0.9978309255846045 0.026595012661666702 -3.204698064447165 -0.9716328089877984 0.05249047117252172 0.23059582592615807 89.13182214338588
0.13231005561689557 0.022207778436325775 0.9909595671668834 1.5017797582863097 0.021610768471172073 0.999446709478768 -0.02528338581259651 -3.1786676158669787 -0.9909727664616921 0.024760643953384447 0.1317569225592126 89.15301853128554
0.12653343167253456 0.04837789642056477 0.9907819486683703 2.0629694934162184 -0.006451318721466635 0.9988290512082548 -0.04794691803621477 -3.2046725797641176 -0.9919413647771352 -0.0003249620570914564 0.1266973687324854 89.1376968463898
0.17402783183653153 -0.0013011728559216289 0.9847398746346543 2.464779559979256 0.025570677882576824 0.9996679012396762 -0.00319807187013158 -3.245083579814292 -0.9844086824987379 0.025737019646028224 0.17400330928128516 89.08914693441766
0.17075992945378904 0.0023587794304245828 0.9853098409396586 3.2007558426518736 0.026833485960215165 0.9996151030267181 -0.007043424742726955 -3.2307418081065 -0.9849472120495388 0.0276420324954973 0.1706309101990549 89.14529268732964
0.14804870040157017 0.027962400731781037 0.9885846885597215 3.717044289632638 0.022823666873688066 0.9992373827649587 -0.031681747355128756 -3.2222442677285152 -0.9887166745533551 0.027253569130493444 0.1472975913917277 89.21422527851406
0.12486993427364142 0.04574997354951389 0.9911177727367799 4.042366271505908 0.019492264948046303 0.9986304120019291 -0.048552567718423305 -3.2351584966558606 -0.9919816284194438 0.0253818861607189 0.1238071433045472 89.24202157854178
0.19191396460288104 0.004453753311433592 0.9814016477833348 4.239487036996893 0.020330431957403458 0.9997570743406616 -0.008512687133120334 -3.253367221272843 -0.9812011535494795 0.021586022960283772 0.19177679704784045 89.25317731611335
0.07325900562648922 0.03229872234766856 0.9967898026310893 4.758813108689504 0.03087963260114318 0.9989227715125347 -0.03463733309789494 -3.259026228907152 -0.996834773864273 0.033317999466119325 0.07218271625908262 89.36728494361361
0.17846924780826443 -0.005561585422626761 0.9839297720642157 5.334515146722553 0.03488970185373273 0.999390938041201 -0.000679459848208996 -3.2868481841234267 -0.9833267189959347 0.034450279080357464 0.17855459103583848 89.37025077817977
0.19284399504865943 0.022654392413795556 0.9809678751508808 5.635232251504397 0.04141849988256346 0.9986544689831046 -0.031205118931852474 -3.2794554703911056 -0.9803548854578892 0.046647937622522284 0.19164620652236905 89.45631024326075
0.006298222871962146 0.005139692730682945 0.9999669574277392 6.003258804028258 0.06413411243339545 0.9979259491125 -0.005533146509607788 -3.296584598693881 -0.9979214137451087 0.06416684226725168 0.005955530405762167 89.5867113724247
-0.031872458232684704 0.001248124926153156 0.9994911648385765 6.625323397860832 0.040337467838692694 0.9991861123940421 3.8564789276702635e-05 -3.3075678879722408 -0.9986776432335751 0.04031817187136905 -0.03189686383302509 89.56082073268114
0.04499668744023749 0.024679059704092902 0.9986822528369707 6.98563247596118 0.04259429610394332 0.9987382983067745 -0.02659957583679981 -3.295401144954078 -0.9980786662677522 0.04373506039106251 0.04388872786690156 89.51003966221316
0.026059442610920275 0.015604006018243022 0.9995386037802597 7.684271260557304 0.047688283461445984 0.9987203943049467 -0.01683453652086511 -3.322382159067369 -0.9985222746996228 0.048104978906077886 0.02528196853761339 89.53207971043756
0.06122401068782187 0.024844236481746235 0.9978148046751645 8.166945915090169 0.04322621826092224 0.9986862580537996 -0.027518212684666036 -3.326451499509171 -0.997187602495216 0.0448165358783839 0.06006965574818067 89.52832963535879
0.03852177242655456 0.014357813300786238 0.9991546057774724 8.699962290021258 0.037891647210022174 0.9991566397829295 -0.015818730966702946 -3.3421488311896 -0.998539080918132 0.03846897938476499 0.037945243499898126 89.56163606316555
-0.06474538345624785 0.011585696674545915 0.9978345589092759 9.510967584118168 0.04348691740232392 0.9990154351366186 -0.008777720298355655 -3.349512302156533 -0.9969538220679766 0.04282443217788325 -0.065185463660965 89.60230067454106
-0.04993707609387626 0.023694277452081327 0.9984712663102623 10.571274769782798 0.05130183958438682 0.998459673567532 -0.021128216078866127 -3.3528893968313915 -0.9974339124405448 0.05016833139981045 -0.05107571671652336 89.4725840805616
0.08932136173275357 0.010693615751576489 0.995945450775475 11.266706171491327 0.04201062860388887 0.9990120236348936 -0.01449426497692696 -3.372714146214919 -0.9951164763094382 0.04313494192731562 0.08878386881869021 89.42256495065693
0.13023952460237423 0.05702017767199594 0.9898415860983014 11.990098742140304 0.052325185065441926 0.9965583943756602 -0.06429184712911581 -3.377034635036275 -0.9901008742745429 0.060166983783968786 0.12680770017283965 89.51679800211541
0.08174259060877215 0.031102513894215044 0.9961680493320525 12.68762261162015 0.03635492135126246 0.9987547112572132 -0.03416645189457938 -3.4259041522967735 -0.9959901950190625 0.03900846537588022 0.08051006803443012 89.64855173265424
-0.012907684534790607 0.054764846253052425 0.9984158468768561 13.66864931919425 0.061521948648279534 0.9966507843519774 -0.053872663616222276 -3.4741415786210146 -0.9980222650394471 0.06072911711417938 -0.016233693974678165 89.76974130769594
0.12222200165400916 0.05733219271223753 0.9908454985468191 14.226223906404176 0.05353163870632405 0.9964962189639657 -0.06426234704658708 -3.506630603357802 -0.9910580941443862 0.060895855929014316 0.11872467629591489 89.78418691356899
0.14657697956442403 0.036232162946590395 0.9885354922459701 14.955453405339172 0.05030849514153303 0.9977627066718562 -0.04402994993690436 -3.566184595565746 -0.9879191487051785 0.05618551008101359 0.14442625827241923 89.91077326912803
0.14729367187368547 0.06592791697764326 0.9868931471993087 15.540763326774352 0.07371201642896466 0.9942697522447107 -0.07742220873378497 -3.604256905768195 -0.9863422899074862 0.08414968528895815 0.14158996294167953 90.06234096604717
0.1909472593389354 0.02856128741335756 0.9811846905716786 16.18438188832894 0.03932674606565978 0.9985514696606846 -0.036720150903468814 -3.6736731648454923 -0.9808121895627298 0.045598413347154886 0.18954744394316045 90.22360314530451
0.07035944989653241 0.014880583094611335 0.9974107058063004 16.937122711118008 0.051987075452753835 0.9984752032271709 -0.018563742250137773 -3.7174038520483257 -0.9961660964900014 0.05315860031287727 0.06947856803827158 90.43158330644776
0.1343061550889713 0.033774768852252696 0.9903641359087038 17.67535339321988 0.06058820925029098 0.9972692546588107 -0.04222679969052052 -3.7408040514761156 -0.9890859040574079 0.06567570860856614 0.1318930464190686 90.5177697923708
-0.043384995928849035 0.0652190157170543 0.9969273905942961 18.28937139640575 0.08291687991528243 0.9946593329197366 -0.06146220351386162 -3.7652384620197292 -0.9956116377149116 0.07999557128093614 -0.04856104840371847 90.61507151659264
-0.0037702867573049565 0.026417800761025175 0.9996438789592614 19.036774322603442 0.054768020633185144 0.9981560472622965 -0.026171916812324 -3.818439108227803 -0.9984919873758081 0.054649840957307266 -0.005210185183880178 90.62611385241581
0.018382835336868783 0.04060649259094961 0.9990060981417676 19.843070148823838 0.040612819853522476 0.9983199721362515 -0.04132592524577589 -3.851491551306187 -0.9990058409381414 0.041332142375338866 0.016702807492808606 90.63366227594034
-0.0038715071936192293 0.027077411996648877 0.9996258425989264 20.730945297988956 0.03692179714569547 0.9989556025296297 -0.02691626033081649 -3.885885332512362 -0.9993106585679858 0.036803776086536365 -0.004867210514270396 90.63405981739766
0.19000558390047254 0.04282047197652518 0.9808487575902556 21.495000551712483 0.0038040845974088395 0.9990088036925597 -0.0443501869797228 -3.9018619943391872 -0.9817756398622935 0.012158014824314056 0.18965435836941777 90.65534767516915
-0.07937871371255892 0.026175841920748254 0.9965008003554638 22.224827369828862 0.042137460331022954 0.9988497860577152 -0.022880981825700534 -3.956421004818514 -0.995953540204658 0.04017375003900643 -0.0803903947098928 90.82144907759513
0.10316679158240502 0.04169721315731765 0.9937896938132866 22.87407148661682 0.04733089380127522 0.9977833332544246 -0.04677826815586589 -3.969566139798578 -0.9935373166653405 0.05186291830010055 0.1009645388184984 90.7626877191153
-0.029495358242241993 0.017885012656857352 0.9994048980090227 23.604388078674024 0.046694281974042386 0.9987730165309359 -0.016495620043625082 -3.994956696979944 -0.9984736690935271 0.04617994989125773 -0.030294295749373163 90.85551077461707
0.1747562633994756 0.03506541313195632 0.983987126544112 24.795915721236234 0.023067881464057666 0.9989455208291825 -0.0396953304567875 -4.01872725051061 -0.9843414657766956 0.029635506022313855 0.17376310176613471 90.74880491656083
-0.010394722824298923 0.0242373463618996 0.9996521899034381 25.394046911094538 0.03890246625071877 0.9989591559257859 -0.023816022162674422 -4.0511840073691285 -0.9991889450234214 0.038641374631017245 -0.011326796087494937 90.90525358768815
-0.004875330590094944 -0.012183169392745321 0.9999138970607344 26.226975587015524 0.026117269071942093 0.999583132506843 0.012306480570447174 -4.081782371422878 -0.9996469973985121 0.026175018459490922 -0.004555107110074103 90.88796784286725
-0.06544508879514546 0.015437218122180157 0.9977367551860779 27.074912720866177 0.03621508518290304 0.9992583464385538 -0.01308528479180591 -4.088053138567376 -0.9971987805637303 0.035276753954067576 -0.06595561138124328 90.90581962110933
-0.044714694062776256 0.04593229863970093 0.9979432950205867 27.98889834617068 0.027368251510911754 0.9986238278457014 -0.04473733639852302 -4.108675420332127 -0.998624841942212 0.02531154678150796 -0.04591024564756468 90.84366063947573
-0.010454158990054151 0.0681653068962955 0.9976192668024931 28.934294771652144 0.028037314075612184 0.9973015166252297 -0.06784978965657845 -4.150479853453834 -0.9995522095314663 0.027261252222711852 -0.01233712073433424 90.75719344940106
0.02312022732108001 0.02534380728694783 0.9994114000354523 29.76629597573664 0.017283935705715917 0.9995190790538884 -0.02574638176108019 -4.232092619147998 -0.999583273497082 0.017869024580783766 0.022671067583796754 90.73028506020776
-0.05053525100955693 0.04070106829046536 0.997892585123978 30.588881069388403 0.0394904109290598 0.9984692802950806 -0.03872471758034986 -4.26774563601493 -0.9979412286553024 0.03745022492641048 -0.052065197617085675 90.71029450794401
-0.056734428762758554 0.020544467115036113 0.9981779047163502 31.42989749597049 0.03454670472595496 0.9992299385786371 -0.01860255468237622 -4.336660076708613 -0.9977914259931993 0.033428352024775565 -0.057400483407080566 90.62319305502412
-0.006708011456124152 -0.0413371766360702 0.9991227354084498 32.286700950766 0.03181856321281354 0.9986304631316029 0.04153043631643264 -4.369832949911643 -0.9994711509680391 0.03206923655654141 -0.0053835350192873626 90.54612157227646
