0.9999899678422716 -0.002507928216098922 -0.003711402389042054 -0.000774485315954576 0.0025041551974680667 0.9999963434735513 -0.0010209040988808835 -0.033123653813395486 0.0037139495903456697 0.0010116005091251718 0.9999924915953807 0.9994509611434395
0.9999891655136972 0.00014791259096148243 -0.004652630688924551 -0.06042211261055121 -0.0001586978963780823 0.9999973012383319 -0.0023178282361929845 -0.04096124387435367 0.004652275808408464 0.0023185421968235365 0.9999863902573624 1.8566697114351536
0.9999170009498185 0.001452912153895358 0.012801572473472222 -0.8736540590235222 -0.0011894405377723281 0.9997878141651866 -0.02056482137063473 -0.030257692217857922 -0.012828735040042075 0.020547887800746567 0.9997065608788414 3.37101052144127
0.9998817611286259 8.458358520332602e-05 0.01537714563679267 -0.8399209588656388 0.00021055821177787745 0.9998158154773257 -0.01919090374760925 -0.10258315273114925 -0.015375936640005729 0.019191872421097014 0.9996975805739529 4.16859084385694
0.9999464792994831 -0.0010089640562527843 0.010296627025435344 -0.8098605490843466 0.0012015390622854172 0.9998241611818105 -0.01871371211092679 -0.127724297518058 -0.010275935015828878 0.018725082339526192 0.9997718622020371 4.963821931614746
0.9999835802883683 -3.200788213333828e-05 0.005730456277815151 -0.8422338998098284 0.0001374844134470229 0.9998305699786932 -0.018406858344578603 -0.17198721010221985 -0.005728896201933573 0.01840734395769266 0.9998141574496388 5.754699400935705
0.999993596280529 0.0019014605239237872 0.003031805701294368 -0.7970034971311852 -0.00184794670841703 0.9998441568176701 -0.0175569692864368 -0.18216234989914137 -0.0030647170990635523 0.017551254241164483 0.9998412678938916 6.607923205129469
0.999999493199693 0.001005426061225877 -5.214204229670882e-05 -0.8484383006910688 -0.0010061138071198775 0.9998792227223997 -0.015508955575965495 -0.23119253309260404 3.6542636604317706e-05 0.015509000176850736 0.9998797275563447 7.231570681945582
0.9999733543962549 -0.00014661609875654235 -0.007298561585878802 -0.9304361412457787 4.21186290973225e-05 0.9998975251130924 -0.014315638257971813 -0.247856911088667 0.00729991256963844 0.014314949403739119 0.9998708884151212 7.957871610584287
0.9998818036548716 0.01250153990718007 -0.008949313930706124 -1.0144077047848319 -0.012626061134978354 0.9998223388288012 -0.013995476380668151 -0.26421860576300427 0.008772758978618846 0.014106816751316828 0.9998620086897231 8.761841964612001
0.9998425659537613 0.01400429284686206 -0.010896012520993488 -1.0671366207879671 -0.014170855516744187 0.9997815653443838 -0.015362566564788967 -0.33364331311136186 0.010678490573198156 0.01551455379291769 0.9998226184977436 9.696831646026169
0.9997192653353468 0.01950150645609539 -0.01345666241300769 -1.160738014587461 -0.01969424243828001 0.9997031777082981 -0.014342011529528539 -0.341407924682321 0.013172977345195106 0.01460300400170321 0.9998065937680094 10.506520075390034
0.9998630143903752 0.007165040224757007 -0.014920276564787067 -1.2186048648514902 -0.0073817604583441155 0.9998673139437169 -0.014521161093795018 -0.3320708209889861 0.014814252148783812 0.014629309811263652 0.9997832371207861 11.35898237943665
0.9998829728097586 0.003820336158191693 -0.014813700306069502 -1.3372274868422998 -0.004026899381122805 0.9998947330382095 -0.013939401845927478 -0.37343897916340935 0.014758887711949801 0.013997423837490423 0.9997931022763757 12.208791824231053
0.9998628421108264 0.005853721639792463 -0.015492930937163021 -1.2740304897904449 -0.00604918970387151 0.9999023195036905 -0.012599950597789617 -0.43011603348112704 0.015417660976505194 0.012691942093469811 0.9998005852848404 13.041461240023681
0.9994748219629628 0.023938741587277455 -0.021840716868291032 -1.2365199144793806 -0.024265733209162442 0.9995955186142423 -0.01483149885028197 -0.4932266199211577 0.021476835286537252 0.015353690681452337 0.9996514441186652 13.85579865572386
0.9995385213730056 0.018922549083564166 -0.023763026483295865 -1.3344331072435553 -0.019267123238760762 0.9997112976636281 -0.01435615846274909 -0.5362497621519802 0.023484510928868076 0.014807378562232389 0.9996145353517759 14.698054702068752
0.9995711031418543 0.015288170150553315 -0.02497762232930107 -1.2999693159229964 -0.015727371337277883 0.9997234591542555 -0.017482991948414288 -0.5758145762135258 0.02470343204084937 0.017868325889591807 0.9995351236326349 15.582781750796448
0.9994832533574451 0.01858267364470953 -0.026228047930233634 -1.3126673988661917 -0.018989503272683263 0.9997018692088537 -0.015348337557578137 -0.6078468702202365 0.025935015393732663 0.015838463957683756 0.9995381523663756 16.419618822038128
0.9995273949347174 0.008980500134195981 -0.029399615513772133 -1.2187514546447211 -0.009435460826043025 0.9998373070797927 -0.015373075503213091 -0.6067788551626325 0.029256774497851783 0.015643209030342338 0.999449514061223 17.091288132223433
0.9993186598418845 0.012450892131062388 -0.03474465968980495 -1.3270019378863567 -0.012980502742397811 0.9998023436881217 -0.015059219909867229 -0.6179783068151973 0.03455029146583749 0.015499962608979925 0.9992827570406415 18.09322443258971
0.9991760092157687 0.019247875125475968 -0.035732644889572465 -1.491104858170081 -0.0197802647604675 0.9996976575182067 -0.014605980919321557 -0.694307714981217 0.03544070729621533 0.015300746902156876 0.9992546439274528 19.159209842569204
0.9992026587066714 0.01843787163572277 -0.03541315748509649 -1.6197146298332217 -0.01899830118671506 0.9996985128509801 -0.015554676324424595 -0.6918062223736314 0.03511568574780354 0.016215063770561214 0.9992517001843821 20.082738911751036
0.9991641582626788 0.019820434309022653 -0.03575101714684531 -1.545891975407506 -0.020451692841615122 0.999639790885661 -0.017378628771677528 -0.7447340538497922 0.035393687334672214 0.018095271809875337 0.9992096116606275 20.94774772427572
0.9989798979813882 0.027235222699782045 -0.03601952350585922 -1.6571883506464966 -0.0277591719331447 0.9995148110192047 -0.014126957451260818 -0.7829124783975864 0.03561729639770523 0.015112418659397019 0.999251231172412 21.902628713001555
0.9989637424633342 0.0252468789089257 -0.037868672395621986 -1.6102586947103077 -0.02577197134514321 0.9995774615887483 -0.01344261048978545 -0.7994434661917664 0.037513287467696235 0.014404630823211544 0.9991923037504908 22.992993163051977
0.9989259182039631 0.022600372655015494 -0.04045037819632054 -1.549960648420068 -0.023002901028521046 0.9996901319603737 -0.009513495956853057 -0.8707455377723019 0.04022283536304986 0.010433753730245337 0.9991362571233483 23.893151787342415
0.9988028558056339 0.025308142988594087 -0.04186111719698067 -1.5921730372947902 -0.02559867657938209 0.9996516919291761 -0.006418923626274967 -0.8940181578455658 0.041684085595040624 0.007482828449498793 0.9991028196769843 24.77759365110596
0.9989515873182552 0.020040812695696315 -0.04115934913034921 -1.5904839760259408 -0.020266848901416435 0.9997816912813515 -0.005081792420737872 -0.9226134876844406 0.04104852043551776 0.00591063491482341 0.9991396716000014 25.684716210632576
0.999025839785545 0.01739581690937548 -0.04055560374155977 -1.7219056941035913 -0.017732766167667276 0.9998110485505919 -0.007963428922820375 -0.9708611426227719 0.04040941034993898 0.008674834305130788 0.9991455483586709 26.803280147650018
0.9991656349208837 0.016543719063376 -0.03734085366859976 -1.7440248461455599 -0.017036809027951412 0.9997713099508132 -0.012925747072435559 -0.9811002799122771 0.037118474258687174 0.013551131273349603 0.9992189878649823 27.68757841581015
0.9992629001519648 0.015929214727218626 -0.03492730304587763 -1.8071946449103988 -0.01650728706328164 0.9997304608583617 -0.016325290372228077 -1.0996611112984485 0.03465783971477153 0.01688981202090009 0.9992565078077821 28.695624680436413
0.9992526118427775 0.017873463508464287 -0.034274728702039334 -1.7929697659761954 -0.01840448335444169 0.999714458456377 -0.015240621566378863 -1.120060569344787 0.03399253914968556 0.015860039580186117 0.9992962355711501 29.62697849885656
0.9991953825479712 0.014292406193581709 -0.03747418604867035 -1.9662755555931863 -0.014706040839362987 0.9998336885397358 -0.010785528445954288 -1.1698659092745447 0.03731380250850449 0.011327947131991135 0.999239389613986 30.910675935973558
0.9992716668740521 0.00556527094325234 -0.03775133828201773 -1.8862951830105281 -0.005903306344054543 0.9999434240422251 -0.00884871114441512 -1.1426047567456048 0.03769995698888008 0.009065124049743573 0.999247985621687 31.7629437491913
0.9991042348328194 -0.003366666697059437 -0.0421828578272899 -1.91765637483872 0.002868262064622066 0.9999254318300279 -0.011870292846459692 -1.1869825539532604 0.042219675648388036 0.011738668360720248 0.999039389940788 32.64633282113233
0.9990826799132357 0.004690908101987612 -0.04256517448061518 -2.012284705767135 -0.005287520873623112 0.9998892053167661 -0.013914712142808176 -1.1971314350327669 0.04249518584966427 0.014127012146413702 0.9989967901386957 33.51580740570431
0.9990390597813569 0.010415612821072904 -0.04257313754873811 -2.1319743449031368 -0.01116737754624623 0.9997852190888844 -0.017458676070398308 -1.241701966875492 0.042382150841148526 0.017917329626733026 0.9989408003426055 34.45203279536936
0.999010748450398 0.0024765345209809453 -0.04440035199569571 -2.111740854425984 -0.0032458275897636686 0.9998457222320498 -0.01726257042066438 -1.2632891698517013 0.044350750656925966 0.017389609283628468 0.9988646617060442 35.514760732166614
0.9987158443124877 -0.005660232782405905 -0.05034505024372443 -2.0918164913627693 0.004821044467447232 0.9998476738922517 -0.016774580247992724 -1.2864722742907193 0.05043232940720722 0.016510323349420774 0.9985910020491174 36.873111037489586
0.9987822628100111 0.006387799315728219 -0.048920215821427485 -2.233192517155493 -0.007118518097182643 0.9998654697179276 -0.014777319305223314 -1.3330017761098178 0.04881924002084779 0.015107563855579926 0.9986933680154968 37.80899225315231
0.9987070772391761 0.006375601636692007 -0.05043337760009482 -2.3282256398684678 -0.0070587554118588846 0.9998855793137863 -0.01337917233494231 -1.3622755054563032 0.05034230670538553 0.013717870975582415 0.9986378083026289 38.903962430947594
0.9987198474519983 0.010441957573337938 -0.04949375543939165 -2.2809782469795206 -0.011019072485996588 0.9998742807502875 -0.011401874216276333 -1.4235053747692863 0.04936847523476946 0.011932653356737212 0.9987093498294997 40.043707322690516
0.9985975134963497 0.005349192980362942 -0.05267249921321529 -2.3377944157306842 -0.005816899266835396 0.9999449719545865 -0.008730220252701482 -1.3973872503805973 0.052622901115643606 0.009024366858679009 0.9985736783437528 41.039006611169725
0.9984587909292233 0.008219657318765273 -0.05488606425783933 -2.4061939509073365 -0.008550319555133966 0.9999466685693114 -0.005792413369328454 -1.4319345698543335 0.05483552545256307 0.006252779437830101 0.9984758223901284 41.953942897328886
0.9983959849736607 0.00795008101992938 -0.05605580612435488 -2.3430540150728887 -0.008345412246494295 0.9999419062235358 -0.006821896545429333 -1.4785230309002777 0.05599831500063864 0.0072787629317796225 0.9984043310839913 42.88864424522419
0.9979269194682915 0.026122995746541876 -0.0588171105525675 -2.565736211459396 -0.02664629468327096 0.9996118616060428 -0.008130259291909856 -1.493340226332754 0.05858189464483959 0.009680662669856302 0.9982356667591542 43.75446978552483
0.9982589440389846 0.02399480963486224 -0.05388255521741747 -2.5687697726923653 -0.02453600525399364 0.9996547061395783 -0.009404942273590762 -1.5421526736869302 0.05363828010243533 0.010710630400695455 0.9985029881297662 44.82871622035556
0.9979352119666414 0.024423764036097962 -0.059403640186471 -2.738583272501227 -0.025094300352180025 0.9996292280178141 -0.01056799802912294 -1.5674865498454262 0.05912350469085278 0.012036870142107992 0.9981781028204599 45.830417144353234
0.9982723490554688 0.014609213185391814 -0.05691122913257167 -2.7453851405206153 -0.015116537930792184 0.9998496596694415 -0.008494017888449232 -1.6079872943472837 0.05677858216143849 0.009339643944291912 0.9983431091857801 46.746103584172666
0.997998324108281 0.012736781752555883 -0.061944486983508504 -2.839447849110738 -0.013170804468712294 0.9998914569062016 -0.006603356392032039 -1.6328284416487122 0.06185365782804798 0.00740599733871212 0.9980577519446006 47.714334493826875
0.9978753681773955 0.014603505323012193 -0.06349399355142726 -2.954542655768853 -0.015233351205240867 0.9998393368274313 -0.009446985949981545 -1.6194280240721752 0.06334583329537727 0.010394140886196708 0.9979375066803292 48.60844100602695
0.9982323152767565 0.004908591795740275 -0.059229641766506996 -2.8904325835687366 -0.005852259614751068 0.9998585281649794 -0.015769423361773057 -1.671253323920611 0.05914385677826153 0.01608817523350841 0.9981198198728688 49.67288869311631
0.998136651257431 0.004993244363943565 -0.06081359163314471 -2.940351657414851 -0.0058944842812115586 0.9998753181677996 -0.014649340391279467 -1.7182951866695828 0.060732861546772994 0.014980508321247499 0.998041634351382 50.542927340288486
0.998121452830546 0.005672625099640461 -0.061003169785833186 -2.947013541843646 -0.0062994478205893835 0.9999292737363502 -0.0100878383338954 -1.7692189151929623 0.06094163073462947 0.010453174138703763 0.9980865938353395 51.6906335711491
0.9979967528144748 0.007113228956236841 -0.06286400675728834 -2.969531722999514 -0.0076644364258544075 0.9999342331716156 -0.008531456251233279 -1.7957735198917464 0.06279918618929925 0.008996182818775277 0.9979856366244219 52.81554306337847
0.9977559782525438 0.013285696527697635 -0.06562391430784212 -3.08198270906064 -0.014015233102384225 0.9998448598808071 -0.010669086700124007 -1.800245947224838 0.06547198715782897 0.011564879493658729 0.9977873884049158 53.71214348669163
0.9979077168947722 0.010082538455605264 -0.06386337745652447 -3.028106676487834 -0.010935493726205477 0.999855430400713 -0.013020494428748296 -1.8667946329419296 0.06372286511784758 0.013691629431743414 0.9978737073120406 54.69834311094927
0.9975300829618406 0.013664293244985342 -0.06889862608396857 -3.0412515658398998 -0.01465345865721549 0.99979640259457 -0.013871896349741649 -1.9149322300462464 0.06869504884287321 0.014847237085456218 0.9975272175812565 55.7244142501225
0.9977103205294234 0.01232109829271039 -0.06650042741168422 -3.0199839291371724 -0.013126525817991425 0.9998455273466798 -0.011688274671209361 -1.9308114186340513 0.06634614253311885 0.012534431845975165 0.9977179347838112 56.731993601335645
0.9975951430512088 0.010393925448807592 -0.06852661435094422 -3.08884992837214 -0.010985990580435678 0.9999054635976651 -0.008268728953355968 -1.9595929495959425 0.06843419153906168 0.009001676582843418 0.9976150215624728 57.64449038938874
0.9975515871436748 0.00733923024648952 -0.06954830469913975 -3.1417195112568264 -0.0075690615057540595 0.99996672821049 -0.003041673869732274 -2.004924396568283 0.06952366715772033 0.0035606419922135923 0.9975739479023826 58.4785503834385
0.9973723795992357 0.011378785272929745 -0.07154620645617961 -3.2245599202944226 -0.01144556674719381 0.9999343603254098 -0.0005234906390852648 -2.0321738182294546 0.0715355534988951 0.0013410019859051118 0.9974371490471367 59.23567701721516
0.9972913396622157 0.011333441159176267 -0.07267418349203722 -3.2886734635889945 -0.01153143695415364 0.9999308531030409 -0.0023054228241651694 -2.079196617487316 0.07264302992383496 0.0031372159819325726 0.9973530709229143 59.95870519259816
0.9970985805778212 0.013887725671031872 -0.0748435146514453 -3.398935367109694 -0.014646444060685227 0.9998466677299653 -0.009598057389983532 -2.0884709874579444 0.07469874353743945 0.010666400750504507 0.9971490989861833 60.85863556805389
0.9970494851566908 0.01118577826003443 -0.07594209974378735 -3.572886793031692 -0.0121318537321497 0.9998543028499476 -0.012007963918455752 -2.1232465915314633 0.07579671677453934 0.01289385268888037 0.9970399221139732 61.897845141987766
0.997187286542937 0.012437006871607063 -0.07391100335680889 -3.6553421878522308 -0.013202131262321892 0.9998641102707293 -0.009872422329673055 -2.171672824430231 0.07377817622621904 0.010820436802579075 0.9972159740297657 62.880424373641596
0.9970463880782116 0.011294598820613238 -0.07596665095733837 -3.732382882345017 -0.01186142609442858 0.9999050473937326 -0.007014468443365214 -2.1834117608400887 0.07588021211883289 0.00789482324171758 0.9970856859742712 63.82793215314649
0.9968909798471433 0.012685732200416954 -0.07776532966522313 -3.846943749237737 -0.013164272200356973 0.9998974179167313 -0.00564407484797712 -2.2049136553710564 0.07768575311365945 0.006650251272994042 0.9969557151253858 64.68961822009203
0.9968663781691731 0.0211145889403095 -0.07623383900707964 -3.948287920132365 -0.021779875136947274 0.9997315300420813 -0.007906002702870004 -2.2790342815365014 0.07604644051429735 0.009541591774990046 0.9970586226052632 65.59414626149574
0.9968090781190763 0.016467641686542554 -0.07810556034419609 -4.004046675668711 -0.016866811304184354 0.9998478262575371 -0.004453650694291993 -2.253300106138308 0.07802033360494076 0.005756831190974725 0.99693514655609 66.40539754826645
0.9967127308881525 0.010837629474395486 -0.08028871572554132 -4.076601796115839 -0.011254043315502687 0.9999254568500416 -0.00473574199980672 -2.274727765003186 0.08023140653468479 0.005623747025930422 0.9967603999331306 67.25973485325821
0.9965822670898934 0.010032775146158404 -0.08199468485722254 -4.110134981215948 -0.010381607097367152 0.9999387782971757 -0.003829084959558683 -2.342918545210052 0.08195124865457827 0.004667234772136925 0.9966254109561613 68.58361263724885
0.9963607627295963 0.01430726917565474 -0.08402697508319946 -4.277527367511281 -0.014650746292235556 0.9998866423567522 -0.0034724731273643077 -2.335041129781616 0.0839677683755964 0.004690893867386667 0.996457429792536 69.07627639679488
0.9965306382074287 0.02084107200852403 -0.08057503851337033 -4.373570103181007 -0.020950595705865906 0.9997803800550283 -0.0005140005753655387 -2.4070159287612443 0.08054663030484235 0.0022003123772861657 0.9967484130772304 69.79591902270067
0.9965729538542157 0.020347074851097446 -0.08017695548776713 -4.451208441417844 -0.020124706489785156 0.999791065747408 0.0035806480365865225 -2.42563581891969 0.08023305948911305 -0.00195483929409745 0.9967742145382529 70.53929020910208
0.9963994652296462 0.018225935305316437 -0.08280048896185022 -4.465374822330168 -0.01786456402206711 0.9998273924618639 0.005103198527480328 -2.4341897323630923 0.0828792075395061 -0.003605629647624688 0.996553077559077 71.27839785396625
0.9961669707687034 0.023968691250138386 -0.08412412370574811 -4.533247294785013 -0.024172583472120514 0.9997068119267988 -0.001405843319761452 -2.4790188960607673 0.08406576329153162 0.0034339520835183555 0.9964542916839189 71.97381673902564
0.9961168522449599 0.025033288439066766 -0.08440705624247087 -4.620085008840842 -0.025661896993107173 0.9996503810278558 -0.006370459447964682 -2.4939272840979663 0.08421807238537399 0.008511767195447153 0.9964109925642642 72.64428359746768
0.9961897361115606 0.01915761225667419 -0.08508228698502515 -4.667861388633754 -0.020195420367403932 0.9997315829959572 -0.011353719944655087 -2.5837527760633496 0.08484193928808495 0.013028731827033206 0.9963092378798946 73.3988676992858
0.9959555979885152 0.0217779147077138 -0.08716747826065695 -4.67028125463171 -0.02261578234269752 0.9997069295614708 -0.008636050938038518 -2.6403827920731833 0.08695385686883754 0.01057248399195827 0.9961562374235646 74.1037771968743
0.995827293349594 0.02055170968023637 -0.08891360441035188 -4.772514438875165 -0.021098290820354467 0.9997638218537509 -0.005211778663869585 -2.6461459910355014 0.08878549399806843 0.007065956524113974 0.9960257066531556 74.86721346387715
0.9958092075975733 0.017914448372164715 -0.0896833016977801 -4.83129823052682 -0.01842332210296327 0.9998185154465113 -0.0048494714170034675 -2.686674288361177 0.08958014995848389 0.006481412643468736 0.9959585272608296 75.49606420082955
0.9959635613128304 0.013533430361446703 -0.0887323548640272 -4.963611493593474 -0.01437312102033034 0.9998577028155596 -0.008831053874078934 -2.706749910419449 0.08860021404713823 0.010070768741452685 0.9960163561346558 76.11408108632078
0.9965157855772748 0.005884727157861197 -0.08319650883050293 -5.0955416375633735 -0.0072589603452991435 0.9998420144419217 -0.01622509326398575 -2.665405121507589 0.08308788473665603 0.0167724817184931 0.9964010674758388 76.83220971935886
0.9964140524843222 0.008926499304928592 -0.08413889482236929 -5.017191145252027 -0.010636348821816612 0.9997454874579338 -0.019895436442542058 -2.68623539124445 0.08393988381878584 0.020719023086470428 0.9962553979712386 77.27995324452858
0.9962246581685763 0.011683943787828647 -0.08602276393179956 -4.980545297365585 -0.01331416928452399 0.9997420199462128 -0.0184018056214363 -2.7139201497683176 0.0857855661120581 0.019477654156210583 0.9961232140831796 77.85275017470616
0.9964465396788295 0.01660182798942439 -0.08257525579431511 -5.056344750992605 -0.017864693289630935 0.9997341292123696 -0.014578189930578675 -2.740342416388587 0.08231127684439368 0.01600156852918415 0.9964782002175719 78.57622835976245
0.9967097343700058 0.018317050997809645 -0.07895689364973969 -5.130564162498637 -0.019192380752706847 0.9997623243738241 -0.010341531979927267 -2.799297624148279 0.07874870115192882 0.011822876358668997 0.9968243885767905 78.99281384143096
0.9973686401113754 0.01882911058162692 -0.07000900168614725 -5.135868292839465 -0.019440757155606527 0.9997784772903554 -0.00806556310463034 -2.782173858526003 0.06984162572279401 0.009405367705884517 0.9975137524739768 79.66961303857252
0.9979838264959286 0.011545109050065313 -0.06240987509654396 -5.228034877072769 -0.011958123837599659 0.9999089768295474 -0.0062483061682220235 -2.8084969236911377 0.06233205697575484 0.006982013513973934 0.9980310446877202 80.04179599156521
0.9986568616958952 0.015757249677642724 -0.04935769109573576 -5.330510423000735 -0.016173841833703066 0.9998367707290281 -0.008052250523137962 -2.8095705691375716 0.04922275315384129 0.008839738726085306 0.9987487069284298 80.50044647042623
0.9992631894659277 0.020639081830644654 -0.03235902470053383 -5.295377448104319 -0.02091368459274928 0.999747896790872 -0.00817071961228243 -2.8316991857423024 0.03218223073586942 0.008841445776317007 0.9994429112567899 81.06976420357599
0.9995059863160357 0.02785911376880154 -0.014548302252347538 -5.317339487537178 -0.02796315799555213 0.9995844597086226 -0.006997835660877962 -2.8584966968100156 0.014347303346778776 0.0074011951087527925 0.9998696801071817 81.51982217759198
0.9996363985925806 0.025278634707686126 0.009384094850922012 -5.375271353631803 -0.02522093399628469 0.999662569518962 -0.006217040381217829 -2.886906807957099 -0.0095380866640421 0.005978104219735253 0.9999366415792189 81.98046352600653
0.9994875213189167 0.020063483672613645 0.024942961946941202 -5.296977011817296 -0.019994877998775272 0.9997955908425542 -0.0029968959945424886 -2.9450715803825025 -0.024997991550960427 0.00249662866817866 0.9996843838250706 82.37092929742371
0.9978721472417379 0.02336165477614747 0.06087208592847956 -5.371804724835916 -0.023420331851435033 0.9997256750163546 0.0002505375475364188 -2.9366118905075234 -0.06084953422280882 -0.0016756488934589094 0.9981455436887214 82.90089006444401
0.9948885673545915 0.02668953338464085 0.09738792201725305 -5.31217369783436 -0.026520307505421836 0.9996436768874467 -0.0030319216289266685 -2.9057204032683552 -0.0974341410232896 0.0004336665265226706 0.9952418801961649 83.2901317492131
0.9906010021919844 0.032466649621223434 0.13287426808306166 -5.21618721776827 -0.03250473200531284 0.9994698076079457 -0.001883103130227127 -2.948699543239876 -0.1328649572065539 -0.0024536386264081334 0.9911311128221091 83.61113533780203
0.9849308961681473 0.02816792936295342 0.17063908558361945 -5.129696254208272 -0.028103220656869328 0.999601118483977 -0.002795159081948497 -2.9594810080420855 -0.17064975465004759 -0.0020424693353267723 0.9853296349734404 84.08261828519436
0.9762977097882148 0.03134176542825903 0.21415059094507985 -4.949203976819599 -0.03144044161173517 0.9995012852786832 -0.0029460749344491217 -3.000596028857064 -0.21413612608232643 -0.0038567429393602136 0.9767962146939113 84.45100917182111
0.9645486573683475 0.023753051084134138 0.26283394022293444 -4.868930411351681 -0.023033117899556116 0.9997177597052357 -0.005820344471773721 -2.9892487796698637 -0.2628980088337371 -0.000439879687489083 0.9648235296970722 85.01833420366111
0.9504362973622027 0.02629128939352401 0.30980576618012035 -4.651861037581691 -0.02432184963451435 0.9996519537204053 -0.010218564152213262 -2.9411269438528183 -0.309966598663118 0.0021770450162483758 0.9507449543322416 85.12063477490247
0.9307787409126026 0.02282446213494733 0.3648698115676336 -4.366948246265715 -0.02006666793030329 0.9997342335336761 -0.011348618374401523 -2.9904192893868866 -0.3650318675175156 0.003241331375103021 0.9309893820380509 85.70671479333213
0.9115488722540384 0.021206243088989392 0.41064455280259254 -4.082800781880244 -0.018371824584421423 0.9997723744762368 -0.010847824463319148 -3.0387214553326705 -0.4107811212237363 0.002344032465310757 0.9117309778426812 85.84063661338725
0.8697181062215531 0.01626966411368748 0.49328056290515127 -4.1257642560179955 -0.012633501070449955 0.9998629050270287 -0.010703541545384453 -3.0253800240220072 -0.4933870796454829 0.0030772033632211235 0.8698044150602843 86.4655919327454
0.8313200065835116 0.013214467976764673 0.5556369538557356 -3.834159763947809 -0.008789937706377605 0.9999048743412876 -0.010629170412219786 -3.043450793662607 -0.555724557356527 0.0039522278053104815 0.8313570810706232 86.82819807087515
0.7922791729566562 0.011001406541291604 0.61005957180691 -3.6100536152057416 -0.008008311165284557 0.9999388086356612 -0.007631902552752817 -3.1118215661351565 -0.6101062030920493 0.0011610505621907213 0.7923187949999639 87.08861273369611
0.7503384253619148 0.008277279913329674 0.6610020681228153 -3.3455351596653964 -0.005948599648899527 0.999965663961862 -0.005769320543121991 -3.1495673253644396 -0.6610271262116406 0.0003969062213773638 0.7503618999375112 87.3080683893713
0.7083484168582799 0.0105827831861452 0.7057836247989916 -3.013863904929224 -0.00713710135850217 0.9999438709954237 -0.007830494421546232 -3.1555722219636846 -0.7058268782913888 0.0005094690593583972 0.708384188363003 87.47979696599094
0.6660059369116663 0.009460487533983968 0.745886446568131 -2.650121507360515 -0.005361194790083572 0.9999544548823638 -0.007895932581867873 -3.1464597557447562 -0.7459271744539385 0.0012598954456432634 0.6660263231094019 87.70313950267477
0.6163860862801441 0.002538607001724219 0.7874399965170286 -2.392740064126771 0.0024628633945929035 0.9999836971060772 -0.0051516818574906895 -3.1734156251234786 -0.7874402370619286 0.0051147821607592575 0.616369785160906 87.98158076330736
0.5648426208297722 -0.004896343804018824 0.8251841246118999 -1.9477408960275244 0.014313362412349801 0.9998900902921912 -0.0038645817272306418 -3.2168960167749874 -0.8250745065450797 0.013994039903707518 0.564850622285721 88.29239583075787
0.5203623884255411 0.004034058763284417 0.8539360111167351 -1.5482955171737494 0.009656690792310978 0.9998971031765688 -0.010608080978548963 -3.261989797953282 -0.8538909374358113 0.013766242370382875 0.5202698891306239 88.44757290831062
0.488708927650879 0.0034618324290110725 0.8724400264491315 -0.9957288542764513 0.01355568430592299 0.9998412835677921 -0.011560756744611184 -3.2637292491009413 -0.8723415772834205 0.01747636660588713 0.4885844340059666 88.56252430653255
0.43949532073481085 -0.001137876685308886 0.8982441585052775 -0.6636786735707703 0.025127945425688688 0.9996234098295943 -0.011028367029539259 -3.180601114606647 -0.8978933396628406 0.027417945898692866 0.4393584036203326 88.71003723776413
0.40080396456311457 -0.0012533973700332806 0.9161629827631775 -0.3327877278664846 0.023891709228136767 0.9996732754592091 -0.0090845232573921 -3.1643901742152645 -0.915852263315786 0.02552981252748894 0.4007029578773576 88.8211361717358
0.3591409501800485 -0.00616935157315371 0.9332629409790889 -0.021891908480318856 0.023572800423699223 0.9997190896582443 -0.002462692241553747 -3.1640108641703866 -0.9329855845531355 0.022884074682167767 0.35918549266637256 88.84986806255769
0.3195520650806913 -0.0058240161124334154 0.9475508210850686 0.3756935027956218 0.021331589670757635 0.9997719055542897 -0.0010488786690090483 -3.2059594810394323 -0.9473285813194829 0.02054793665227713 0.3196034125514776 88.98860717896196
0.2843631484768811 0.0011931626478513453 0.9587158996028027 0.7430566176497605 0.0287765988491077 0.9995380291545264 -0.009779347246213913 -3.219160773986756 -0.958284669159949 0.030369468826113334 0.28419744582987866 89.09297902870654
0.26035991789626656 0.011793581835483248 0.965439601725835 1.1794919118675535 0.024416975582680644 0.9995251718462019 -0.018794737274438283 -3.207083017971325 -0.9652028410942666 0.028466511435547303 0.25994832807741947 89.16763529023491
0.2334543298845718 0.011554698976243082 0.9722991128195654 1.5894462170547023 0.02071153720929037 0.9996434473267025 -0.016852609388885536 -3.2215917588967002 -0.9721471638000975 0.02407212388541114 0.23313177554136993 89.19836015027423
0.20953480860512244 0.009614719277504307 0.9777539164616162 1.8910233116185855 0.018738762760836653 0.9997285288688427 -0.013846564047904153 -3.1911094242240905 -0.9776216153261993 0.02122323582666929 0.20929775801006037 89.23770131838302
0.19122644159196692 0.008312518865288778 0.9815107488286559 2.4716590672991554 0.015846734548334185 0.9998076644290189 -0.011554875730388887 -3.211030623536858 -0.9814180195208504 0.017763338061983963 0.19105793566525034 89.18606878437441
0.1739311979194251 0.010226057068095809 0.9847047101274341 2.873608082963071 0.023895901634216288 0.999607812304432 -0.014601625424421102 -3.252561542591253 -0.9844678381112313 0.026070085093594958 0.17361862338992057 89.13952527195416
0.15179571640380202 0.01989075087644217 0.988211727572097 3.6227716240324583 0.029699330699500464 0.9992542683955072 -0.024675024809742877 -3.240220020820402 -0.9879655916262764 0.033094789966564855 0.15109177555251216 89.20277695589485
0.1404913858762556 0.030418301466424776 0.9896145196138078 4.168869235391732 0.022517746270986884 0.9991712287546136 -0.03390880021278599 -3.238721176971571 -0.9898258036631723 0.027047782994043718 0.1396899990610014 89.2653089359448
0.12620054420036514 0.02989904084727329 0.9915540681172889 4.518243508893391 0.01640027554495012 0.9993461938667529 -0.032221355745593636 -3.2540263039424078 -0.9918691716176993 0.02032811256480726 0.12562768100212282 89.29097305898004
0.11724570160023633 0.02665094684759479 0.9927452706955575 4.710854786864571 0.022915773620253682 0.9993010799630987 -0.029533352399772485 -3.282096695272494 -0.9928385129393669 0.026212184508555187 0.11655302916542241 89.28876829893962
0.09651001833973087 0.02202922253025925 0.9950882019774815 5.240993630169121 0.02764530357719676 0.9993100137478823 -0.024803903187437935 -3.2735788704519617 -0.9949480155014074 0.029903340581270893 0.09583442320946613 89.41203847937159
0.081143400688592 0.01638872661135002 0.9965676887019516 5.839441279293644 0.03566796969322033 0.9991766220373547 -0.01933581940298186 -3.3038680569393586 -0.9960640262867915 0.03711452025932223 0.08049203639656674 89.38895317503048
0.06507355153071945 0.016644307798195732 0.9977416498819212 6.15372386775949 0.047236138775206465 0.9986886624911575 -0.019740886637440648 -3.2935397068062984 -0.9967618472256994 0.048414072639489464 0.06420200530879068 89.49479450063582
0.05730353617033344 0.019998613721224467 0.9981564808143085 6.528701094573286 0.05190061953545909 0.9983877579593862 -0.022982829431240026 -3.324650685119498 -0.997006835700845 0.0531219371452059 0.05617320855826197 89.6196360374601
0.05140955016038191 0.018140241366004856 0.9985128891484026 7.177502213518664 0.04351553725405728 0.9988447225840865 -0.02038671585643248 -3.3179953463224376 -0.9977291497043664 0.04449889671782039 0.05056077551915934 89.59394527064256
0.045676127395548306 0.02426344799995405 0.9986615925714272 7.543785905978224 0.04225425736982989 0.9987633430453808 -0.026198517571405643 -3.317311651519107 -0.9980622571364323 0.04339435078404333 0.04459440771847497 89.53295761157304
0.04612571099919295 0.02740158977902087 0.9985597486692533 8.271512729123645 0.04571103272779745 0.9985186757602275 -0.02951195766124396 -3.3418615069662128 -0.9978892324660976 0.04700645738218438 0.04480482889823066 89.55589628854203
0.04425181670643183 0.025181338023333135 0.9987029973588423 8.772172043831993 0.04494707317607723 0.998619801291776 -0.027170813033066586 -3.3469151726100246 -0.9980087861993425 0.04609113454155954 0.04305891296337068 89.55225404912909
0.03895520967009525 0.027163325178008634 0.998871686156351 9.311550178866504 0.038658303175993135 0.9988411079035746 -0.028670137033372258 -3.3612041088519 -0.9984928779090574 0.03973153567675308 0.03785997672549439 89.58484060436633
0.03558715312080827 0.027805363883762424 0.9989796876173443 10.133816980302175 0.03449118967868687 0.9989831707887152 -0.02903415773660765 -3.374189109932228 -0.9987712012104198 0.03548924090787153 0.03459192698416885 89.62193781429296
0.02725700889073437 0.028596535919630246 0.9992193420864749 11.22229891921135 0.03986682430775786 0.9987643702190425 -0.02967101448507776 -3.3815260888934997 -0.9988331651411787 0.04064444506149181 0.026083276245490675 89.51545793764512
0.03236362381692926 0.026058963649202974 0.9991363902225591 11.93721629458472 0.0460168448576513 0.998561114938676 -0.027534518731503022 -3.398161560345878 -0.998416268819165 0.04686822106671178 0.03111790499469214 89.45099062979405
0.0340641064892839 0.02649663584618918 0.9990683484816847 12.675122911587868 0.04472542737560677 0.9986065856594657 -0.028009341720467422 -3.387390992806325 -0.9984183856455948 0.04563787206234573 0.03283156771256752 89.54159396815442
0.03339721051612633 0.028216177795079896 0.9990437796415018 13.3832285395134 0.04603963254188476 0.9984968185818723 -0.02973979686022944 -3.4607034727557093 -0.9983811789918466 0.04698883476439845 0.03204794599243926 89.66867871858602
0.03340196533502568 0.024629815500379293 0.9991384693325421 14.394952764593764 0.04768416936522309 0.9985185659374289 -0.026208652582861806 -3.484853737809027 -0.998303825848477 0.04851850849601318 0.03217803023206729 89.83593546637184
0.03730082136503459 0.027299832996694615 0.9989311126618521 14.964791331637109 0.05402251619191848 0.9981099099568589 -0.029294630740206308 -3.5269131217532044 -0.9978427814389335 0.05505748599658115 0.03575551378387099 89.81448349721047
0.040484261389460166 0.024101647736798487 0.9988894509184294 15.717988043671957 0.05435336651617177 0.998175679898685 -0.02628732788163111 -3.5948058149369007 -0.9977007247306725 0.05535722748809738 0.039100399444538615 89.97103289943692
0.03484021615326213 0.025757910542238194 0.9990609037405536 16.314502933621768 0.060004460327740726 0.9978104089904561 -0.027818203591806055 -3.6263733118020496 -0.9975899077673003 0.06091730258963084 0.03321834080794515 90.11765927907821
0.034316389127785285 0.025110502135186556 0.9990955150133288 16.97171562218158 0.06359027564185353 0.9976037907325346 -0.027257174466012044 -3.7041006207960216 -0.9973859144187988 0.06446812699773682 0.032637376125849445 90.2478978982713
0.02869354337347017 0.02302003003535045 0.9993231503301858 17.732801023022837 0.05500439879104705 0.9981836894042112 -0.024573121922784522 -3.7467844138589323 -0.9980737431083487 0.05567225902159995 0.027375224074363873 90.46929029069678
0.029616954266501266 0.020052553831970594 0.9993601608553301 18.485460421563836 0.0534713755387672 0.9983353804292902 -0.021616664430397524 -3.74486477149374 -0.9981300757005412 0.05407738222140755 0.02849541566834385 90.52261778516808
0.026212087890986273 0.020628980233478568 0.9994435309825771 19.091240642218523 0.056496106840239174 0.9981585443498532 -0.02208416295172395 -3.7740166410738016 -0.9980586738064507 0.05704354052746703 0.024998362422361448 90.71085418903222
0.028398454493228573 0.02828285989764447 0.9991964809878019 19.845891529832624 0.054950561635213786 0.9980439270428333 -0.029812002094697056 -3.8489486071676398 -0.9980851484509577 0.05575302259904721 0.02678874600834334 90.66978666887394
0.03338433112673236 0.026532496910811578 0.9990903427833232 20.655794173881297 0.04760887824995774 0.9984705295211633 -0.028106874417277238 -3.8646144763857238 -0.9983080091569945 0.048503899692763655 0.032070088362724194 90.6505155341547
0.03511240987883042 0.03143340975064429 0.9988889124542073 21.549901537913374 0.041733395376513695 0.9985872580465336 -0.03289090721542132 -3.907904832735097 -0.9985116135443033 0.04284190493610166 0.03375098218715167 90.70037165247827
0.03894307257593033 0.03182524751838208 0.9987344946074205 22.31687495879769 0.04312710506733629 0.9985077996693493 -0.03349965384873433 -3.946412082942789 -0.9983103174398512 0.044377106934407023 0.0375124309166368 90.65874086155404
0.036902438517123555 0.027692925887335178 0.9989350889258465 23.048183278354387 0.041207184651978285 0.9987235768902022 -0.029209328932687035 -3.9803224404138104 -0.9984689168745056 0.042241198129772624 0.03571418788119941 90.87927064078069
0.03740662352468121 0.03129010429447213 0.9988101290484213 23.69648727421245 0.0386218458314327 0.9987176086615726 -0.032733639789716336 -3.9797767978190395 -0.9985535025931539 0.03980034575918797 0.03615017201056269 90.79172089630002
0.03486178815215524 0.032045776242011166 0.9988782327951098 24.406140720637055 0.034662144033428176 0.9988456716614993 -0.03325447299377885 -4.031640050539544 -0.9987908647448875 0.035782571569620995 0.03371077089039689 90.8894126096526
0.035642636735356205 0.03197913712335844 0.9988528105959346 25.61534450963815 0.038737463273182414 0.9986925284661238 -0.03335629663344469 -4.051747903830638 -0.9986135445635166 0.039881930429517674 0.034357244352608285 90.79456149703502
0.0373931246541238 0.03204022957095367 0.9987868530961148 26.204978519198246 0.03421494028145331 0.9988587900990663 -0.03332349476521783 -4.088510670794039 -0.9987147200728234 0.035419502126251126 0.036254196708667405 90.94407145968836
0.031754880965301394 0.03786817690388506 0.9987780677972738 27.035157511701126 0.026639984283268612 0.9988949416159513 -0.0387195926044212 -4.139369855587064 -0.9991406001020411 0.0278369680827711 0.030710982330300743 90.94902764116085
0.03041980766870344 0.03526697010653633 0.998914849284414 27.879742674219212 0.023707836074554706 0.999070737452896 -0.03599444504349143 -4.128620455813748 -0.9992560101445781 0.02477705359463817 0.02955543613461481 90.96430151014034
0.027113921562514638 0.03390197723430968 0.9990573012580939 28.796878204509735 0.025460393266953475 0.999077098642588 -0.03459363153241571 -4.132551191025864 -0.9993080624272948 0.02637436079818476 0.026225740414587043 90.85773361868051
0.024959167906084132 0.03160073484636755 0.9991888877957987 29.74510561463176 0.01834946452777111 0.9993173925445348 -0.032063158134165964 -4.185641811177829 -0.9995200533701062 0.01913485080062206 0.024362274028874285 90.78211526127697
0.028163379743058374 0.028734308885080672 0.9991902539228177 30.572561396982227 0.011570638357860173 0.9995104180896365 -0.02906964840294459 -4.270634203572643 -0.9995363647058767 0.012379968625808792 0.027817117165228968 90.72076597414278
0.02121477619730354 0.02766086882185619 0.9993922201052591 31.388127579989302 0.012364606169137524 0.9995334837767547 -0.0279272505518493 -4.317847134108651 -0.9996984794352647 0.012949561580365011 0.020862863410756615 90.72122166406012
