0.9999982765528649 0.0010505880328982812 0.0015307376773500282 -0.004601631182416115 -0.0010432982364217598 0.9999880477044119 -0.004755626957217659 0.003586845294627921 -0.0015357148469581636 0.004754020731228335 0.9999874203480846 0.9999829796208002
0.9999964175504087 -0.00069603277488974 0.0025846526308800407 -0.012859897398208003 0.0007105574767328898 0.999983838071246 -0.0056230521397215615 0.005402560612500779 -0.002580696499312148 0.005624867526061614 0.9999807502424343 1.9632679198991134
0.9999933689868361 -0.002563525178897726 0.002586565486167351 -0.01689652298537322 0.0025662152510637264 0.9999961693343574 -0.0010372347350421649 -0.019554738976002177 -0.002583896600540106 0.001043865540923462 0.9999961169040059 2.8887336433729622
0.9999858693000202 -0.004349275369431124 0.003056959934944392 -0.045565449895830515 0.004335658059619938 0.9999807123800967 0.004447126823528269 -0.012355453950258354 -0.0030762427526213948 -0.004433810049533447 0.9999854389234735 3.849152953123045
0.9999624195535705 -0.008351342318386884 0.002326921152755426 -0.06473472255910456 0.008342311777816979 0.999957736988306 0.0038639450599638136 0.003172983499487192 -0.002359091937954734 -0.0038443879494447692 0.9999898276315227 4.807499798015393
0.9999533119441232 -0.009511895568600218 0.001702285132160586 -0.06908832169608142 0.009510347225947803 0.9999543566621056 0.0009153622868166444 0.020524833305105007 -0.0017109142646647318 -0.0008991302276466292 0.9999981321668618 5.740077769844529
0.9999460893733014 -0.010243312973590015 0.0017008487195701038 -0.08017423589845844 0.010248871831145534 0.9999420587426048 -0.003292382691902033 0.031875275662693 -0.0016670252639146622 0.0033096369780188065 0.9999931336413482 6.677483547270788
0.9999502748500957 -0.009926812854338789 0.0009519526107904646 -0.08646160707404092 0.009930398457990468 0.9999433234940306 -0.0038388782447478886 0.031149800724457336 -0.0009137908315364323 0.0038481406246899763 0.9999921783694354 7.60743861885296
0.9999529458671188 -0.009696844577817769 -0.00027795126292079415 -0.09229422185648453 0.009696480964130717 0.9999521675333507 -0.001280977074629238 0.01815295791009611 0.00029035940342673436 0.0012782216502338886 0.9999991409200458 8.536803638489669
0.9999534287254326 -0.009646257736960784 -0.0003001531664795194 -0.12816818465290788 0.009646526600769536 0.9999530593043624 0.000907586021823049 0.0175379147402889 0.0002913842683961226 -0.0009104391898899879 0.9999995430977404 9.46661165567911
0.9999630909424972 -0.006301870949839345 -0.005839792398495466 -0.24742282871536375 0.006275355635384724 0.9999699686748051 -0.004547709330995989 -0.27714658818248866 0.005868276099112179 0.004510894705193454 0.999972607207109 10.287555199773967
0.9999348036902311 -0.0083624352929806 -0.007775477152535249 -0.24685024718678816 0.008322124297814131 0.999951837701352 -0.005202357625196467 -0.30085072456450124 0.007818607046694152 0.005137309963338994 0.9999562377575283 11.237790055227647
0.9999254281429271 -0.008883089178436067 -0.008380267288810849 -0.26375832592981985 0.00884343711062139 0.9999495817309622 -0.0047568493926136044 -0.3121817070652202 0.008422100287603058 0.004682384298781781 0.9999535706741708 12.12159476307302
0.9999208032120782 -0.008675236857994827 -0.009117432158743524 -0.2710316767696725 0.008618817733881137 0.9999435791240197 -0.0062092309923303885 -0.31579991643463745 0.009170784294798902 0.006130157755203094 0.9999391570897274 13.031629206993529
0.9999011964741074 -0.010478951018319178 -0.009369571772723571 -0.3142737167642474 0.010401080369730508 0.9999112813757535 -0.008321472504382126 -0.3228511513432421 0.009455940819979837 0.008223196644520031 0.9999214790273059 13.939100162327724
0.9998750213710007 -0.01179772826221136 -0.010524031841065741 -0.32614207332308937 0.011696647881002071 0.9998853624495971 -0.009615112447888385 -0.33175237519497713 0.010636261875705915 0.009490814869583574 0.9998983920211205 14.84336290484598
0.9998713613361839 -0.010361083425704723 -0.012243722063662279 -0.3260753122553819 0.010223686045035436 0.9998846562550442 -0.011231670818917615 -0.32108222097439115 0.012358682105272113 0.01110505002138949 0.9998619608929241 15.744258480578365
0.9998600947019927 -0.00818729794878517 -0.014586266651219057 -0.32400025890083 0.007993626581227084 0.9998797736827262 -0.013286839889909932 -0.31329331477972006 0.014693296315073294 0.013168383821791509 0.9998053314075294 16.641290442016654
0.9998456933012226 -0.00666462197986527 -0.016253381213231922 -0.3415019818132131 0.0064634300135295265 0.9999022304664615 -0.012399741152757672 -0.3338383816702224 0.016334431715163588 0.012292775197679762 0.9997910151719117 17.532809494360656
0.9998140078165288 -0.007173235195373715 -0.01790235936077653 -0.3577749203181046 0.006966426944055382 0.9999085921671171 -0.011587761043739023 -0.3415394566731143 0.0179838446802584 0.01146089033214788 0.9997725888037295 18.424822751125728
0.9999313798916044 -0.007328529094959418 -0.009139374670971522 -0.4760864766857869 0.0073162111287258256 0.9999722832567903 -0.001380497345784785 -0.29790566326981915 0.009149238372234763 0.001313537021229929 0.9999572821164421 19.263276606740842
0.9999247347040872 -0.007067226966102532 -0.010028919681163144 -0.49020443029799765 0.007063197876273412 0.9999749597719086 -0.00043710974578100654 -0.30380673302677547 0.010031757708509349 0.00036624060239333377 0.9999496135831538 20.14387944587608
0.9998686381431846 -0.008479161780006645 -0.013813409181007192 -0.4779682193965275 0.008476146149330436 0.9999640385055094 -0.00027684328998371237 -0.30623142809082937 0.013815259829212478 0.00015972244829635438 0.9999045519871338 21.0180480564596
0.9998267052876251 -0.008592569435980071 -0.016514452584955104 -0.48527854752442395 0.008576765500003719 0.9999626909065249 -0.001027564372664244 -0.30411608015400216 0.016522665863921964 0.0008857457140097659 0.999863099112713 21.88719542934269
0.9998061237986986 -0.00904843112108455 -0.017488302057901695 -0.510615175650195 0.009040933527686083 0.999959001022143 -0.0005077359019789562 -0.3043584185940152 0.01749217926872962 0.00034952688765342403 0.9998469390338631 22.750010820950997
0.9997726586998928 -0.009571768305072288 -0.019052878198927356 -0.5217357806740041 0.0095976429682002 0.9999531387977586 0.0012670666770928935 -0.29982062885473826 0.019039857289488572 -0.0014496413429770985 0.9998176745659044 23.60700178079543
0.9997613875865173 -0.009865659640475815 -0.019489398424266335 -0.5392047233255386 0.009942298298629445 0.9999432034319566 0.003839350827618735 -0.30031891076302764 0.019450413764816953 -0.004032204123646447 0.9998026919018985 24.46471573313011
0.999760771730345 -0.009199470655366986 -0.01984361481195471 -0.563892690031375 0.00930862790468164 0.9999420090162433 0.0054155379319632815 -0.3015503876788725 0.019792643978922355 -0.00559895920876287 0.9997884290689216 25.29127904396813
0.999742840194717 -0.008980756949761652 -0.020823051745844225 -0.5816305563956996 0.009065434436420912 0.9999510046480274 0.003975701432388745 -0.29492305375891276 0.020786326704825685 -0.004163449052150671 0.9997752719056971 26.11533907673978
0.999746866551866 -0.0068189930713137585 -0.02144071251658292 -0.6078381638426759 0.006846926041162607 0.9999758034776888 0.0012296596835916255 -0.291443653200942 0.02143180868504164 -0.00137615138846677 0.9997693652957386 26.929371037181294
0.9993953807443398 -0.010156390043170524 -0.03325237868434198 -0.4898914021037126 0.010165663859229892 0.9999483222718475 0.00010983632605007921 -0.3287221942092892 0.033249544736387644 -0.00044780242111723263 0.9994469807087389 27.741591658456464
0.9993972896041662 -0.008011097864736335 -0.033776912867347075 -0.5292241132041596 0.008032049617791194 0.9999676251207146 0.00048465387114924734 -0.34522226933529604 0.03377193673427805 -0.0007556596053091739 0.9994292797730998 28.53349156966679
0.9993019432738096 -0.008970551423470762 -0.03626507102359376 -0.542503863289248 0.008995935631828106 0.9999593916438916 0.0005368475444358734 -0.3577590880186025 0.03625878254017144 -0.0008627110390086073 0.9993420617678249 29.31879154218202
0.9991838987245971 -0.009571534805097938 -0.0392418431140652 -0.5642721977380221 0.009596786958082746 0.9999538461821187 0.00045517652498809353 -0.3688316569885805 0.03923567521523339 -0.000831400663053699 0.9992296385532915 30.09071076195213
0.9991035333430063 -0.010268861387368686 -0.04106921167161638 -0.6070501306559862 0.01031554592325276 0.9999463655337701 0.000924969247477029 -0.37823487636973435 0.04105751056537995 -0.0013477913824182755 0.9991558758695077 30.856517909223353
0.9990813177336983 -0.008804550387452917 -0.04194043929159492 -0.6566542274388737 0.008903810326795237 0.9999579829610239 0.0021804756786994333 -0.36928342042713896 0.04191947897054081 -0.0025519022308361458 0.9991177333416931 31.61537803888007
0.9990093041648941 -0.008156604610342367 -0.04374791415833299 -0.6941491829667382 0.008320849817416853 0.9999589956873571 0.003573569958457247 -0.3473531808165019 0.04371697210798484 -0.003934049461119674 0.9990362103570357 32.358763369611644
0.998949919680403 -0.007889075442458586 -0.04513114732843321 -0.7467628486211892 0.008158115300374837 0.9999500159142537 0.005780210015936478 -0.35700170742975473 0.04508329097640634 -0.0061423254346992025 0.9989643480690342 33.094998336038046
0.9988940131501829 -0.005166836533336549 -0.046733866659625554 -0.7954253006865363 0.005441416531345039 0.9999686632548214 0.005750086477483679 -0.3333009730849309 0.04670269241547311 -0.0059980253920696525 0.9988908259727596 33.82136842057921
0.9988371456092167 -0.0024605833349374455 -0.04814874952565961 -0.8362290423276605 0.0027074919962360483 0.9999835151324 0.005063491931447772 -0.32979407621368706 0.048135496656035455 -0.005187966181592084 0.9988273419208025 34.56260654411201
0.9988093727011276 -0.004688937563370546 -0.04855770658614792 -0.9861782748978793 0.004983222779781853 0.999969934121672 0.005941240899586908 -0.33727818877349947 0.048528388548422674 -0.006176140965576745 0.9988027086405336 34.98086991954569
0.9984426934399762 -0.0030081518630440595 -0.055705824997886774 -1.0399233851434118 0.0037536811714626007 0.9999047242481015 0.013283535071325153 -0.32424994197695023 0.05566055869275235 -0.013471950441453627 0.9983588577046401 35.670520037448334
0.9983944604372031 -0.0016555256540636916 -0.056619436619545216 -1.075421086211997 0.0024549330333244026 0.9998982476514624 0.014052318219296159 -0.29891694163032173 0.056590411485585204 -0.014168753591731604 0.9982969356607025 36.35749068338764
0.9984083743605405 0.0009079909253057896 -0.056390544945250635 -1.123078699882988 -9.698405710629616e-05 0.9998965540677662 0.014383037144456127 -0.2915732470865173 0.05639777123996513 -0.014354675749932488 0.9983051811361486 37.03264299060919
0.9985520254798129 0.004951838001462501 -0.05356614332365547 -1.1929659155942907 -0.004262083583985681 0.9999066303727361 0.012983265389085613 -0.2899918795358993 0.053625432899756104 -0.0127361625714962 0.998479896196847 37.69198717011103
0.9986456964844475 0.0062061302521925705 -0.0516551724456094 -1.2341634242748785 -0.0056999912782933196 0.9999343513538577 0.009939973941969002 -0.2808810592121212 0.05171347012645936 -0.009632078167896182 0.998615511634807 38.343681539318574
0.9987406924371421 0.006778237962231069 -0.049710006641558925 -1.2553259196691697 -0.006370598253844708 0.9999448097491981 0.008354216511972644 -0.28101065742584674 0.049763890001331176 -0.008027013502428014 0.9987287531187671 38.98102062009531
0.9988366188763577 0.0078195419893407 -0.04758427844070279 -1.2659362077477898 -0.007404342031430022 0.9999330198474035 0.008895590926633088 -0.2679847409516534 0.0476506506852425 -0.008532911691171608 0.9988276152106245 39.618303143860224
0.9989437206255563 0.01299558550900013 -0.044074457229200684 -1.3039476986981633 -0.012489421669416035 0.9998530791951916 0.011740288337925921 -0.2618986943324947 0.0442205536954689 -0.011177422832318398 0.9989592623574266 40.26725640293022
0.999038736719338 0.017401632995780333 -0.04023413604527283 -1.330387183503496 -0.01678334681457525 0.999736596966869 0.015654263151155475 -0.2625961374273047 0.040495947993978876 -0.014963951823769825 0.9990676445275789 40.87260543165357
0.9993454445487342 0.01674095299625155 -0.03206903416802882 -1.1030465669149008 -0.016350480518800725 0.9997894311878619 0.012399801282923027 -0.3232337642155437 0.03226986592003791 -0.01186734080697757 0.9994087361913913 41.714915613824566
0.9996011742921742 0.020272919552351568 -0.019659630884905365 -1.1069939718111839 -0.020075155496240258 0.9997463895514899 0.010205131579842064 -0.31271711873154195 0.01986153280863839 -0.009806391364003112 0.9997546470024068 42.30093558372081
0.9996137707925753 0.023958918770760635 -0.0140811737147583 -1.1328879616325402 -0.023779788979948653 0.9996358635000568 0.012753902954181292 -0.30549412945139465 0.01438161597033612 -0.012414129684824778 0.9998195129653403 42.86943282094822
0.9995690450668752 0.028255007964729933 -0.007961072101683151 -1.1405948797516345 -0.02814171636099516 0.9995058937958335 0.01400043098082767 -0.29519020519078953 0.008352720775438834 -0.013770359193015612 0.9998702962201363 43.41776455797577
0.9995014383627262 0.03156806612630809 -0.0005761179449503774 -1.1586971366761414 -0.031556758411063 0.9994017334484776 0.014154369599660535 -0.29441003025810625 0.0010225993483524746 -0.014129132359173282 0.9998996559202078 43.94470523931923
0.9993616053822544 0.035048925509172345 0.006924919382671727 -1.1629374548407845 -0.03514537469010667 0.9992793950026019 0.014335039627628257 -0.28029954341269286 -0.006417501515078215 -0.014569267101887572 0.9998732680347134 44.45215203507002
0.9991098989812268 0.03956811919720619 0.014621002049044571 -1.165052799766539 -0.0397766580159799 0.9991068574887294 0.01425849908214036 -0.2760573456558546 -0.01404376141930182 -0.01482738217593696 0.9997914390026587 44.935638376425544
0.99880227441391 0.04361037650064964 0.02218449203998425 -1.1515410349773414 -0.04387315892968133 0.9989709230247642 0.011499603322793301 -0.264346577752152 -0.021660160459503464 -0.012459133698708191 0.9996877549696939 45.39936459502357
0.9985976621651529 0.044510796051614746 0.02866178907784139 -1.1080267781748716 -0.0447713144931449 0.9989609943706272 0.008512410034956334 -0.2548664880371899 -0.028253115170667985 -0.009783698733038783 0.9995529204210519 45.8366606854053
0.9983371212804225 0.04475841834921947 0.03632734865628684 -1.0909533711920312 -0.045095235817029435 0.9989464828919516 0.008505529049173866 -0.24393313472535955 -0.03590838314552303 -0.010129575740181949 0.9993037474738091 46.25810100856658
0.9978326324889616 0.04755043623463174 0.04548619080605644 -1.9692210489254312 -0.04798232124617672 0.9988124419753907 0.008450006093822685 -0.23052364965046238 -0.04503037183920917 -0.010614224844667964 0.9989292286458382 47.06184218631805
0.9959117904780672 0.05134320210977336 0.0743207991337933 -1.9226232960283323 -0.052344661723572695 0.9985618315539792 0.011589001363669315 -0.2253217546938288 -0.07361889686633073 -0.015431920187628675 0.9971670441122227 47.44328360202825
0.9949701072912871 0.05442249393397148 0.08409921373456056 -1.906412618147524 -0.055605159295104914 0.9983833037925747 0.011783249466487353 -0.2198137077109004 -0.08332197703205609 -0.016400331162214243 0.9963877143367632 47.80660353540658
0.993934541660555 0.05939481902581585 0.09255475334586093 -1.8502350919694175 -0.06067343468872497 0.9980963920238719 0.011060133453185166 -0.19985682126813825 -0.09172165075430987 -0.016608663456757308 0.9956461676123123 48.112708495308695
0.992777059904311 0.06290210092081748 0.1021618080669095 -1.8342322590591544 -0.06441302679799127 0.9978564210766582 0.011555297261619135 -0.2047135229857179 -0.10121596369384635 -0.018052385322455657 0.9947006786353851 48.41154684043951
0.991783104881101 0.06127247237535259 0.11230296969098473 -1.8156384218436605 -0.06315043461124788 0.997916209161997 0.013238659303757361 -0.21477232522784118 -0.11125778840518571 -0.020221859972862764 0.9935858195940724 48.686830453206476
0.9905880672120596 0.05956379207701778 0.12323731484612117 -1.8005741120472436 -0.06153373512378769 0.9980299793461015 0.01223763735921432 -0.21459262773708818 -0.12226561470336518 -0.019705709828014246 0.9923017708647824 48.95431793152121
0.9890806737999813 0.05883157959900487 0.13512315107804632 -1.7463422650881784 -0.06055763778113814 0.9981268228956844 0.008695856630336682 -0.21099988532172137 -0.13435845050365477 -0.016783642574031775 0.990790652014947 49.21030040748654
0.9870732269136299 0.06003676608969508 0.1486002403356243 -1.6925607306466552 -0.06148285319933105 0.9980948394236269 0.005152696225681071 -0.21228641861915343 -0.14800778179806487 -0.014222455252729181 0.9888839255917757 49.46456113521503
0.9847558085367474 0.06153402092256529 0.16269468897981335 -1.6054624165580211 -0.06293573889921128 0.9980115463904302 0.003470740640280537 -0.2113961553970774 -0.1621576095110765 -0.013657142471362604 0.9866703563689189 49.70753257301998
0.9822118494396141 0.07128427018362864 0.17371941643005862 -1.7484781855340032 -0.07135501031911283 0.9974338493597769 -0.005846251251655102 -0.2510006041947774 -0.17369037199215207 -0.006653493497820255 0.984777835707883 50.10740528142225
0.9788165555591746 0.07057017336224777 0.19219261482922786 -1.6620296357797646 -0.07081329701084493 0.9974737978391276 -0.005612449629346879 -0.2511469113478675 -0.19210316897367194 -0.008116234102746532 0.9813411737078305 50.334610877126714
0.9751351502378565 0.06819137171704326 0.2108586626011382 -1.603308287616892 -0.06869186833969672 0.9976255999500089 -0.004958784970853091 -0.23833810343115247 -0.21069614613132923 -0.00964878996213187 0.9775039820162738 50.5793845019821
0.9680308205924535 0.06609908153339976 0.24196537314984293 -1.760762206234647 -0.06745703127124662 0.997718588265816 -0.002677230086696629 -0.24692799127313725 -0.24159031295805647 -0.013730624505388821 0.970281191529301 50.78080575979779
0.9627354443158953 0.06608345973993089 0.26224690771613784 -1.691092233747601 -0.06775432025298436 0.9976984458905621 -0.0026764070342517403 -0.24854604431078448 -0.2618201985044921 -0.015191689055463501 0.964997096492373 51.01010873448667
0.9566756753838976 0.0674025843832578 0.28324643642457464 -1.6049107714240967 -0.06907505735914723 0.9976030798193847 -0.00409042610352057 -0.2433600497650678 -0.28284322261562733 -0.01565205268760807 0.959038437533695 51.24399495494518
0.949490647833144 0.06787185107933534 0.3063672983666192 -1.5368424642832879 -0.06968180964620414 0.9975565417363172 -0.005038992310910616 -0.2398915528217287 -0.30596070839541917 -0.016563751692891843 0.9519000404706524 51.48448680967578
0.9419850792646918 0.06711592159003489 0.3288762130525894 -1.4342127495019077 -0.06897465144494803 0.9976002136889563 -0.006025869712898611 -0.22086733028232552 -0.3284914122176415 -0.01700784280469381 0.9443538136643442 51.71756478814156
0.9326914739697009 0.07009042937826668 0.35379930199732795 -1.3073076438211586 -0.07257285335650039 0.997343443872979 -0.006263858178589255 -0.22503410452409095 -0.35329845080317324 -0.01983397774415872 0.9353003891728698 51.94197792468141
0.9220772639254787 0.07188914107502768 0.38027026014033494 -1.1745727691982597 -0.0751658192726924 0.997151478259689 -0.006247320832360949 -0.2329206034179971 -0.37963616656578986 -0.02282281314852 0.924854312978655 52.17020984320209
0.9128153849631753 0.07800675301639835 0.4008528650993637 -0.19017926663387716 -0.07610457576259815 0.9968851214582839 -0.02069174142254779 -0.3554281013622499 -0.40121835267410805 -0.011618997329427635 0.915908746752936 52.06686404315466
0.9022878170809927 0.0767766582846568 0.42424290199113307 -0.07720139597304465 -0.075747837566656 0.9969398652463799 -0.019317613374991046 -0.3742308512545855 -0.42442780334374003 -0.014705435225495988 0.9053423606148319 52.31174805292753
0.8872176904134541 0.07248861268958712 0.45562064357067444 0.05901981648851738 -0.07219264991595888 0.9972268471274429 -0.018078624570788505 -0.37626613902991063 -0.45566763228863244 -0.01685278607823468 0.8899904451654935 52.54198756069869
0.8718753900183533 0.06997201285643985 0.48470323054128966 0.264404335735061 -0.06965692878167798 0.9973959639586226 -0.018686983484621618 -0.39069019991904413 -0.48474861170822214 -0.01747021739614273 0.8744790305954072 52.71242609096227
0.8525909713828124 0.06713112172962289 0.5182490212357708 0.4163425817599175 -0.06619647969401835 0.9975996558039129 -0.020321240514153828 -0.374399579982877 -0.5183692328761722 -0.016980554621012365 0.8549883035294293 52.938473336153244
0.830808945692405 0.06800761340937593 0.5523870565788404 0.616393294260328 -0.06645373278533824 0.9975275404891031 -0.022862794331740925 -0.3857379818200097 -0.5525761460254769 -0.017713567797633598 0.8332741639817651 53.1452639915221
0.8060124228628311 0.06979668565686316 0.5877689995756037 0.822577635155231 -0.06803951543425817 0.9973660201055712 -0.02513257404734147 -0.3936811255643704 -0.5879749982186829 -0.019734351017725565 0.8086383350173606 53.36418949078585
0.7786585064981425 0.07374353177950999 0.6230993674998928 1.032682682323291 -0.07188397723654781 0.9970152245063262 -0.028166219470418256 -0.39932605453429376 -0.6233166322782807 -0.02285899436293482 0.7816353640297872 53.583712434975986
0.7485966233360243 0.07849615391340864 0.658362703493071 1.2662662188819955 -0.0765533221121146 0.9965590963741472 -0.0317735158196557 -0.40862818847859744 -0.6585914396676452 -0.02661430545299972 0.7520299158555814 53.81190859155477
0.7159040780106906 0.07905394565386561 0.693708746351247 1.5313256331499492 -0.07848558975969439 0.9963837306080136 -0.03254955575320016 -0.42538688523835927 -0.6937732794564345 -0.031143780377683516 0.7195197715532567 54.02853731729302
0.6909487499106662 0.08542901809644239 0.7178382184475591 2.0602880382027196 -0.07355683349526475 0.9961473025118123 -0.04774875856595071 -0.5038434909595768 -0.7191517345060344 -0.019809961269954542 0.6945706214572034 54.43058752471111
0.6423740078185538 0.08528314309724451 0.7616314197711278 2.394321537359624 -0.07423706444858591 0.9960401043880648 -0.04891797944180838 -0.5196892387201313 -0.762787317894828 -0.0251176422871971 0.6461614439942598 54.63303282401328
0.5996935009291238 0.08456216184923701 0.7957492982885715 2.7285964292726064 -0.07564393279489852 0.9959386204952009 -0.04882888118150694 -0.5313187486212783 -0.7966465341509318 -0.03091124373913838 0.603654532523204 54.852082143699
0.5535962449416146 0.08240652752629268 0.8286979919172013 3.0835122294387136 -0.07504315846884106 0.9959800864580032 -0.04891003727384618 -0.5378285885379168 -0.8293972039701871 -0.03511170175549727 0.5575548820037979 55.057443990892786
0.5056643980218141 0.08011947782177736 0.8590019708049581 3.466129253286847 -0.07609217545641803 0.9959399943590803 -0.04809894458660655 -0.5561240136907665 -0.859368080281986 -0.041041404820028715 0.5097078630773244 55.24855470039726
0.45771024526127096 0.07939120941197521 0.8855497542492862 3.8743562007766372 -0.07899586943406517 0.9956975517658031 -0.04843591663158243 -0.5677216029916541 -0.8855851082731819 -0.047785157483149064 0.4620125482376936 55.41088357476779
0.4082113155785996 0.07982506173315004 0.9093907198519716 4.300776234068856 -0.084024410585018 0.9952263740496727 -0.04964234907597801 -0.5881839137012547 -0.909012332292268 -0.0561464506023302 0.41296992121137716 55.57609582015901
0.3600981164014509 0.08202942727887995 0.9293010920172349 4.747536051617914 -0.08976283443516908 0.9945516256255809 -0.05300657996587383 -0.6195359222278828 -0.9285860111579828 -0.06432913046057004 0.3654993609514175 55.69583278282337
0.30894062223323093 0.08091950077706903 0.9476326958944238 5.197661773310385 -0.08999338634075323 0.9943906724932223 -0.055573202835546655 -0.6340563294549939 -0.9468140695770564 -0.06811185544724914 0.3144898929989089 55.84462827549116
0.26114188803108207 0.0714243890038207 0.9626543881222343 5.673559152846717 -0.08939747950073385 0.9947624527946309 -0.04955555638801057 -0.6644942171228319 -0.9611519156587461 -0.07311784437085313 0.2661593054170414 55.95525265223285
0.2050099715594363 0.06946111567531174 0.976291997801037 5.8584707712440265 -0.048901946179373754 0.9969596941862737 -0.060662738380993154 -0.8586268169882555 -0.9775374730520914 -0.0353061124616147 0.20778346229134576 55.99439684431856
0.15997328606380878 0.06137920985548987 0.9852112161072176 6.381894247921107 -0.04611677516764166 0.9974398763685687 -0.05465286889077309 -0.8711549443004375 -0.9860435034997617 -0.03669176511658387 0.16239434589463225 56.02947034831621
0.12269122556622727 0.057585565481688306 0.9907728124132249 6.896743040227802 -0.04406741049636662 0.9976466646121491 -0.052528048891975654 -0.8887090862152479 -0.9914660490915466 -0.037216061538093974 0.12494013871607039 56.059308686024956
0.09038678109866301 0.049514089034086835 0.9946751151957848 7.430183717892469 -0.041672464226332195 0.9980766038198974 -0.04589660807340676 -0.9126407379695746 -0.9950344896172834 -0.03730211648771687 0.09227630561313845 56.07356906009375
0.061420697187305744 0.042650295119188414 0.9972003059983846 7.982996761345036 -0.04250205773056471 0.998292159708505 -0.04007915858892407 -0.9388836054507986 -0.997206635079056 -0.03992137511126787 0.063128525751299 56.073065363247245
0.03669631564651891 0.035749993161913476 0.9986867969523254 8.549574927593861 -0.043545922637247686 0.9984678617808092 -0.034142079792077056 -0.9549981492937599 -0.9983772498608138 -0.04223584946204784 0.038196858255324255 56.07413787721406
0.017036675906826663 0.0297718978843967 0.9994115197306896 9.127572371151288 -0.04220168262980932 0.9986872501030033 -0.029030922563957555 -0.9353028384275023 -0.9989638480231698 -0.04168225735325126 0.01827073519808931 56.06579004544782
0.0012652924788270647 0.02714383370748765 0.9996307374858996 9.710855807807187 -0.04011347962796667 0.9988283411130696 -0.02707127151520404 -0.9397660068109375 -0.9991943293409342 -0.04006441414738949 0.0023526436080998302 56.06540570364051
-0.012060697641857748 0.026861739096137708 0.9995663992677637 10.316355451380836 -0.040651246164127235 0.9987995086345347 -0.027331625211748242 -0.9575463642637441 -0.9991006034217451 -0.04096325822176353 -0.010954255710083212 56.04444034433535
-0.02389776662436001 0.026433666920258888 0.9993648773113433 10.918064604372537 -0.039831610794396406 0.998831424091267 -0.02737204832187728 -0.9707667037263553 -0.9989205871999489 -0.040460443657482074 -0.02281694473737392 56.038677701140145
-0.02385319299190327 0.06609354447794644 0.9975282795803 11.475889361883757 0.016393248846369213 0.9977038836548772 -0.06571317928875814 -1.131900301704448 -0.9995810555309421 0.014785260170764234 -0.024881911207356538 56.0021413479016
-0.03091751686064518 0.06217289783819049 0.9975864062453808 12.106135170238584 0.018905868304053337 0.9979213609356724 -0.06160783661162739 -1.1548767376876279 -0.9993431219030033 0.016955475891201173 -0.032028683120936735 55.97060324060294
-0.03591041406916849 0.06216782504328783 0.997419472283737 12.745395154666134 0.018591174964508808 0.9979320490363383 -0.06153042921655999 -1.1835742247300693 -0.9991820706832263 0.016333616731214654 -0.03699192600633158 55.95947192140469
-0.03981512111605075 0.06464373312506574 0.9971138068937617 13.399158266356364 0.015727126805969674 0.9978220090014802 -0.06406165650901206 -1.2228424277037948 -0.9990832866247656 0.013131112668200199 -0.04074506432872406 55.959458963128576
-0.041986241198088914 0.06649951141018849 0.9969026885971676 14.060637318534933 0.009316497268013134 0.9977652226992808 -0.06616466768986451 -1.2469004860326778 -0.9990747511716584 0.006509635478372396 -0.04251195381569416 55.922107588337944
-0.043206891108278744 0.06480959587044198 0.9969618251687807 14.741532529028746 0.0038361158318135115 0.9978971178742269 -0.06470414479487567 -1.2788701597690482 -0.9990587814418539 0.0010287961028371633 -0.043364649226028784 55.891995739366834
-0.04460652936257045 0.06180990233778936 0.9970906646394898 15.426522646624484 0.0002908607867026853 0.9980848854842865 -0.061858522192347394 -1.3342826849798435 -0.9990045910496252 -0.002469279411367197 -0.04453908082751246 55.864094840658964
-0.045217090558441156 0.05956592947170916 0.997199736646375 16.116673960742602 0.0019347487043610344 0.9982240820978749 -0.05953938752882338 -1.385688078835814 -0.9989753107404008 -0.0007628669792191215 -0.04525203382270592 55.85473610609126
-0.042700753022340394 0.0586604009681842 0.9973643281417164 16.80505100750592 0.009042500403694842 0.9982566509081785 -0.05832574135007636 -1.435234334359409 -0.9990469853203976 0.006528114263617637 -0.04315674740277456 55.75167637534137
-0.04131364885207409 0.05790145059618167 0.9974670944133375 17.508418880373355 0.017188041034312967 0.9982128898107279 -0.05723283900976927 -1.465258998784543 -0.998998375205851 0.014780007935496484 -0.04223502931804791 55.74702826120997
-0.02982466534651533 0.07232595872998941 0.9969350254809772 18.366503613578192 0.028139139586946985 0.997044168884407 -0.07149205632032506 -1.6151342124687087 -0.999158985427382 0.025920667186437867 -0.031771698921134794 55.63220381386092
-0.030109678481278896 0.07272368212198184 0.996897523981465 19.104358808818272 0.024500826114535974 0.9971037528911989 -0.07199871866909587 -1.6533304213514475 -0.9992462743395439 0.022256954618890865 -0.031804263702110126 55.60068883636968
-0.027331157792469182 0.07291371170247717 0.9969636896394429 19.841354014767994 0.01795717005449716 0.9972111388217049 -0.07243952411185388 -1.7064743445880477 -0.9994651308861938 0.01592279044910196 -0.028564258907889672 55.57693047893102
-0.02702302803526085 0.0747806943752217 0.9968337894075249 20.57639338525694 0.016878804620395017 0.9970899266450216 -0.0743423441761948 -1.7540367634386427 -0.9994923020766057 0.014816407519537313 -0.02820659777114154 55.5873081608839
-0.02254100059941907 0.06580455886143455 0.9975778983743718 21.30050139065939 0.022180399495250146 0.9976187383116122 -0.0653060705277678 -1.8061906081401151 -0.999499841505844 0.020654612138663497 -0.023946895982429113 55.53511104664133
-0.01997586396689179 0.06431626981844542 0.9977296138210073 22.02949587894762 0.027790099981162907 0.9975788828927102 -0.06375015881995466 -1.8555487738075644 -0.9994141660001689 0.02645354122179768 -0.021714855629578773 55.535224062511105
-0.01886444140915679 0.07003522436035024 0.9973661314678358 22.766522055943245 0.029213992539000925 0.9971563313661018 -0.06946793113680486 -1.888409715402953 -0.9993951548262839 0.027826573006607958 -0.02085680571075596 55.5552028193281
-0.014292715435709674 0.07363912871155104 0.9971825294338433 23.495319124517547 0.025118250795674285 0.9969961200290157 -0.07326534053735179 -1.9450829429987893 -0.9995823086481872 0.02400032019978341 -0.016099467937433064 55.54389307338302
-0.009450239687729036 0.06807888731257092 0.9976351828560011 24.237286524658245 0.021677775693722028 0.9974592153652122 -0.06786153346328319 -1.9877599453001837 -0.9997203444017816 0.020985203961312867 -0.010902027512575473 55.513991555283006
-0.006807244210775495 0.06410506540914593 0.99791993767794 24.97469401765103 0.022229320358588378 0.9977061554029066 -0.06393969649244821 -2.055470053024963 -0.9997297228464552 0.02174782885807851 -0.008216641486009797 55.50916283269491
0.0009975094783860388 0.06948233208512197 0.9975826835419978 25.543038823371024 0.034633687692042316 0.9969823026143898 -0.06947514627951056 -2.0903352618758797 -0.9993995760713985 0.034619269225709105 -0.001411930092909971 55.54576930003057
0.005168292519238106 0.0748041904245461 0.9971848483843724 26.273798254053464 0.03486153885139792 0.996578527207276 -0.07493939029835395 -2.1435026260386523 -0.9993787879784861 0.035150707024252395 0.0025428201562660646 55.596991381859326
0.008737140783813272 0.07522895695570696 0.9971280090370946 27.0104325132898 0.034156693851617626 0.9965617170632647 -0.07548552410260174 -2.198564042808511 -0.999378298061375 0.03471812378677741 0.006137527570227745 55.60935726920505
0.0130471558216456 0.07075032294189258 0.9974087244096989 27.749250276963217 0.03145497279295302 0.9969709141879864 -0.0711307314018714 -2.243327395982429 -0.9994200100115865 0.032301518026068905 0.01078218538382932 55.56548207596095
0.016042564566952067 0.0658196655312343 0.9977025647714215 28.483005180027305 0.03185961662645187 0.9972906503380977 -0.06630477793213357 -2.302399574934387 -0.9993635979714945 0.03285011990191892 0.013902110339760233 55.572759941226984
0.019982061577824572 0.06356047192695341 0.9977779229986611 29.218686590382607 0.0334737101198754 0.9973751580062324 -0.06420517831805687 -2.342668665632534 -0.99923982503997 0.03468228078523516 0.017802007011107693 55.57577545925568
0.023110227622370427 0.06298695433320255 0.9977467418954925 29.95356457039128 0.03362209677482083 0.9973997594684035 -0.0637438186872607 -2.3809969875162147 -0.9991673893736258 0.03501947167215415 0.02093238199767023 55.57737567025121
0.026268368417483968 0.060877187408102 0.9977995494456595 30.693539696372792 0.03240412076341032 0.9975675886982964 -0.06171611569288078 -2.4184013616352162 -0.9991295940858891 0.03395399876223025 0.02423180120875911 55.59087023924805
0.029901005693528326 0.058384015315514896 0.9978462990932786 31.434611763280007 0.03153727979252986 0.9977405466011914 -0.059322859432457874 -2.4615972094600034 -0.9990552186149687 0.033243171082091454 0.027992172738169552 55.60896982292287
0.03319859114092847 0.059744907457106214 0.9976614654176035 32.173401757162516 0.031559771322376 0.9976512470049209 -0.060794491391947814 -2.5027588435987216 -0.9989503663247424 0.03350425916906808 0.03123508023353096 55.62622374257551
0.027881578957518676 0.06869300836951218 0.9972481577601341 32.97621467094026 0.04520075884413726 0.9965289123961039 -0.06990721106261366 -2.634419921797684 -0.998588758676338 0.047025496911618156 0.0246798234488335 55.77709478937642
0.03012150657209135 0.06695954271430206 0.9973009147099586 33.718800411475385 0.04468967759097737 0.9966656893331578 -0.06826665674306165 -2.689406655948421 -0.9985467077501394 0.046625350889315666 0.02702867173588527 55.81414528329507
0.032916833310249013 0.06874984075848847 0.9970907388400052 34.46662830107545 0.04440867904735007 0.9965454706544309 -0.07017830251158642 -2.732912649917843 -0.9984710067448598 0.04658953008800103 0.029750031530815374 55.84517378957032
0.03525236670566626 0.06996271673308746 0.9969265213188869 35.21103485481125 0.045069965970719224 0.996420321488435 -0.07152091367061955 -2.7705542375816377 -0.9983616422965416 0.04745272586699074 0.031972957303708874 55.883732769816
0.04019075883832286 0.0722612399642529 0.996575644947652 35.966666180259594 0.04409071798288793 0.9962817551289584 -0.07401805850544743 -2.830434221371107 -0.9982187693545707 0.04691457764907488 0.03685526980305133 55.887544682145176
0.043394680106087366 0.07292789861681274 0.9963927053836883 36.71962740090285 0.04585087049309379 0.99613592950477 -0.07490599191448427 -2.881507648464056 -0.9980053103132847 0.04893599445196913 0.03988319236822657 55.928673529080605
0.046981597273941716 0.07311744755835609 0.9962161253363351 37.47472482433372 0.049643376435453426 0.995914090245475 -0.07543646350814545 -2.925666926641834 -0.9976613978167527 0.05299965766945062 0.04315983773421795 55.95599356292185
0.05107131218968103 0.07238956541209547 0.9960680056555737 38.23732737135295 0.052468039970009935 0.995797712631764 -0.07506011123794054 -2.969209938412963 -0.9973158104898013 0.05609515430760977 0.04705855724813362 55.979148372505335
0.0540641662471058 0.07823800161772561 0.9954676695055801 39.0008690477296 0.053842819788284285 0.9952469342896907 -0.0811448738012354 -3.0244084986444673 -0.9970847590276626 0.05798581628154267 0.04959464109066152 56.03794102294645
0.05586195751555832 0.08181564572366194 0.9950807212569996 39.76989033680932 0.051929423441115966 0.9950499705135866 -0.08472833742015512 -3.089157666916093 -0.9970871459825381 0.05640705891757446 0.05133679986779517 56.11698997704419
0.052151677736652635 0.07368409001459593 0.9959170936317812 40.73802439739254 0.016871316816201593 0.9970668699626977 -0.07465263218183399 -3.1294607020626906 -0.9984966505592996 0.02069569282507225 0.050755562457237974 56.23438670693509
0.07054414795095117 0.07641520085727288 0.9945774179357869 41.51713720737473 0.019867366652343333 0.996756025259515 -0.07799175502035147 -3.177253181312679 -0.9973107895396378 0.025261496131381202 0.06879713570366533 56.27175823875327
0.07404097183031667 0.07990644257366157 0.9940487387073353 42.30085816654272 0.019954812920089375 0.9964664316021109 -0.08158710763031164 -3.229657455542031 -0.9970555350288904 0.025876845352128617 0.07218482487944079 56.341395020099235
0.07705964223139165 0.07953599669733068 0.9938490009898548 43.0883470089084 0.017609985538895485 0.9965489659538044 -0.08111748803878976 -3.2836769721843027 -0.99687095451141 0.023752551142255354 0.07539307903080182 56.43826753571267
0.08121639662429742 0.07895306632203895 0.993564446947309 43.89375649599984 0.017715573068104035 0.9965857437329239 -0.08064126647792484 -3.346972043935912 -0.9965390385680998 0.024150956640322206 0.07954040421775468 56.52132713176934
0.08825841434661286 0.08117593273714103 0.9927844278801299 44.67206396654612 0.020689220873290257 0.9963094374191832 -0.08330342759530772 -3.4102857744160557 -0.9958827282550279 0.027892164737174836 0.08625322434318904 56.54877364588307
0.09444146733960684 0.08199506641404886 0.9921479820724813 45.46190015418065 0.028663887217142425 0.9959652334010458 -0.08503902296006807 -3.4797764683704746 -0.9951176768685924 0.0364700279703164 0.09171012072557445 56.62163260648481
0.1018215355500402 0.08338646116476046 0.9913017063400276 46.2654273478346 0.033090432316076446 0.9956454056847915 -0.08715072821211413 -3.547565277993993 -0.994252180378483 0.04167642298931744 0.09861885002091854 56.69607255561331
0.10955373315205254 0.08591109696127952 0.9902612094651383 47.08026329713053 0.03511678520706894 0.995301336590908 -0.09023336842361845 -3.610150367536179 -0.9933603530185656 0.04466019255737152 0.10602205549586867 56.79298260969978
0.11861087205664214 0.0878108609616134 0.9890504101041274 47.87361240330873 0.03317943788231757 0.9951751718508471 -0.09233364626965887 -3.662507727851639 -0.9923863088191897 0.04376791094874432 0.11512507997567913 56.891439991392375
0.113956760891142 0.09142901511065171 0.9892697265372551 48.593383188002065 -0.002233044422308448 0.9957774287442024 -0.09177323093469616 -3.770740071215034 -0.9934832007436296 0.008249096888830113 0.1136797354004292 57.05744057751238
0.122688120328844 0.09160119438724082 0.9882089082360096 49.404619729064216 -0.005932907279151343 0.9957812870727356 -0.0915665273284013 -3.8421093388671186 -0.99242754180917 0.0053711732979656625 0.12271399576254997 57.17950304822556
0.1292161096645951 0.09414378221566715 0.9871373487378927 50.21850393265333 -0.01226898497596605 0.9955586099109273 -0.09334091407245934 -3.9164474323044614 -0.9915405533869034 -5.002351189971207e-05 0.12979725916536689 57.30781364148228
0.13670858276276898 0.09490587724984935 0.9860545815838148 51.03055604160238 -0.019784745616442927 0.9954631235240635 -0.09306843473814355 -3.9773818404313084 -0.9904137151917314 -0.006785585247562967 0.13796604144846755 57.42594641670192
0.14356402834644943 0.09538133112581502 0.985033893547632 51.84993014114721 -0.023195075478816978 0.995395514178795 -0.09300407962162147 -4.069477360603684 -0.9893691718658268 -0.009495895186896535 0.14511536698822644 57.548712128925864
0.1504388806876761 0.09543556617853206 0.9840021320533926 52.63336165065253 -0.02095237759317699 0.9954138924822203 -0.09333906216899368 -4.141451564897254 -0.9883972587227428 -0.006575360186133061 0.15174855382437918 57.67582011297912
