0.9999969490931099 0.0007208677711634692 -0.0023626582759238763 -0.046913850455051746 -0.0007233696751199552 0.9999991784185315 -0.0010582526047211082 -0.02840108196092796 0.002361893474611127 0.0010599584514404195 0.9999966489680332 0.8587398123151099
0.9975842630885664 0.01827213542408588 -0.06702064685665571 -0.10515607812227393 -0.016248836050857956 0.9993992873947845 0.030611103896958897 -0.036269219788096496 0.06753971694516554 -0.029448148020579 0.9972819025797695 1.7171726218182544
0.9926971558724923 0.014323141234517278 -0.11977981611207011 -0.2318169571649687 -0.009199893288349012 0.9990233781438357 0.04321633817855286 0.006191576942056964 0.12028183024109762 -0.041798774470744045 0.9918594375044254 2.556807458988806
0.9889963953468307 0.00972179499881233 -0.1476198384126467 -0.37731827246978417 -0.005414312175809462 0.9995485384518639 0.02955341777870138 0.03301019086542417 0.1478405060010204 -0.028428963764805488 0.98860253833612 3.417983283735692
0.9894972862515585 -0.005082498412728845 -0.1444620666842552 -0.5596555983238083 0.004052504678785216 0.9999642358371906 -0.007423223852890133 0.04256080832415665 0.14449462864283247 0.006759826656527614 0.9894824945581125 4.345046010876139
0.9930163714608644 -0.02510347113501081 -0.11527489643314102 -0.7611754095741174 0.019391124781842847 0.9985402922057675 -0.05041100198682638 -0.008251466002239471 0.11637211990160176 0.04782364037371499 0.992053642264878 5.3127570777905575
0.9964178813907619 -0.03937345957017223 -0.07484073974928793 -0.9000488913913601 0.03361178736289121 0.9964840594896107 -0.07674481698053318 -0.09211489810488172 0.07759931310917956 0.07395437691293 0.9942379477471186 6.2494728025163555
0.9981018639664636 -0.0481926283782584 -0.03834240102894687 -0.9935026964430702 0.0451813492637073 0.9960940354544657 -0.07586381357899138 -0.18510648898533072 0.041848713545107274 0.07398745232829743 0.9963807214476742 7.122658892291683
0.9990410885752562 -0.04025488393145846 -0.017217655416252142 -1.049857240395976 0.039341058128859345 0.9979502455839745 -0.05047364147936874 -0.264001117239517 0.019214174030378867 0.049747880945332584 0.9985769694208738 7.9673447902102525
0.999907938027367 0.013232502096131155 -0.003002725118149795 -1.0694267177238812 -0.013256767908303269 0.9998784144830317 -0.008210624551276243 -0.3123811361547584 0.0028937129236786905 0.008249675094967256 0.9999617839129371 8.827516103175416
0.9935044600550904 0.02308861833925959 0.11142622471316478 -1.0740753357368646 -0.039942971496280115 0.9876513480176722 0.1514905072502021 -0.3228402991252515 -0.10655255453855644 -0.15495718912673995 0.9821582472591907 9.682534414372103
0.9831071510630359 0.024886050068809694 0.1813312274284081 -0.9834491984373568 -0.06947129730915286 0.9673110066951313 0.2438916873873219 -0.19641744676352169 -0.1693341914053497 -0.25236897756741905 0.9526992341671506 10.524800440321785
0.9826544016985326 0.023956479914600464 0.18389239759326328 -0.832010017183288 -0.06673420633915696 0.9708705228413584 0.23012382228276698 0.03625588451565489 -0.1730227514715341 -0.23840410010704352 0.955628909423198 11.335082800971419
0.991396629423678 0.012259965454923468 0.1303166006862332 -0.7121068770191122 -0.027863580086009334 0.9925513947167848 0.11859742725099474 0.25578677160779306 -0.12789192340473124 -0.12120817667471329 0.9843537137812961 12.153324279293932
0.9999611149849995 0.004656337830142753 0.007489127850921642 -0.5760690171043849 -0.0042697242591599495 0.9986978926678622 -0.05083589908246428 0.36315108512185995 -0.007716085322662648 0.05080194581690088 0.9986789395639174 12.98739522278707
0.9914238526313921 -0.018927689230425922 -0.12930772217437114 -0.5636671681051654 -0.00884699837501238 0.9774654550952858 -0.21090996826873384 0.3104949092556967 0.1303858698374961 0.21024515850730582 0.9689151140688009 13.845278280865188
0.9752387302066555 -0.04438411159207712 -0.21665518628247019 -0.695660070678183 -0.023530651649278273 0.953268520682387 -0.3012066332419883 0.11740638341558841 0.21989935774774363 0.29884641224916075 0.9286199945876328 14.679906822357097
0.9730071735594018 -0.03725908401914555 -0.22774723019171472 -0.9106198399931513 -0.0329344659710197 0.9543597328881751 -0.2968380386554508 -0.15619219813536708 0.22841269919412832 0.2963262743997996 0.9273717582216894 15.485785039345608
0.9868603431534422 -0.008795001482567998 -0.16133601910296394 -1.1356772754011548 -0.022842969675251845 0.9808938582755109 -0.19319792321295118 -0.43156684834462694 0.1599526862778048 0.19434476259036035 0.9678043456227144 16.29971472983133
0.9992431391520455 0.01305587509995223 -0.03664277531711081 -1.2945757540233793 -0.01391001384097873 0.9996351687312621 -0.023152558186191708 -0.6131448561068311 0.0363271299789785 0.02364473643320348 0.9990601914131574 17.164487438753206
0.9992193847758208 0.013886564707758172 -0.0369835694443926 -1.3451237827947653 -0.014834405834152235 0.9995652905291487 -0.02547882204748249 -0.6336044880537405 0.0366136790254491 0.026007562169432296 0.998991013582316 18.06906187879782
0.9992286181369874 0.012447590063344886 -0.037245485601086536 -1.3678231543811346 -0.0135402733699104 0.9994809887831244 -0.029230361923427872 -0.6742462794026226 0.03686230721365685 0.029712128209223934 0.9988785510482077 18.96714449324195
0.9992279885918207 0.013565935162862003 -0.03686993650521436 -1.4378395290392822 -0.014822240697506088 0.9993113349927546 -0.03401700950558653 -0.684701917595698 0.03638307292473658 0.03453724305955833 0.9987409327980911 19.88644195410762
0.999222941435393 0.015650951530951335 -0.03617403800205424 -1.4373386832346902 -0.017035435967744116 0.9991215640886897 -0.0382869964134113 -0.7373241065931075 0.035543033502883986 0.03887348568301431 0.9986118089028723 20.822550824643752
0.9994371956076081 0.01523676718560192 -0.029885330209463573 -1.5327148392026713 -0.016404622445308926 0.9990955357187377 -0.03923007608091433 -0.7901820280457531 0.029260560459837055 0.03969825478052169 0.9987831937757854 21.86317836454761
0.9995829676881561 0.013003216304491142 -0.025783852960270137 -1.6044330712342632 -0.013990174843517368 0.999161635383709 -0.03847468499158664 -0.8174969414287363 0.02526194203908455 0.038819360415810654 0.9989268699666249 22.95765683856125
0.9996568395789291 0.011461579407491894 -0.023554941743791413 -1.6249767937615516 -0.012222604266968275 0.999399510285945 -0.032422627671832294 -0.8706200066455451 0.023169182721897497 0.032699404240733906 0.9991966462785504 23.96634118075446
0.9996563976816965 0.01065323801303237 -0.023949845383492818 -1.6578067480834344 -0.0112480984196823 0.9996281134140326 -0.024841802556295492 -0.9146166900583181 0.02367629312195385 0.025102657073355662 0.9994044675464788 24.911243862186318
0.9995449133144682 0.009574912446530583 -0.028605721784537713 -1.6924087900953313 -0.010063587261069314 0.99980504245089 -0.016988269517941884 -0.9416834469249784 0.02843748368987642 0.01726841456001857 0.9994464024548652 25.842031448051937
0.9992436711721326 0.016113818303265682 -0.03538969457522752 -1.7220836932570143 -0.01653558377308922 0.9997953169778889 -0.0116575562776174 -0.9730504285399986 0.03519460316187268 0.01223392859109487 0.99930559435015 26.790547110463265
0.9999613591519623 0.0075516727905412355 0.0045002712165859715 -1.7636674154234766 -0.007145300732534896 0.9964114901971407 -0.0843391183292444 -0.9800496538180334 -0.005121023374275127 0.08430370360296925 0.9964269469852891 27.745939301275516
0.9995156962550603 0.007669210086559904 0.030158848724848877 -1.7638406553648636 -0.0036316169293182307 0.9912805006000067 -0.1317185654669799 -1.0937434810647695 -0.0309060560123543 0.1315452482868482 0.9908282713744664 28.694804752641467
0.9987504357675134 -0.008418941359411482 0.04926142994872647 -1.6954244920233648 0.014746380125919153 0.9914657705439929 -0.12953057597644305 -1.2373015700257421 -0.047750511278816105 0.13009514697325913 0.9903510192889274 29.65535232552461
0.9998355541701153 0.0034069462839774536 0.017811719017439366 -1.7371693290845753 -0.0017657976535429363 0.9958168358345164 -0.09135486537223036 -1.4260475710916953 -0.01804845079182294 0.09130839055393361 0.9956590938862895 30.652917434343575
0.9994167580201003 0.011366782166930859 -0.032201553561355116 -1.7449669736412017 -0.01203666068645005 0.9997135677633245 -0.020685773600322414 -1.5378932647262666 0.031957199315874804 0.021061307962566497 0.9992673109427691 31.702716179507842
0.9973863209975851 0.01597862315914051 -0.07046424830251603 -1.7669372660106397 -0.012664539792702784 0.9988037238289408 0.04723061186645333 -1.582128309128116 0.07113463374994958 -0.04621476893135659 0.9963955334172672 32.756762839724985
0.9952140335317463 0.021101861400658797 -0.09541351532619187 -1.860856346777126 -0.01277789308113031 0.9961241992022014 0.08702473908136804 -1.5454166342057452 0.09688009552989366 -0.08538905790088337 0.9916264195153929 33.77189500143522
0.9945080514061607 0.019448443262053045 -0.10283721963864259 -1.976000432109046 -0.010611545036185653 0.9962567538342593 0.08578971705028493 -1.4673183609515712 0.10412075105505475 -0.0842273025467735 0.9909917409874961 34.752649240898656
0.996241466573662 0.014983840814115976 -0.08531368467962712 -2.0781538541708495 -0.010805557655946547 0.9987290964140763 0.049228364787657936 -1.377810522136071 0.08594288919335683 -0.04812147639443244 0.9951372484771727 35.7519906731052
0.9987973618058259 0.002446156153049207 -0.04896780952622534 -2.1586414369855635 -0.0028213718260021985 0.9999671785649049 -0.0075948439064097255 -1.3223333401233512 0.048947624158290126 0.007723866455227419 0.9987714813590948 36.81173727143541
0.9968318451012926 0.045434774736790064 -0.06528364141627886 -2.213905366158466 -0.03433803216241108 0.9861880108435409 0.16203119087284754 -1.3373727924187284 0.07174379512658469 -0.15927613918310882 0.9846237552221445 37.85096693908749
0.9962010208549533 0.05958945914880209 -0.06350293226223577 -2.3159902239279053 -0.04097873471951924 0.9642138948181711 0.2619395127512456 -1.180939808488831 0.07683924354349231 -0.25834214018995433 0.9629927669789307 38.87708557174029
0.9954645367895885 0.07021695442548148 -0.06418672219003423 -2.384961167735837 -0.05107960079023843 0.9637011359459189 0.26205151203466664 -0.9213609889722749 0.08025727616484782 -0.25758435489709985 0.9629169588987643 39.87305871344184
0.9974626790968509 0.04880832623323367 -0.051826162304805294 -2.483731124980037 -0.04075483839101737 0.9883789065057406 0.14644514441332537 -0.6274254247995144 0.05837162801101106 -0.14396139921808165 0.9878602474938017 40.8597232465686
0.9991459240342604 0.024215342846484324 -0.033481930299057286 -2.5677128210059705 -0.025404030052565765 0.999045141150875 -0.035544918060345446 -0.47966624265833374 0.03258922740434399 0.03636513596366108 0.9988070480045343 41.86762855511719
0.9997735853233691 0.0007222165293422135 -0.02126632297651351 -2.607943133455543 -0.005206170295262737 0.9773508473982117 -0.21156137851898812 -0.5306849317064538 0.020631865657602725 0.21162419401685292 0.9771333208043844 42.886786105658395
0.9995803286087536 -0.018205989071373233 -0.02253239047129002 -2.6248640076609795 0.010203223160047013 0.9492514029731037 -0.31435277665505024 -0.7537203616065149 0.027112006483547543 0.31399094877962114 0.9490387890855198 43.870716053355984
0.9989764965399051 -0.027590879526069503 -0.03584275000380497 -2.6590639025190037 0.015119840091595949 0.9505237548055171 -0.3102837120862531 -1.0838390232460362 0.04263038583524558 0.30942419898482093 0.949968060139992 44.81868529901871
0.9988877042954886 -0.009338424505342701 -0.046218481531164465 -2.735832669775328 -0.00013596173838679217 0.9796179317523956 -0.2008698317407703 -1.4010954264297402 0.047152261045407685 0.20065268903485373 0.978527037266415 45.76399902222294
0.9982067892709864 0.012804610187347696 -0.05847433463716054 -2.7917239182012445 -0.013857800730674382 0.9997483413718767 -0.017641294824648573 -1.616985339496563 0.05823372916289563 0.018419985942755863 0.9981330256562254 46.736892263957635
0.9991680503674869 0.01467558112359496 -0.038050419754837764 -2.8078821038173256 -0.01768924903386611 0.9966286155134066 -0.08011549917743717 -1.6592223724023876 0.0367463956525322 0.08072193046822436 0.99605907071219 47.73555482761914
0.9996393135586438 0.010980687414912356 -0.02450851468163086 -2.8394612669510653 -0.013826807609993092 0.9927788234560031 -0.11915967056277217 -1.7376673252486348 0.023023079275369916 0.11945556580255351 0.9925725694474287 48.716185944685606
0.9998189434411247 0.008412121475452464 -0.017067997789832912 -2.856082543735521 -0.010432862304147503 0.9924763775025963 -0.12199096476161085 -1.8709958279885517 0.015913381803193242 0.12214694556806575 0.9923844456499592 49.68927441633114
0.9997614589864324 0.012287826227373374 -0.018056424117926895 -2.880032630672943 -0.013794089343793385 0.9962157823249893 -0.08581280875128736 -2.0254233423563353 0.01693364179661365 0.08604141080442268 0.9961476433753614 50.69592320772609
0.9995703900910937 0.01309487066092034 -0.02622135800285288 -2.911010355676026 -0.013667187660313449 0.9996696390002467 -0.021767426181678585 -2.13816613367022 0.025927653858337934 0.022116446900232775 0.9994191410724105 51.74076715567336
0.9993325067346391 0.010085236645232962 -0.03511166451864528 -2.9211441320730884 -0.00862572285204602 0.9991023524853951 0.04147392148604473 -2.172201808336846 0.03549842093304868 -0.04114337443575303 0.9985224508499041 52.785424014830944
0.9988822180749761 0.00020910711038203602 -0.04726807260542101 -2.955098274928151 0.003683856261091863 0.9966043323488021 0.08225712094794627 -2.1217856251266385 0.04712476648921014 -0.08233930421016328 0.9954895757191651 53.787448081826376
0.9982436671286014 -0.007000748690979256 -0.058826614345934315 -2.98770918226023 0.012002205944254066 0.9962999268214058 0.0851023082421059 -2.0551607891728754 0.05801317169498029 -0.08565888940109179 0.9946341169377115 54.75194315057956
0.9980242291714325 -0.00033274316840523847 -0.0628293503766534 -2.9911487900449623 0.0034744385008373974 0.9987481258201835 0.049900996460765124 -2.0034562764174817 0.06273409171951312 -0.050020700241572576 0.9967759845037764 55.71204515852285
0.997461571418078 0.0154510292573347 -0.06951028153494354 -3.0285115027056855 -0.015568386994804503 0.9998781475509787 -0.0011468986017930472 -1.9597407272972296 0.06948409077305487 0.0022261502446555086 0.9975805758857426 56.6739094999724
0.9909156410673798 0.04884760385110015 -0.12530005541111883 -3.1069743465468065 -0.024786604097911183 0.9820781191580207 0.1868373413649909 -1.961371194961062 0.13218099918413725 -0.18203428102709307 0.9743673352415054 57.63095612670474
0.9833394907245255 0.07540321741151156 -0.16540193706732723 -3.233682630389672 -0.023410718343900173 0.9548633150614193 0.29612157607398365 -1.8003887547976078 0.1802647615266344 -0.28731586164691586 0.9407200494290725 58.56851875074624
0.9804872728174129 0.08237455844824244 -0.17849128820065632 -3.39551202020049 -0.028983507381876463 0.9586236401327267 0.2831972331759713 -1.5370214212644162 0.19443421546352732 -0.27249797925698027 0.942305782194901 59.46726186497833
0.9859517050966663 0.055995836052725456 -0.1573648676221384 -3.584635300674746 -0.03144728086409002 0.9875137647754151 0.15436201898569912 -1.2939478109237326 0.16404360317681368 -0.14724479863085982 0.9754017969703181 60.355028614152
0.9938232417111375 0.02712434733630239 -0.10760870790203504 -3.7365852923770846 -0.032553608816766735 0.9982670529919361 -0.049021969195444146 -1.1634836514198583 0.10609253879406798 0.05222222412320045 0.9929839940904664 61.25632619138667
0.9986254631724685 0.013576895036216076 -0.05062462073683464 -3.8291003364856278 -0.024985659250651843 0.9723731759212993 -0.23209076582349802 -1.2346725525415805 0.04607495127922666 0.23303663804196798 0.9713758408539476 62.16236360110278
0.9998223588199201 0.01634599446796535 -0.009383990016186016 -3.8772278548422383 -0.018511834510042402 0.9452511364432834 -0.3258183558913708 -1.4663477399746243 0.0035444021842106575 0.32593419200436197 0.9453858152604251 63.04102270770873
0.9999428506737287 0.002282481155624834 -0.010444408373464968 -3.8604640457361703 -0.005397689580758277 0.9510697322127535 -0.3089291656932889 -1.7792777415068237 0.009228235675754051 0.30896788627385857 0.9510276993430716 63.88230612374672
0.9993501180541583 0.003962619923480758 -0.035827910746824634 -3.8784538953333363 -0.01082593113210949 0.9810478371188869 -0.19346302101299911 -2.059664302260489 0.0343822739251379 0.19372516338280718 0.9804531708919304 64.7183239921753
0.9971828676112221 0.015893848239337295 -0.07330562141340205 -3.929420089656579 -0.01698155627834529 0.9997544138401279 -0.01423863594406792 -2.245201685926665 0.07306131184851188 0.015443367357128628 0.9972078755784309 65.56449075592839
0.9994260738229619 0.006078384096429813 -0.033325308844719286 -3.997965628882398 -0.0074838241869634396 0.9990806405040806 -0.04221215637106377 -2.264299840944889 0.03303808920561655 0.04243733046190334 0.9985527315294417 66.416421585189
0.9999360012905132 -0.001403721129555914 -0.01122599172140994 -4.017228190819786 0.0006817619583433619 0.9979459165277907 -0.06405843337250768 -2.3171323214942423 0.011292852773807076 0.06404668026133976 0.9978830062806615 67.25732362532153
0.9998043064913055 -0.003704479878299476 -0.019432589901283992 -4.007468963813413 0.0023717370326569206 0.9976713892385757 -0.06816284881237403 -2.4017159946953575 0.019639846865190515 0.068103420792218 0.9974849374760055 68.08137643734358
0.9995908943416105 -0.0060041500214508174 -0.027964157985879565 -4.080031934611577 0.004158116921482242 0.9978366398192419 -0.06561059592712025 -2.4528715937580396 0.028297597300947688 0.06546747602256006 0.9974533851615466 68.89278924701598
0.9990298788337705 0.0009360484820267962 -0.044027548314901924 -4.126876301920504 -0.0029767996614086445 0.998922727367388 -0.04630899926228884 -2.5288126788220806 0.043936771173557626 0.04639513511283406 0.9979564377149458 69.69209732733393
0.9976089945800102 0.008640011470170511 -0.0685685360413652 -4.181304091270452 -0.009982771210689599 0.9997645878040009 -0.019264299936702683 -2.5774695506252905 0.06838595039930132 0.019902742898694602 0.9974603965136123 70.48234236713357
0.9951054068723096 0.01982359187473194 -0.09681040449599976 -4.240112601886356 -0.01942033569490396 0.9997983693430805 0.005105998473809865 -2.612090719816162 0.09689210378040235 -0.003200916134698207 0.9952897439243041 71.25556022335627
0.9921328989943544 0.028995639652799422 -0.12178490716908721 -4.32368834187204 -0.027156234759863337 0.9994910797702741 0.016736796985046945 -2.6203487171753332 0.12220822250047404 -0.0132979073833627 0.9924153948889035 72.00416930384674
0.9934703472756218 0.025594129212768706 -0.11118277579686443 -4.492779564162609 -0.024741788214012576 0.99965300721544 0.009039307556469211 -2.600016372381199 0.11137554938148979 -0.006229423325444559 0.9937588647579471 72.7146929090802
0.9958206408125927 0.019646977220283718 -0.0891921948250142 -4.598166350880516 -0.02030631888810625 0.9997727348650945 -0.006490919317316558 -2.596899135809496 0.08904439760485876 0.00827495658447985 0.9959932832849391 73.4194870240601
0.996207184220839 0.021615353073730303 -0.08428536419975446 -4.657275305681595 -0.022880955642990978 0.9996390621083991 -0.014078614132911981 -2.6243159731130987 0.08395062820283569 0.01595374622268788 0.9963421952350566 74.11962896114903
0.9972273553518322 0.021875448843851193 -0.07112711491316553 -4.717194422408311 -0.023092442317809787 0.9995999062094915 -0.01633299157456712 -2.6444500339184556 0.07074136587449548 0.01793020479125384 0.9973335284198332 74.80157253908932
0.9983407192970374 0.018324491696755776 -0.054589570409827204 -4.786551889156246 -0.019714993016191982 0.9994919491415275 -0.025043215680937352 -2.674809877612318 0.05410293193391143 0.0260778949558045 0.9981947786633774 75.46198031837511
0.9991774045283303 0.011886606770571304 -0.03877141807454739 -4.860572848577195 -0.013494177897688538 0.9990486977323199 -0.04146814105094644 -2.6982260066330244 0.038241619250432714 0.041957217958742965 0.9983872847839498 76.09604180384649
0.9987126498240273 0.006974695086249651 -0.050243374786366285 -4.979643020960687 -0.009188862338491657 0.9989904364084972 -0.043973546289609484 -2.680583610060721 0.04988594882723659 0.04437861639138857 0.9977684754073924 76.70339908575065
0.9968984958318791 0.006698607370492351 -0.07841248412997075 -5.078668761105279 -0.00961194152640727 0.9992751082985989 -0.036835696205125744 -2.683689931232078 0.07810889570484178 0.03747514635220753 0.9962402390074652 77.29684350226634
0.9956281255991081 0.012416574345056214 -0.09257680161649444 -5.125880414030084 -0.014723176592656676 0.9995969113737591 -0.02427432477047463 -2.7028095128406706 0.09223808100252041 0.02553122506999465 0.9954096106424718 77.88388053049354
0.9934265270706539 0.023990775474815266 -0.11192934380427719 -5.192439649191043 -0.024795055858411658 0.9996757362518227 -0.0057989270002477495 -2.715804451814435 0.11175392842006637 0.008536102242414781 0.9936992474794322 78.45747287746362
0.9934362159101532 0.023927159245255472 -0.11185694421254334 -5.21820203504681 -0.02499071183978197 0.9996547415276213 -0.008115544534124339 -2.778661305921954 0.11162414272842966 0.010857660512125052 0.993691180381685 79.01525870765559
0.9965969785604973 0.01770303544056863 -0.08050506108486177 -5.215516911460404 -0.01849999258427916 0.999786860001821 -0.009164324420292679 -2.790762080455174 0.08032566587628746 0.01062248106087875 0.9967120699066718 79.56406555691979
0.947681635321184 0.04173795145232606 -0.31647663655241576 -5.229825019822424 -0.04566542482837241 0.9989442769978695 -0.005000042844585808 -2.8092979049756353 0.31593383334206354 0.019190488836053527 0.9485871273046153 80.09012770783745
0.9049663197832041 0.05718958027978348 -0.4216222384617132 -5.41809016688485 -0.06899195390427564 0.9975354013618596 -0.012776279830372002 -2.816076599679552 0.41985243878595474 0.04065064497958016 0.9066815619103709 80.56097233989223
0.9094531258364158 0.06825068202140666 -0.4101668639834105 -5.604810557080405 -0.08751778828903575 0.9957591986939799 -0.02835938908577978 -2.8261341642175224 0.4064918801641285 0.061688431816151384 0.9115694645723362 81.0209066575341
0.9619688819514444 0.0696176359390062 -0.26413870394804295 -5.805195495933634 -0.08410288664108091 0.9954887237503394 -0.04391930491888279 -2.848087090435572 0.2598895431057691 0.06446383212456655 0.9634842187249827 81.45862630291049
0.9977581976347025 0.06369507328675561 -0.020530871675231724 -5.927756838770394 -0.06479476083990962 0.9961944953447378 -0.05829379394534254 -2.8728120224567943 0.016739713869983443 0.05949340370022524 0.9980883312090736 81.91050711033638
0.9848706211004418 0.04217984812976176 0.16807950530918203 -5.819427191517787 -0.03499918838257798 0.9983529181619698 -0.0454588562333066 -2.931269777639014 -0.16972011226071562 0.03888844570344584 0.9847247190382595 82.34805495368403
0.9481784620750145 0.030206259057257264 0.3162992032408966 -5.7158685498153385 -0.028559100143962544 0.9995436418997836 -0.009843055251515617 -2.982503830356861 -0.31645217941424775 0.00029975236968914467 0.9486084167307866 82.7817085709792
0.9267580858097281 0.021511246792406787 0.3750422864794384 -5.5492847259312175 -0.026401618439221102 0.9996201579176709 0.007905341766153711 -2.982426951627428 -0.3747297758786705 -0.01722806274907547 0.926973995818564 83.19388629944086
0.9430701963408207 0.02199649637527215 0.3318655735699302 -5.345970657415408 -0.025030636066467337 0.9996748205771566 0.004870355442644724 -2.967597946998197 -0.3316505269584145 -0.012899893458562892 0.9433141156141807 83.57500914420449
0.9827337425092276 0.04534143346651385 0.1793837945440105 -5.144592505514982 -0.044994376767850904 0.9989691916277981 -0.006005017716827101 -2.9769891232696795 -0.17947116033802946 -0.002169928503068271 0.9837608418803908 83.95814342285415
0.9561737484531802 0.2114888773600328 0.20249498147358894 -4.999065775440279 -0.19941649951872037 0.9767646201678556 -0.07851074135457539 -2.9877532498575543 -0.21439408221472975 0.034689069479271084 0.9761310598326266 84.3713887270703
0.9209663167552524 0.34770727400393764 0.17584281335048763 -4.84805154424346 -0.33246565060041045 0.9365928669958584 -0.11072665741962918 -3.0383924163036142 -0.20319358890749822 0.043513826506399955 0.9781712080866325 84.75592836944456
0.9282326527786174 0.31867694809495045 0.1919092104836515 -4.60503949742097 -0.3078530006368013 0.9476634646025042 -0.08461966589686462 -3.117479873222068 -0.20883168417289538 0.019466910655455347 0.9777578263941668 85.10130680957035
0.9616087268416721 0.19847498757989102 0.18951605675273406 -4.433990339493302 -0.20138665747296589 0.9795037907265091 -0.003967133003417993 -3.1931835069248087 -0.18641907266642452 -0.034351175490261676 0.9818696074778096 85.49212299150201
0.9577600482257278 0.07935010767337872 0.2764041433026583 -4.066910403384247 -0.09745233599274923 0.9938618237550138 0.052361412241411706 -3.304130515846454 -0.27055264225693587 -0.07708589815642021 0.9596140016033567 85.76351127922473
0.9369276296676476 0.011353935355128172 0.3493389541939379 -3.8841551561824863 -0.05112421288337841 0.9931745861647505 0.10483585385512362 -3.2963366459239047 -0.3457642717552203 -0.11608328711933187 0.9311131718696457 86.15548497682066
0.9121108471302543 -0.01596111953678188 0.40963281754573955 -3.6998505856543025 -0.04125971575428369 0.9905934867417536 0.13046907633875962 -3.2550154170988335 -0.4078620335397798 -0.1359035933592109 0.9028725130985263 86.50315163309338
0.8749459102635869 -0.006129459116860775 0.48418187062710044 -3.483730977251981 -0.06324591223425949 0.9899072839085454 0.1268208336609667 -3.1879459648973194 -0.4800725035853233 -0.1415838938429828 0.8657276663625674 86.82305596885695
0.8169968432372792 0.023191195629332376 0.5761756039486617 -3.255027044470808 -0.08171757417839663 0.9937632790815427 0.07587346848206086 -3.1642631774570154 -0.5708225610561662 -0.10907205689076455 0.8137965901838722 87.1218102028867
0.7151889770887251 0.0014338168174340797 0.69892966113917 -2.980738704515344 -0.00022222910609135746 0.9999983117370798 -0.0018240441929901503 -3.1477474392539353 -0.6989310965073786 0.0011492137867335737 0.715188088297523 87.40532532811137
0.6468781131347615 -0.165193260199065 0.744486328640101 -2.6733590776768446 0.14196093769602314 0.9852766605986346 0.09527326092912095 -3.158380148181578 -0.7492635043265334 0.04405779005359228 0.660804897242685 87.64279205106783
0.5965869086299982 -0.2909907652739434 0.747936116908784 -2.368473525202401 0.26279202225328785 0.9514033195307056 0.1605368388438714 -3.1143703046334297 -0.7583036420137583 0.10077746827163203 0.644064816922511 87.85594703162815
0.5870230134288272 -0.36059391600477975 0.7248282620354113 -2.064746365263653 0.3758744638856513 0.9143714389543665 0.1504767723710126 -3.0394306155085777 -0.7170232695691345 0.1841111060334536 0.6722951223469682 88.08269196661526
0.625258234398854 -0.23393589750174404 0.7445308161362302 -1.6435368883855215 0.27331394425899946 0.9592363945843181 0.0718681235212433 -2.9131889574949255 -0.7309935897051448 0.1585545179581147 0.6637083972988849 88.20144003042819
0.6344211263803908 -0.00640919364203596 0.7729610317726846 -1.1262251526969818 0.07398277842804203 0.9958784887023099 -0.05246507634677801 -2.855761239957073 -0.7694390053138073 0.09047075757870533 0.6322805224936405 88.31438710172196
0.6029265299686769 0.14843889807181343 0.7838657365895989 -0.6925976549639837 -0.03791085671374972 0.9867590097429395 -0.15770042369747714 -2.8863528100177662 -0.796895455127685 0.06536474761184419 0.6005706314551875 88.50656615048007
0.5595374276351475 0.2084346422166989 0.8021676053041774 -0.33181939755361856 -0.06328185140998319 0.9757792262179332 -0.20940465363419053 -2.9679531528904484 -0.8263856692595591 0.06640709002454342 0.5591751282352464 88.68802383273285
0.49312523220918764 0.1727930524746498 0.8526253962761883 0.013848944597022371 0.002004726536588481 0.9798478197821852 -0.19973540281985705 -3.067790965903432 -0.869956025572643 0.10020384765362246 0.4828412808421222 88.827508254699
0.4049573163563523 0.08458024652814605 0.9104151546556637 0.3682700843225783 0.06784293694850355 0.9901879879532157 -0.12216826273367304 -3.131550125063896 -0.9118151719705386 0.11123816975481249 0.3952456979575319 88.95332597768393
0.28992956565480177 0.007793384661871886 0.9570162538404082 0.7391194177914001 0.019296186998227046 0.9997159713338456 -0.013986916291855892 -3.1905160841019207 -0.9568534392092392 0.022521985159795074 0.2896968347392053 89.06427986675732
0.2147054576563461 0.14363226799195267 0.9660596969359948 1.1218155295744263 -0.06238515490760187 0.9891242574901475 -0.1331964552520736 -3.205881373739966 -0.974684389379318 -0.031669777960243645 0.22133089767182346 89.1609585685691
0.16534391457855158 0.22934253967122598 0.9591993481070514 1.5046792517538232 -0.08791061891250328 0.9721418091185825 -0.21728328524318247 -3.2720852280591863 -0.9823100900399321 -0.04839733939796467 0.18089937685060398 89.21368649046774
0.15767845157341462 0.24319867498539793 0.9570746629154689 1.8962916553959748 -0.11516061352371848 0.9671143650052106 -0.22677706694771899 -3.368470086160179 -0.980752537086829 -0.07445944860067358 0.18050000418790166 89.28251944077196
0.1475638594852194 0.16125941536869037 0.9758177638928147 2.341226264117694 -0.06849666618548161 0.9859161062689797 -0.15257010887092698 -3.487105513990037 -0.986677816764572 -0.0443264295241555 0.15653131811346566 89.2994753750955
0.11719992091193433 0.011852133021434843 0.9930376153404662 2.8672594505697186 0.027724513322283095 0.9995000100806227 -0.01520135552762408 -3.586532691644837 -0.9927212750310531 0.029313082261626544 0.11681272751307613 89.29008199371029
0.0747375367710772 -0.13207788776545648 0.9884177923129509 3.4073201333421324 0.09912460889845734 0.9872648151393121 0.12442868117386877 -3.597979494863087 -0.9922643863951364 0.08867703395668924 0.08687790939315049 89.28692236200753
0.04241248644194909 -0.21325195428568106 0.9760762188411037 3.9119459850663456 0.12604044456258276 0.9702921162794774 0.20651153822573978 -3.532893406233912 -0.9911180491385868 0.11426641273459287 0.06803087234844044 89.29024519255768
0.03610534461398317 -0.21618975113019348 0.9756835530009572 4.379608182436861 0.12854788901473413 0.9692139776076119 0.2099992996176056 -3.434277140183541 -0.991045833612231 0.11783996400328002 0.06278454080061922 89.29977616554072
0.05159568699642744 -0.13279962056870098 0.9897990431699631 4.843136806887345 0.10577357342644661 0.9862710196183687 0.1268125665127222 -3.34537710668521 -0.993050772240759 0.09815160028116034 0.06493402123910479 89.30531829846946
0.09220452475945075 0.009598627596609639 0.995693824406954 5.334073257665124 0.04283276148808992 0.9989897297122571 -0.013596855251717048 -3.283276814632839 -0.9948184156705128 0.04390200767269473 0.09170023754123222 89.32862430398109
0.046855263696561296 -0.06387399573553568 0.9968574105320693 5.837547811554518 0.05250499248915895 0.9967314119122282 0.061398031492610985 -3.2942289400009948 -0.9975208318765273 0.049463169896712615 0.050055816806140414 89.34863083691504
0.021228004071589895 -0.11143418369634531 0.9935450641752819 6.353924708281963 0.052787402397938284 0.9925077612709204 0.11018999031247376 -3.2640702844848373 -0.998380118988361 0.05010754954010442 0.026951279893008516 89.37684420877252
0.009934689025395476 -0.11254522935625264 0.9935969370439499 6.888160888752342 0.050440884172475955 0.9924373891606157 0.11190954293517887 -3.2193008097658673 -0.9986776352546731 0.04900612150752552 0.015536437716609322 89.39010565370576
0.009149405789617832 -0.07889042585227472 0.9968413058669582 7.448986103010452 0.049372067796455386 0.9957028271121169 0.07834716971556753 -3.1520010927946354 -0.9987385480170475 0.04849928648737486 0.013005072664788035 89.39821411494879
0.010809403430835283 -0.01186608703224166 0.9998711680891759 8.045975048891888 0.04579645725688239 0.9988862051142379 0.011359301703542577 -3.111310038133879 -0.9988923071583782 0.045667769936978755 0.011340788720154388 89.39828587960795
0.011469437836506561 0.06041007562275692 0.9981077470689058 8.667054185320726 0.04183998567443438 0.9972702184726523 -0.06084017542931388 -3.106779072818537 -0.9990584905772428 0.0424586164489536 0.008910572078323905 89.39605431592868
0.012533866399506322 0.10797225727764481 0.9940748934820999 9.292326542576728 0.03835702445747599 0.993369355476093 -0.10837925205397567 -3.148370619816239 -0.9991854887196112 0.03948816606757879 0.008309264273773386 89.39517119123717
0.015310806074913728 0.11569643928716554 0.993166608960253 9.915652217085999 0.03508085096773608 0.9926093504403971 -0.11617233454515752 -3.217226527087781 -0.9992671880496804 0.03661982188055736 0.011138919728608377 89.39781561257635
0.01727437200789994 0.08406595762814126 0.9963104490267054 10.553182971008823 0.035210817503418854 0.9957899039175512 -0.08463253267281544 -3.297271504779473 -0.9992306012139911 0.03654287925078947 0.014241614149687994 89.3983298122177
0.03760844974696034 0.03128320875865589 0.9988027659940639 11.210544662740586 0.04616520806357953 0.9983883071174943 -0.033008510652713444 -3.361236758240893 -0.9982256148146453 0.047351336420699275 0.03610364063494129 89.43046279644992
0.15762769508454233 -0.03613679954453271 0.9868371909595894 11.878754792227408 0.039660335871225486 0.9987555776905154 0.030238283527103137 -3.386283797908123 -0.98670186353372 0.034371903507983845 0.15886473727143396 89.4623365834415
0.2783681285115036 -0.0638355500808571 0.9583507748078872 12.5502390784903 0.04023669724192264 0.9976880420011991 0.05476841282049734 -3.354489287022768 -0.9596312798278641 0.023315089399119648 0.2802930847920548 89.57508063362957
0.35987394044403537 -0.059077271610112586 0.9311286822820936 13.223624157680746 0.04446290378268267 0.99794533262569 0.04613202009247149 -3.3283935030312475 -0.9319408764382514 0.024798973158283694 0.36176126624308474 89.77436147905773
0.3563589990577198 -0.01425682380163043 0.9342403367258711 13.874786506643042 0.051734156187490665 0.9986507809636019 -0.0044938585152773675 -3.285166323900731 -0.9329157737299484 0.04993356241924134 0.3566157574616905 90.07564108850455
0.28398066844938374 0.056366878739282776 0.957171747874034 14.558055943011311 0.061526831199201416 0.995141914742584 -0.07685713086662892 -3.28757077624886 -0.9568539224926789 0.08071768395869733 0.279132990717181 90.34536913779945
0.149418782012743 0.12155235099144106 0.9812741989628988 15.269058435616428 0.07866997340409997 0.9878074729089426 -0.1343407300480707 -3.3529497433506883 -0.9856394182795384 0.09726984339302641 0.13803446924543736 90.58953348554137
0.0018624271174349188 0.16246970079059259 0.9867117753884599 16.016281071056888 0.09538151387684077 0.9821859758350169 -0.16190452644561185 -3.4584270994221566 -0.9954390479460783 0.09441559827714426 -0.013667356224764593 90.72826305623425
-0.088481496425778 0.14932362403727675 0.9848215473346574 16.786978026924974 0.09135866325114014 0.9857486101661473 -0.1412560519215833 -3.597807543558442 -0.9918793371369419 0.07747343325219459 -0.10086251881099285 90.7215697860276
-0.09051173789620608 0.08808081648781883 0.9919926386167631 17.565675960009223 0.06497952630870438 0.9944809554639538 -0.082372874055718 -3.7220204458890693 -0.9937732570680825 0.057003499772750765 -0.09573564931598412 90.66099178277264
0.01817945981722516 0.01647515854716701 0.9996989928931606 18.35752396988285 0.050033186312488924 0.9985965517281941 -0.017366840356842626 -3.775059084009049 -0.9985820885176007 0.05033384574425041 0.0173296412086442 90.57077505231902
-0.06374630138052498 -0.09680376704630309 0.9932600061141836 19.153776181877404 0.043693787018843216 0.994059143339289 0.0996858692067798 -3.7809466053567364 -0.9970091584515438 0.04975389662332304 -0.05913787056142989 90.6609314449324
-0.12502116079604575 -0.15982098363875974 0.9791971009668834 19.956572410195353 0.03731092060411793 0.9854850977792075 0.16561104207986493 -3.7111453459901833 -0.9914522704381098 0.0572396300114253 -0.11724342284014336 90.63474249074463
-0.13040517972636162 -0.1518723660370421 0.9797598040003713 20.748478459668043 0.032464032263750636 0.9870142813072753 0.15731781559842886 -3.568504238499874 -0.9909291476738955 0.052322011905065774 -0.12378138535536214 90.52974215280817
-0.0993013574969466 -0.07109797411938322 0.9925141401891376 21.55060330286646 0.050091769713175804 0.9958222753279289 0.07634664739010491 -3.4359669208061554 -0.9937957813385331 0.057298115473603056 -0.09532508041909996 90.46551322999548
-0.006604264489428106 0.03963857140117702 0.9991922574498999 22.358956433490196 0.051407649045513565 0.9979062411649224 -0.03924777017498659 -3.392740239969351 -0.9986559153733414 0.051106922245123 -0.008628162519561453 90.36347085284166
0.08017013765033497 0.1465305060280274 0.9859521082853351 23.172729769800515 0.046789287213709174 0.9874924065218438 -0.15056397199771832 -3.424192097000848 -0.9956824351323864 0.05820273073376286 0.07231134422740125 90.38437413961665
0.1465322900925777 0.22143690158404236 0.9641026846643895 23.978326622860397 0.03482519359611214 0.9728639181856747 -0.22874221862920233 -3.532605404091754 -0.9885926834906366 0.06709318377656293 0.1348443949131976 90.44304426615714
0.1667067821760471 0.22220798198544295 0.9606416925776566 24.758183075239458 0.03209391039501532 0.9725360985546685 -0.2305287789487922 -3.7305924068559047 -0.9854840585682066 0.06926145934082957 0.15499684047719778 90.55974901403074
0.12260995695472027 0.15585449116983432 0.9801408960132995 25.530095755605434 0.029243299968682683 0.9865961776273205 -0.16053912824636243 -3.9263256761104994 -0.992024005688624 0.04834624983752514 0.11640881523383141 90.70635218898724
0.04006057928111595 0.0344863420100899 0.998601943820672 26.31893824337761 0.03251650068042645 0.9988298817126839 -0.035798667312141395 -4.068557104379227 -0.9986680265088902 0.03390515613573641 0.03889232850126217 90.8098986757294
0.013039230237011847 -0.0046900076575087934 0.9999039865422072 27.13281833347791 0.04159024698383698 0.9991261574995928 0.00414400240345382 -4.128518477021443 -0.9990496633454455 0.04153221915897229 0.013222894580290086 90.87251647451232
0.014335442444754237 -0.027153247337420333 0.9995284869622016 27.945702591992905 0.04140727900026803 0.9987898188938164 0.026539308955805807 -4.140097153558624 -0.999039504892428 0.04100730219230006 0.015442436051422578 90.91216218847818
0.004163171954094186 -0.03252072143995907 0.9994623908263408 28.763830601458046 0.03850841833477479 0.9987349212615174 0.03233664747782679 -4.114939225412128 -0.9992496033107212 0.03835309283194591 0.005410226759529194 90.91192676512745
-0.019885758628912995 -0.013089113303233715 0.9997165756936728 29.593663094271633 0.03617535540937854 0.9992501350108016 0.013802584609382523 -4.098817160835444 -0.9991475868282714 0.03643957730036288 -0.019397343668995495 90.91471595042826
-0.06329335895804268 0.020900998078723067 0.9977760765778663 30.430078727920122 0.03747466094481619 0.9991253525846888 -0.01855207830924607 -4.102184240951257 -0.997291131264527 0.036217096816759685 -0.06402125740163223 90.86174863547465
-0.10669069377813946 0.06231169833241568 0.9923378195514222 31.25925785354206 0.038043874811337815 0.9975593428458389 -0.05854930478083176 -4.147772491792488 -0.9935641697698647 0.031505709830275376 -0.10880087682372772 90.79264060493823
-0.125908227469755 0.08553387208811657 0.9883476488468205 32.07197578885707 0.032502574020056255 0.9960969305856506 -0.08206392362003703 -4.2102597160856625 -0.9915093045138278 0.021791319451980134 -0.12819686992686907 90.70340221566936
-0.11152690557234014 0.08451317419402755 0.990161235719268 32.8632938547721 0.02010326641215126 0.9963651944138693 -0.08277836698179972 -4.293801267832211 -0.9935580546767359 0.010673459994837542 -0.11282051780912136 90.59072135943873
