0.9999899678422716 -0.002507928216098922 -0.003711402389042054 -0.000774485315954576 0.0025041551974680667 0.9999963434735513 -0.0010209040988808835 -0.033123653813395486 0.0037139495903456697 0.0010116005091251718 0.9999924915953807 0.9994509611434395
0.9999891655136972 0.00014791259096148243 -0.004652630688924551 -0.06042211261055121 -0.0001586978963780823 0.9999973012383319 -0.0023178282361929845 -0.04096124387435367 0.004652275808408464 0.0023185421968235365 0.9999863902573624 1.8566697114351536
0.9999831979831321 0.0031417335854273727 -0.004871679536490039 -0.177673731770787 -0.0031622122385383555 0.9999861732928491 -0.0042016231248305815 -0.02271277476165378 0.0048584117967191845 0.004216957813740422 0.9999793063366914 2.573279847985522
0.9999530549568723 0.0037262649652082132 -0.00894443021258632 -0.2107261622632172 -0.0037622700791134778 0.9999848745646442 -0.004011977789647926 -0.03739348514421098 0.008929345231906579 0.004045440809341092 0.9999519494467661 3.4319489056916166
0.999909384087347 0.002253565353340352 -0.013271965086617736 -0.22876050769832706 -0.002308577604131777 0.9999888020298491 -0.004131135964012126 -0.049290666345287504 0.013262506682670407 0.004161400978718238 0.9999033896624147 4.292112891752551
0.9998414638795657 0.0024998432831034143 -0.017629460874542716 -0.2641218568873357 -0.002592833479839448 0.999982837138961 -0.0052538216623352054 -0.06573560264226225 0.017616024571762312 0.005298698998218421 0.9998307854168191 5.150625624445259
0.9997386709075208 0.004963082991739474 -0.02231496581402405 -0.29405515380047403 -0.005098419031281782 0.9999689304260115 -0.006012013476335984 -0.07470150279133993 0.022284434375712155 0.006124213408698883 0.999732913329695 6.010596355243298
0.999671289675747 0.0031930822710656745 -0.025438490985883317 -0.3404656828998752 -0.00330757232695414 0.9999845846993352 -0.004459857508941787 -0.09154703565174976 0.025423858151953027 0.004542531156558281 0.9996664407928083 6.868622865252554
0.9995647843198314 0.0019655920993155783 -0.02943430643567668 -0.3892273500704473 -0.0020069260300589462 0.9999970410812812 -0.0013748005641452436 -0.11119294802245115 0.02943151704482952 0.0014332747051451842 0.9995657714868288 7.727321640737927
0.9994559746161493 0.0019256766738244009 -0.0329248625423253 -0.4192455815544671 -0.0018941234436740016 0.9999977165864677 0.0009895040328846381 -0.11659368993187233 0.0329266928260834 -0.0009266019635521647 0.9994573399141846 8.587378942009236
0.9997295275024217 0.01761516325879645 -0.015184790520472623 -1.083178560986073 -0.017850381207533437 0.9997205711384088 -0.015496565214242981 -0.32907432926229013 0.014907572925544505 0.015763428118892572 0.9997646115978549 9.681126757476875
0.9997286491719631 0.017878012553614 -0.014933341619853 -1.0967353315842265 -0.01809698641266862 0.9997287651881894 -0.014659302100631943 -0.34505451025832207 0.014667211990766718 0.014925572767258713 0.9997810261102114 10.544032768414413
0.9997814853658394 0.012000675216170504 -0.017116229550666974 -1.1127550095811005 -0.01227226091466314 0.9997990426803314 -0.015851368001997823 -0.3343019029091788 0.016922562799929663 0.016057959081039 0.9997278473756914 11.40461718347722
0.9997759370913573 0.009770743291319224 -0.01877786432567673 -1.1649047209986514 -0.010059414248073065 0.9998317249874631 -0.015340465885357315 -0.32730526120536474 0.0186248167261868 0.015525922971897164 0.999705987737288 12.2628017007182
0.9997441362734879 0.007169463949739808 -0.021453689040586026 -1.1548560664766438 -0.007512232458944528 0.9998447384374202 -0.015939428549666502 -0.33373503310437796 0.021336080948936197 0.016096515327254104 0.9996427731165067 13.118786946372499
0.9996781409303969 0.008911283991990296 -0.02375296957350115 -1.166261890843154 -0.00934120240432245 0.9997934396624379 -0.01805048325094797 -0.3560535066298344 0.023587210169646038 0.01826655483569279 0.9995548891836042 13.982207303070217
0.9996581891591697 0.00970579076906233 -0.024275552981491543 -1.2058131702601982 -0.010201965591879657 0.9997398533983334 -0.02039964276994222 -0.38139669417144295 0.02407124311439116 0.020640328307135414 0.9994971496218997 14.851725074047927
0.9995936222138424 0.012380607439483125 -0.025677051794161954 -1.2516336538735 -0.012958066094153273 0.9996640722984418 -0.022446181831096264 -0.4084318715870112 0.02539052879540393 0.022769785135667783 0.9994182597553267 15.731775502152766
0.9995850472339127 0.012345449799257517 -0.02602543401423688 -1.2972418806611037 -0.012906407474998145 0.9996855900816114 -0.021497572636709445 -0.4405081082974535 0.025751854155860048 0.021824547015581133 0.9994301031863608 16.62198716333998
0.9995668017302768 0.010969161453386472 -0.027310920447973702 -1.3339504134090103 -0.01152903349096732 0.9997248600375642 -0.020427569841650048 -0.4677564668507049 0.027079332810654347 0.020733589170253943 0.9994182447877611 17.522583049386327
0.9992576363652039 0.012905794278380298 -0.036298989515823984 -1.3437315292618306 -0.013641723245195182 0.9997049028078808 -0.020100017133997655 -0.6310233689177158 0.036028871099817804 0.0205802763812737 0.999138815516314 18.07316342606778
0.998962218989616 0.012199746266263762 -0.04388224267720584 -1.38001752233309 -0.013401429548833634 0.999540307405872 -0.027195138481399456 -0.6810229688809033 0.04353029654608443 0.027755000666792085 0.998666497495834 18.98090387285736
0.9989414878256025 0.010294452711083701 -0.04483222216387654 -1.4495690886632302 -0.011533123722584764 0.9995564080662678 -0.02745858974638699 -0.6884675730111567 0.044529663798096135 0.02794658005982306 0.9986170926361057 19.893170658536402
0.9988334570476746 0.009586873413162346 -0.047326704304772774 -1.4457249714344174 -0.010895084137093234 0.9995634725007284 -0.027462002547716982 -0.7319569482188659 0.047042770154796965 0.027945595367520015 0.9985018885689287 20.810593424351115
0.9989399367702471 0.00927352457163149 -0.04508885081119891 -1.5274380399588048 -0.010409191813756623 0.999632803914133 -0.02501811472818693 -0.7640796283617967 0.04484028825999705 0.025460932441441448 0.9986696598315046 21.73502486159586
0.9990037275979022 0.006774948594305252 -0.04410954904598943 -1.6076169883867646 -0.007781330532299587 0.9997124036793593 -0.022683933185951178 -0.7569346443461603 0.0439431808207272 0.023004564790104515 0.9987691359158904 22.66767869927878
0.9990646069088861 0.005762175447478393 -0.04285683791540051 -1.6534072230310823 -0.006559589883042327 0.9998075425579123 -0.018489175884093826 -0.7783328716096095 0.04274205192267593 0.018753004517120496 0.9989101269979297 23.603630658293746
0.9991537031988371 0.004589338933716743 -0.04087560827928832 -1.7071570382451946 -0.005223889679369968 0.9998672935936954 -0.015430689493241868 -0.8050970166358263 0.040799367160142624 0.015631160218312116 0.9990450833018304 24.545702235249
0.9992230139293844 0.003703225367205366 -0.039238432126635116 -1.7566585154419756 -0.004279862483386947 0.9998839342596708 -0.01462192827659398 -0.8235954981256611 0.039179729593249626 0.014778502335563238 0.9991228876658355 25.491098870438154
0.9993229461959544 0.004886248556919125 -0.03646606341899616 -1.7957063752871276 -0.005509681500321009 0.9998400472243141 -0.017015386455984924 -0.8516469939464347 0.03637708916341798 0.01720478251886678 0.9991900233901836 26.43930198044513
0.999074504419281 0.01705581966411882 -0.03948713252381735 -1.7682818163070735 -0.017582071966974845 0.9997606664012094 -0.01301847388743846 -0.9764568249756084 0.039255641183358524 0.013700690953191316 0.9991352689714684 27.738092899507865
0.999584474911947 0.01823006404510726 -0.02232806037071963 -1.7824293829014415 -0.018629357458782827 0.9996678645450525 -0.017807516295275657 -1.025522989220034 0.02199601226768319 0.01821607424350646 0.999592091847207 28.69878021225199
0.9996012951298947 0.01645773250769472 -0.022943273858406388 -1.7718970898309916 -0.016836638330156715 0.9997234055193457 -0.01642072064622643 -1.0599079040893762 0.022666680047509904 0.016800461228997855 0.9996019038187735 29.668354252609866
0.9996625062052513 0.01529002510473096 -0.021002114649039963 -1.8817496075327973 -0.015506100582773298 0.9998281097922865 -0.010164237005360656 -1.123750803399933 0.020843093152208232 0.010486467540642126 0.9997277626766038 30.63747577623904
0.9996878368180281 0.010684150510751339 -0.02258490305396117 -1.9231387718097581 -0.01082549136250068 0.9999225194621495 -0.006145226539836749 -1.1418550581544875 0.022517496638251148 0.006387800899299799 0.9997260416458185 31.617439295210097
0.9997053225645006 0.002914615544672857 -0.0240992334408131 -1.9274517711677217 -0.003079532635801174 0.9999720767990997 -0.006808972083982248 -1.1659153995588782 0.024078714977196967 0.006881180009428935 0.999686383245628 32.597808932835875
0.9996980547861601 0.0013628419023620124 -0.024534504656022263 -1.9718106487835176 -0.0016265228948123308 0.9999411025085434 -0.010730607497783333 -1.1835235099707975 0.024518435513708116 0.010767273375743685 0.9996413917720753 33.57732492982227
0.9996645952904811 0.002599326369745554 -0.025767041451092328 -2.019132231247168 -0.002976301495190402 0.9998889468414407 -0.014602589281509351 -1.202842642493346 0.025726223044366458 0.01467438198829068 0.9995613157586348 34.56191718968423
0.9995987657866343 0.0030179567263000587 -0.028163795465723368 -2.0455396767975396 -0.003448145696875491 0.9998779418497893 -0.015238493806239727 -1.2142495225457375 0.028114368730064686 0.015329492471307314 0.9994871629648285 35.57490416121891
0.9995147159567448 0.0004123972136577105 -0.031147431907711333 -2.06659725797576 -0.0008412233435398308 0.9999050309903001 -0.013755774917211512 -1.2267244624016014 0.03113880102370082 0.013775301405953667 0.9994201399521532 36.63509583934979
0.9987332467422247 0.00373925787095149 -0.05017887804951489 -2.214307514674478 -0.004578912952243785 0.999851248405677 -0.016628728688184664 -1.3506810683811001 0.050109234756772494 0.016837428906576243 0.9986018053157658 37.85225240958672
0.9990171214270319 0.004083540911701898 -0.04413746469011346 -2.2870682410370757 -0.004383146723758948 0.9999679928944382 -0.006693370710304744 -1.3644133510193188 0.04410871932448921 0.006880252923404096 0.9990030445395366 38.89741897747699
0.9989534531438267 0.004816192559138776 -0.04548409327730153 -2.3363396102315694 -0.005014216498096322 0.9999784372089338 -0.0042406072783204895 -1.384256016307752 0.045462688932081274 0.0044642363750170885 0.9989560623514193 39.93130604573062
0.9989611055042097 0.00277380011554383 -0.045486434491243365 -2.4182330457346732 -0.0028653051624274685 0.9999940003246363 -0.0019466229879731727 -1.3679454610939332 0.04548076204433384 0.0020749331676338635 0.9989630598456661 40.965920494721495
0.9989142679783068 0.007091696365785043 -0.046043382499759374 -2.4965303573693527 -0.007067280776413898 0.9999747863003944 0.000693041057846579 -1.3739580066957184 0.04604713641249547 -0.00036688708895610375 0.9989392006634205 41.988761353155326
0.9989186353729184 0.0069936929621620325 -0.04596355255480591 -2.5502331862773255 -0.007001111250770276 0.9999754919202187 -4.119902887085372e-07 -1.3883526439755824 0.045962423195059304 0.00032220748969379384 0.9989431174177896 43.01215754614299
0.9989310145291584 0.007504523803837904 -0.045612611569874596 -2.5929851759562994 -0.0075948489948913355 0.9999695255259119 -0.0018072875330638221 -1.397881208085765 0.04559765871721296 0.002151776466085181 0.9989575683569091 44.02375431835107
0.9989222482020806 0.009584181261696032 -0.04541459585247813 -2.6515180409421655 -0.009777336706853042 0.9999440680100392 -0.004032931744398382 -1.4141773663557964 0.04537340337490442 0.004472619040015278 0.9989600842601775 45.029864438860216
0.9988767466549205 0.008791855049627003 -0.04656123147928471 -2.7388114952695823 -0.009009805234183611 0.9999494059535002 -0.0044731356881002405 -1.4244095970611603 0.04651954859758708 0.004887618850567692 0.9989054223399975 46.02969763531262
0.998835803287381 0.006365408328899211 -0.047817566312586365 -2.7959881425103923 -0.006529437738431548 0.999973320384729 -0.003274898709891985 -1.4444474214432474 0.04779544449078969 0.003583307905621124 0.9988507172697936 47.02957924403776
0.9980229527785596 0.012824277343951855 -0.06152823447630304 -2.809482136098066 -0.013433082976146073 0.999864724654308 -0.009491294628275197 -1.6518338544861775 0.06139819222844835 0.010299043769698396 0.9980602144602839 47.737097890801486
0.9976886007370586 0.011225043816643307 -0.06701831354671028 -2.872788772223597 -0.012789780638820114 0.9996544631110785 -0.02296466619203125 -1.68129130813096 0.06673737686290644 0.023768735208567388 0.9974874283699237 48.722030889808984
0.9976102431541082 0.012566199265897514 -0.06794036642534594 -2.932164396591467 -0.01439761106348947 0.9995442228945975 -0.026534039905375666 -1.71754735503257 0.06757596872901639 0.027448808973165737 0.9973364784947403 49.69976289870357
0.9975682763139953 0.015633644347933164 -0.06791997685752212 -3.0058573574562577 -0.01751117442007771 0.9994783514870965 -0.027136390310158003 -1.7695737281229844 0.06746030582760225 0.028259760668447837 0.997321659779135 50.67988595283336
0.9976140477320584 0.015531436750380162 -0.06726801795896005 -3.0863196929452412 -0.017140359061744586 0.9995790641550422 -0.02340731924344984 -1.8152048153770348 0.06687615314065626 0.024504468478202954 0.9974603306225809 51.65894835673118
0.997624814034455 0.01304038357580202 -0.0676363720117743 -3.138502374683791 -0.0144351229904604 0.9996922800973637 -0.020173555412573915 -1.8491083728629378 0.06735248805329651 0.021101978815501313 0.9975060645645721 52.63604675208234
0.9976200906482056 0.007468194157765198 -0.06854473583790156 -3.207867874867739 -0.008825109875920799 0.9997706218367365 -0.01951463932187621 -1.8605005635218639 0.06838327405691917 0.020073111074442634 0.9974571660181951 53.60606901609684
0.9975977542949257 0.00410461883527895 -0.06915108625277208 -3.2628304849571315 -0.005558848200282185 0.9997671518216689 -0.02085045191534556 -1.8920234357910153 0.0690494013906527 0.021184764398146826 0.9973882824281561 54.56937454605809
0.997442462936998 0.003324589548316714 -0.07139664021864146 -3.274911973802484 -0.004930850747235952 0.9997384218063115 -0.022333263871056944 -1.941886930633405 0.07130371547881206 0.022628191897741134 0.9971979467940932 55.53383146692135
0.9973534105289867 0.0017361189003536974 -0.07268535201374664 -3.3199259124771214 -0.0032833018692801745 0.9997704575100188 -0.02117196776502141 -1.9668208316298945 0.07263191058366571 0.02135458221018989 0.9971301757461735 56.49344820848203
0.9974476456893674 0.01143836331506552 -0.07047948604672977 -3.1073386873198423 -0.012031457141080741 0.9998956457352581 -0.007996354090005589 -1.9722392620739146 0.07038066600850655 0.008823915476871223 0.9974811779516726 57.63337118443464
0.9980490757305167 0.007647865181824975 -0.061964123423333496 -3.1629591857478743 -0.007784219826917554 0.9999677827509194 -0.0019594340754463015 -1.9977891689362584 0.061947141622093436 0.002437953726063548 0.9980764539986313 58.596130050200934
0.997990326820815 0.009344174073263089 -0.06267371046117227 -3.2263270409641036 -0.00933454077395163 0.9999563325338263 0.0004465132020298782 -2.0198364488142992 0.06267514595612646 0.00013941444933104893 0.9980339706858625 59.54830210500931
0.9978652272810911 0.0116801720957956 -0.06425388519824003 -3.3063175364798734 -0.011897892523340739 0.9999246967198612 -0.003006832751812791 -2.0447103234739337 0.06421392634591845 0.003764899667579655 0.9979290541885901 60.48833687173575
0.9977281145699545 0.014711867497878813 -0.06574321525000996 -3.373006068454227 -0.015461207169371818 0.9998210137659517 -0.010903738115443148 -2.0601602436028834 0.06557103376911218 0.011895435542646642 0.9977769982033562 61.413209076186874
0.9976100824257572 0.016476539083455834 -0.06710176675993713 -3.428254898282498 -0.01754145287768758 0.9997288842123404 -0.015311939866930933 -2.0960792606293333 0.06683128663592766 0.01645240807237622 0.9976286370164033 62.328435948758965
0.9974117648835735 0.0220558896720028 -0.068434706126433 -3.492863180471163 -0.02305697914620258 0.999637891309657 -0.013873066374604125 -2.13016636412264 0.0681039425032529 0.015415057209074521 0.9975591356038771 63.23936142638063
0.9972422482565275 0.02458498565669681 -0.07002482968581351 -3.530712110989051 -0.025436482552658186 0.9996126384605128 -0.011294174841908164 -2.163346715535972 0.06972003763349154 0.013044213670102844 0.9974813105227152 64.1395760402725
0.997070598660456 0.027797888413110313 -0.07125656942802466 -3.602744463711086 -0.028554605007981838 0.9995459145439081 -0.00962285048316653 -2.1806406888916894 0.07095671793224931 0.011629364486312015 0.9974116011266 65.0224676749393
0.9969449624211055 0.030625308290023526 -0.07185285238125338 -3.6860552071087214 -0.031422546512386594 0.9994562522794708 -0.009991163603458586 -2.20618191267227 0.07150780009102559 0.012218439819190716 0.9973652010444953 65.88993898827327
0.9963441931594791 0.018923356613493925 -0.08330759468299115 -4.004950126222963 -0.01944468477724003 0.9997960751867998 -0.005450896713755189 -2.2573961481138647 0.08318745693492956 0.007050859206422907 0.9965089725602828 66.42249441934229
0.9949679614347202 0.022129845344345336 -0.0977191161619484 -4.089595034873726 -0.022749098801131008 0.9997275397226355 -0.005227315167762658 -2.2803316988160436 0.09757681190822635 0.007424032944572988 0.995200306226171 67.26286237005806
0.9948851858498198 0.02297970651139549 -0.09836361148930775 -4.149830840739661 -0.02355860018360649 0.999711279074798 -0.004727668349271756 -2.316899050189701 0.09822657142524284 0.007020796199993741 0.99513931139653 68.09137652982209
0.9949598644973612 0.021353942562940893 -0.09797385965864307 -4.2840376254114005 -0.021847186211645754 0.9997534620945167 -0.003964276057649149 -2.315098426566923 0.09786505246525205 0.006084748724984736 0.9951810927358533 68.89957029162869
0.9949165714972751 0.023933073700239758 -0.09781729777174968 -4.3856257753151855 -0.02412719727274645 0.9997085751103791 -0.0008019990875638215 -2.3410909661243604 0.09776959707327335 0.0031579794225688905 0.9952040660357534 69.70013118764811
0.9949410746512503 0.024627286947466867 -0.09739483923403057 -4.4810619539349235 -0.02438702547972202 0.9996959044976059 0.003656708761253818 -2.3534976586393417 0.09745527671740985 -0.0012630393186147863 0.9952391038195859 70.4912232751796
0.9947264656586677 0.027651502298553045 -0.09876564655206975 -4.560765779917629 -0.027223591087788126 0.9996132439853559 0.005677899026735516 -2.370512650407686 0.09888445078221429 -0.0029592008559768566 0.9950945224066877 71.26631356454888
0.9945207661965689 0.030544781660222637 -0.09997730701073325 -4.644241666117951 -0.030542010177761595 0.9995322686960684 0.0015586691736015257 -2.3785865210227515 0.09997815370414968 0.0015033790674898314 0.9949884967341528 72.01823890398774
0.9946356299897362 0.02997536782993182 -0.09900222663345214 -4.7961619538457 -0.030736279857796315 0.999508490251313 -0.006169198979111586 -2.369350436083114 0.09876864206530378 0.009179065257472158 0.995068088175666 72.73607280172683
0.9946551939890265 0.029489588173360212 -0.09895155006374544 -4.891581555772551 -0.03085020249404313 0.999448971833073 -0.012248171614159357 -2.3772299203941043 0.09853583143572105 0.015235382869458563 0.9950168707273722 73.4455850047971
0.9958560628780722 0.02207497167760501 -0.0882235663211257 -4.655791405576378 -0.022911934152006857 0.9997014766004446 -0.008485337724840347 -2.6248846528368817 0.08800991593223587 0.010471547561055132 0.9960645568381987 74.11512194042014
0.9956670357794081 0.024378417428614258 -0.08973765444852486 -4.718592434965547 -0.024850297355749756 0.9996825914061817 -0.0041447751147777965 -2.64052222364803 0.089608127887918 0.006356823349556432 0.9959568134278337 74.7918715349064
0.9955603614758474 0.024590076215298143 -0.0908564516685891 -4.799713499896299 -0.024838805625623288 0.999690176473776 -0.0016077303638459919 -2.662540120729173 0.09078876799017233 0.003857358365016131 0.9958627015775168 75.4462641139997
0.9956733979272272 0.021538944078389324 -0.09039114197772682 -4.896070023027206 -0.022117359154293883 0.9997407860784574 -0.00540213617639839 -2.6707233154459367 0.09025135502633473 0.00737797663430834 0.9958916900831607 76.07273031836999
0.9962006356935957 0.013703239904585164 -0.0860029921560459 -5.045144963633833 -0.014954363192355123 0.9997912777620271 -0.013920055045991852 -2.6301434689103322 0.08579429156527081 0.015153287666037551 0.9961976296938896 76.66716955682762
0.9965663551855038 0.0093223412643018 -0.08227146325204383 -5.164547596110557 -0.01102904528532842 0.9997327996206067 -0.020314761205547517 -2.6147907554987384 0.08206009914918876 0.021152383224973356 0.9964028888012766 77.25164352320694
0.9967994608168728 0.010914964305263898 -0.07919405577066092 -5.213516039217995 -0.012562658808232634 0.9997142427540286 -0.020337463912855763 -2.6240372696485075 0.07894944280271819 0.021267260965004187 0.9966517391206349 77.83391643007853
0.997048900035794 0.015962993240236766 -0.07509110322951261 -5.271927603758898 -0.01730987752311124 0.9997001456605431 -0.017320130092565816 -2.6345557100717 0.074792105716767 0.018568834457247767 0.9970262480543586 78.40341650770003
0.9972618743347977 0.014496957100148651 -0.07251615153248622 -5.276189866612168 -0.015449652236968174 0.9998013293176383 -0.012594051788052342 -2.703323484069626 0.07231916927069058 0.01367991701436278 0.9972877205834221 78.95614999977418
0.9976417708821566 0.011430049865981697 -0.06767755130895428 -5.251309817260233 -0.012083501948258621 0.9998841705780114 -0.009253886112796535 -2.7170592074299638 0.06756393987758112 0.010049845152207285 0.9976643296423074 79.49948199772459
0.9979215381245786 0.011184455707769039 -0.06346267956520509 -5.2240578686431665 -0.011578181577379642 0.9999159184147137 -0.005839675694770865 -2.8094515967367513 0.0633920299283449 0.006562320578867469 0.997967126958691 80.09559507164388
0.9985963142056272 0.01421297907283477 -0.051023450302894395 -5.281848071769011 -0.014555901179727385 0.9998738582876838 -0.006355568719378688 -2.8182802255168338 0.05092668255230037 0.007089339798309812 0.9986772322754942 80.60480481921651
0.9991275912930788 0.019363801376700993 -0.03700134474764421 -5.279749095713549 -0.019622081882457478 0.999785486044949 -0.00662991677646216 -2.823829750122728 0.03686502705123671 0.007350176195739438 0.9992932225780397 81.10687895800629
0.9995260721471876 0.024318667821992348 -0.018874148812030058 -5.297853119335029 -0.02442962288952583 0.999685469928819 -0.005670514850718828 -2.8354718461097805 0.01873031295762641 0.00612891577362997 0.9998057870246345 81.59454580973083
0.9997219376543698 0.02323847327055089 0.0040025907418565 -5.303898026994697 -0.023217630737798155 0.9997170285018006 -0.005177310735661122 -2.8420965078390057 -0.0041217709199016 0.005082940446654953 0.9999785871311943 82.06912893724781
0.9995466842614731 0.020406280373087837 0.022136162793715344 -5.183698995510012 -0.020348358358242426 0.9997889206447937 -0.002838744096021676 -2.8723998083935527 -0.022189418514676953 0.0023870226754423686 0.9997509348976511 82.51244927868686
0.9984459192633725 0.019348592826431546 0.05226258950679962 -5.1450041401224045 -0.01940311433812438 0.9998115981806748 0.0005360012931448629 -2.9043230533292785 -0.05224237226907845 -0.0015492253036672769 0.9986332331945785 82.96472798026232
0.9961191892676294 0.020316455719196186 0.08563762257215103 -5.095627181774173 -0.02055075837730409 0.9997870896221619 0.001855196745665311 -2.899692140285153 -0.0855816984110383 -0.003607915167711103 0.9963246237272391 83.41218206953354
0.9921807032172762 0.02134866477022694 0.12297026744624115 -5.014784567221479 -0.021723207610868912 0.9997625682171242 0.0017057089421239947 -2.887539461638404 -0.12290465578799965 -0.004363680147379329 0.9924088894609948 83.84222425255795
0.9864811165040145 0.02087868038157369 0.16253949515892205 -4.90009946067968 -0.02153137791753551 0.9997656301256953 0.002254902291439455 -2.898388901619008 -0.16245432141363747 -0.005724117826858814 0.9866994618064503 84.26556056616089
0.9738200916394663 0.03269372127954051 0.22495677297693809 -5.002514669316428 -0.03308889997468686 0.9994503827308716 -0.002014238709678516 -2.9851019308717532 -0.2248989858086673 -0.005482066034819347 0.9743666625732956 84.36962541040081
0.9612883780839578 0.034534108688189465 0.2733716325770219 -4.830988737541621 -0.03474997113292949 0.9993878152741688 -0.004053910184627981 -2.991461842103782 -0.27334427681401074 -0.005602679594334221 0.9618999513017915 84.74221346387957
0.947652797424605 0.03422722932070521 0.3174628676024131 -4.560034906563417 -0.03368661703379819 0.9994065558965639 -0.007193598806327602 -2.9724330720800576 -0.3175206880915614 -0.0038772160110081707 0.9482434180261241 85.05760702395393
0.9276529745692009 0.03393533652365314 0.371898308288623 -4.379507071882092 -0.03313349073948332 0.9994143780775114 -0.008548256158852265 -2.984327269597824 -0.3719706044357939 -0.004392473900571832 0.9282341168092795 85.41087161080294
0.9106315415138859 0.03314915208717979 0.4118875202235982 -4.021292697803097 -0.03335589812327837 0.9994211545141297 -0.006688794363220492 -3.038897906036243 -0.4118708288534569 -0.007647851040979402 0.9112101462966823 85.58665732341241
0.881149700297997 0.03169735381583694 0.47177376296888673 -3.821231574953671 -0.03224386198647979 0.9994560202338291 -0.0069279854613256975 -3.0522775541834912 -0.47173672639402014 -0.00910721578909497 0.8816924177918422 85.92917408915226
0.8473311174504126 0.02915017788047221 0.5302643157235566 -3.6054932467515726 -0.029585927525441907 0.9995328077295513 -0.007670669119407787 -3.055102658173475 -0.5302401817032488 -0.009188764977785037 0.8477976859519544 86.24022664495118
0.8107832317663723 0.02730172642031815 0.5847094721491586 -3.346694511255724 -0.02697881063473963 0.999593079817325 -0.009263830635852694 -3.041472626479708 -0.5847244606335638 -0.008263807583977814 0.8111898758126872 86.52788150677843
0.7708047560951069 0.02716819703775823 0.6364918829418649 -3.0866885834041353 -0.02920568083132254 0.9995467937432229 -0.0072962541637319155 -3.0673177373827256 -0.6364016469088861 -0.012965191373844036 0.7712488882483383 86.79473749686113
0.7283329177264183 0.028037053391312832 0.684649607166509 -2.7959634813097205 -0.032516848945978324 0.99945109831965 -0.0063369237228605895 -3.0802439012163063 -0.6844514705154389 -0.017647257712675963 0.7288448111940398 87.05142745945619
0.6750636239021053 0.013359265317993564 0.737638552215325 -2.6826655852244436 -0.011535474693544915 0.9999049438041128 -0.007552230113605991 -3.161239848955855 -0.7376693273464419 -0.0034107750230295054 0.6751535603890353 87.64074841929796
0.6234797327151976 0.009045450712796924 0.7817871850540837 -2.3668042326337817 -0.007622920772024984 0.9999558723858171 -0.005490387966502106 -3.1607740327923817 -0.7818023496845538 -0.002536356150394246 0.6235211727962323 87.84912319714628
0.5746971935000209 0.0033670343050834326 0.8183592113877549 -2.0391527436717616 -0.0025972947540330153 0.9999940040846231 -0.0022903831040369405 -3.1546735455637744 -0.8183620163736585 -0.0008092433447221373 0.5747024928448186 88.04266279187236
0.5333972501207349 0.010854123883793134 0.8457952243648301 -1.6818595720349392 -0.005882561189079303 0.9999410862623086 -0.009122471069350898 -3.1795897658556713 -0.8458444118379548 -0.00010954117805960291 0.5334296757429559 88.14026842742885
0.489647878785052 0.01991228517527129 0.8716928677581328 -1.3214033934883465 -0.011541346659191315 0.9997996250172545 -0.0163556452838075 -3.2247391763355524 -0.8718438805879131 -0.0020520025477641325 0.48977958018577367 88.25316000326697
0.4425373068200367 0.020574354784079634 0.8965140422757953 -0.9716849543801122 -0.010123865446615785 0.9997876825127613 -0.017947067843547333 -3.234283477099144 -0.8966929460082126 -0.0011339404662018375 0.44265164041052846 88.40456778426667
0.4004978190693421 0.014123762938338048 0.9161888540258293 -0.6128751600165032 -0.00784608547408697 0.9998974012859725 -0.011984400038892956 -3.250191431082346 -0.9162641190527074 -0.002388769980661215 0.40056754475936474 88.51770268760487
0.3629262063593239 -0.0009151280723692515 0.9318174345215057 -0.22946545487137088 -0.0050033357258946415 0.9999831884311113 0.002930782619636513 -3.2708575899584607 -0.9318044512499625 -0.005725853277960973 0.36291552630742574 88.57697437368586
0.32820765792344747 -0.006625397575417281 0.9445823613573211 0.14931662073210691 -0.0048256910093072945 0.999950592682595 0.008690506314904584 -3.2582283585868423 -0.9445932701362465 -0.007410553332536021 0.32815946994200507 88.64846230744418
0.294938096234283 -0.0028036840363958337 0.9555122493958521 0.5259796998281225 -0.003322036718825766 0.9999866427495044 0.003959595258720454 -3.2690274467239187 -0.9555105878334031 -0.004342082265246174 0.29492484273093406 88.73098407335185
0.27318956680170126 0.012778505822910109 0.961875340353225 1.1090930900984088 0.022324894818521592 0.999558233941002 -0.01961978674927666 -3.202049668428993 -0.9617011280340896 0.026833686844692055 0.27278360212498143 89.1658687983867
0.23012046499403457 0.013293006946938597 0.9730713578958318 1.5020979560577272 0.02444009672324064 0.9995123813190988 -0.019434023309215027 -3.216830043306015 -0.9728552067307282 0.02825412458621069 0.22968337158091992 89.22223431674868
0.2040891872109037 0.013471366201204194 0.9788596048240349 1.8982088731960869 0.026633912369319352 0.9994587724977803 -0.019307946269191363 -3.2319417934841854 -0.9785899234998774 0.03001140399754098 0.20361993334298148 89.30274842478602
0.18078921888344243 0.007004142328429636 0.9834969244109297 2.3076417650098953 0.031003745944909344 0.9994370894812524 -0.012816860248371535 -3.238885495656734 -0.9830330747604061 0.03280923893487741 0.18047029608114415 89.3435607160777
0.15997695481525262 0.003054205576689817 0.9871160244653785 2.7294552926207323 0.038989040631692354 0.9991953263701384 -0.009410338500441 -3.2433275738168796 -0.9863504593392042 0.039992144083156586 0.15972914503300006 89.38881231520921
0.13988127890100469 0.004106224215810006 0.9901597682877799 3.1559226741777326 0.04582617379300733 0.9988930145330961 -0.010616370023559066 -3.2469830119972163 -0.9891072690100465 0.04686026504058136 0.13953825981362256 89.4408763266924
0.12305424548591581 0.008421925031718722 0.9923642092733155 3.6042826858546615 0.04572239072411583 0.9988540112979719 -0.014146628588541632 -3.254221592669007 -0.9913461129466156 0.04711406682415532 0.12252815616390278 89.48340474170288
0.1081518427874584 0.009948801528520637 0.9940846041710051 4.071000354767891 0.041075071084790145 0.999051318063099 -0.0144672876436467 -3.2644959935350526 -0.9932854662366989 0.04239675959941611 0.10764059335777086 89.52235584508396
0.09402203303341966 0.009656922216610093 0.9955232800681084 4.545367298022511 0.037234365053251714 0.9992192525455468 -0.013209367940935728 -3.284985926128121 -0.9948735896400829 0.038309648857959726 0.09358905620336223 89.54847350580194
0.08045067758963236 0.008045769824069451 0.9967261178795844 5.031731759790654 0.035497805422118334 0.9993099623759865 -0.010931829961986935 -3.2928626347240084 -0.9961262943450406 0.036261062919369355 0.0801095564235322 89.58599135414413
0.08505599445892781 0.014769926464020207 0.996266694755401 5.828180843104795 0.03539160933628928 0.9992143616410523 -0.017835175324408196 -3.298637356351058 -0.9957474136522732 0.03677647022910615 0.08446643973968207 89.35034673264838
0.06422427347600487 0.013248207782852487 0.9978475473172355 6.342677770219614 0.03683655051065698 0.9991989547062863 -0.01563705408127492 -3.3111083826667866 -0.9972553891771934 0.03776154001636138 0.06368480864882603 89.38608256645827
0.05690165444101474 0.01242361286363064 0.9983024870074649 6.8720883014306064 0.03701297818573262 0.9992089345102502 -0.014544574270588834 -3.3345204478599126 -0.9976934605216665 0.03777775851350669 0.056396806593967334 89.42042028004937
0.051870106910013036 0.0092623174995634 0.9986108859228805 7.417628370862007 0.037390217781564115 0.9992378603552041 -0.011210265251181378 -3.339220128840972 -0.9979536380130045 0.03791975616076556 0.0514842545766864 89.45233025439245
0.046675438988976 0.008239403227322332 0.9988761262687403 7.981248326245369 0.03794461626402065 0.9992296522751863 -0.010015393681050096 -3.352147476254332 -0.998189165184517 0.03836944420326921 0.046326841677040945 89.47681782161216
0.040882109467067364 0.008358371282621109 0.9991290160710105 8.56517199030325 0.038594728507204246 0.99920552375412 -0.009938220701379199 -3.359858547425421 -0.9984182991396832 0.038967408545552404 0.0405270405317991 89.49791558145446
0.036535614361670736 0.005923056580452537 0.9993147983913581 9.16817891655254 0.039005201572866056 0.9992119863917348 -0.0073485033403399595 -3.368235433327782 -0.9985708503323514 0.03924695723018101 0.03627579378451941 89.51840506439808
0.033582012795329214 0.00436696209667236 0.9994264245349231 9.787391073207216 0.03916427009474486 0.9992166304915102 -0.0056820152356940115 -3.3729695124811236 -0.9986683174931308 0.03933261993865922 0.03338467678742394 89.54000196905093
0.030890734525234432 0.0031135898143070067 0.999517917837874 10.427042231650201 0.03825950715778903 0.9992586057816133 -0.004295216342678848 -3.381680463229611 -0.99879025457427 0.03837374531962667 0.030748707901468813 89.55542388939352
0.02659402977328552 0.0019994916563186985 0.9996443165514088 11.080581937817994 0.0369786524344074 0.9993116047741061 -0.002982587456617198 -3.3926647850110605 -0.9989621298350366 0.03704481875940804 0.026501784063147762 89.59906926980608
0.032015636631061835 0.02621538721035289 0.9991435094542322 11.882088441112087 0.04708540623211327 0.9985065160255997 -0.027707435362660193 -3.3864371513284057 -0.9983776657813739 0.04793214920938138 0.03073345963449145 89.4597829370582
0.032630719847181786 0.0221264326305084 0.999222526317988 12.568598836577786 0.047595371904500965 0.9985862864569386 -0.02366662361668122 -3.3938818217008544 -0.9983335698530462 0.048330626720424257 0.03153147356664506 89.48608240663404
0.03517745767339309 0.02030721089059358 0.9991747413027822 13.27529933085554 0.04724009713784403 0.9986421539156892 -0.021959545647388393 -3.4238566604233975 -0.9982639529172852 0.04797359282436165 0.034170377485164875 89.51012074009215
0.03768212447589487 0.01718541622297508 0.9991419913927283 13.995552117722088 0.04779589471164371 0.9986767803412739 -0.018980012010017155 -3.4303049173076325 -0.9981460864741677 0.048470092597704295 0.036810870403636724 89.5792258018711
0.04184420932411469 0.017202580873758297 0.998976042434112 14.734019370664138 0.04742633466817562 0.9986904969317397 -0.01918421533909465 -3.443753591395178 -0.9979978982572963 0.04818052043633778 0.04097355884594058 89.61425036740653
0.04555545173448881 0.014417011574457309 0.9988577729559543 15.490299931916118 0.04551906646009921 0.9988273170232431 -0.016492584902031558 -3.4652118886049563 -0.9979242032368332 0.04621840050685024 0.04484578072372751 89.68079539167586
0.04889049617741163 0.014609226143382111 0.9986972964292121 16.25922166320822 0.044163669482558385 0.9988834791429544 -0.016773949836052727 -3.4790005574976126 -0.9978272844943465 0.04492622404296401 0.048190711883925964 89.74948349629344
0.053269776823417145 0.01773347030199166 0.99842268349043 17.04579146710775 0.041693961098311055 0.9989308940932853 -0.019967033678604904 -3.504374403815069 -0.9977093487008709 0.042691835953006275 0.0524734471694565 89.79336125227641
0.056796442664156094 0.019291780018217977 0.9981993745361829 17.838417185887625 0.040402144798597946 0.9989498913270496 -0.021605122386785594 -3.531803157722597 -0.9975679579840011 0.04155648976277388 0.055957370937403 89.85618320569536
0.06168698025862342 0.019664411287418165 0.9979018125022577 18.641301890911045 0.041796172368691 0.9988779931352477 -0.022267348414807667 -3.536803802655051 -0.9972200341157909 0.04308208164444965 0.060795869919609724 89.88841662053508
0.02814714186169807 0.019915392180329252 0.9994053809937792 19.15936701422129 0.05463116746478533 0.9982765775600896 -0.02143152435896351 -3.7837786791524666 -0.9981098005462383 0.05520191889072292 0.027010631320463965 90.66794504337653
0.027791624617517285 0.025749762773487242 0.9992820299185952 19.96770896308476 0.05883730488752719 0.9978928455866658 -0.02735032505326223 -3.81289473242493 -0.9978806527609856 0.05955517142999478 0.02621801672996562 90.70903729760059
0.028531871412615498 0.028055751620890437 0.9991990828231785 20.783042781536974 0.06212212409253295 0.9976240129383395 -0.029785407619101287 -3.8277558649318393 -0.9976606507284559 0.06292220283644712 0.026721197171591944 90.72148136152344
0.02836774292875001 0.03000931589079486 0.9991469922493359 21.60040072636528 0.0625061250570405 0.9975398881878511 -0.031735718118916116 -3.849725987958717 -0.9976413461216822 0.06335307754115957 0.026422189057340735 90.78127808346399
0.03084491211255958 0.03289991579459363 0.9989825758928316 22.41951917814295 0.0598358979296945 0.9976048479647762 -0.034702055214680755 -3.894968950507546 -0.9977315554374909 0.06084540128788875 0.02880243785515605 90.77917075504311
0.0300092505729763 0.03179961537797176 0.9990436573753229 23.236485594460593 0.05930960382502655 0.9976760989953669 -0.03353762644411608 -3.922996050635197 -0.997788462437889 0.06025932255842032 0.02805348945556574 90.83103183685202
0.03163107626102984 0.03350140335483738 0.998938001573584 24.055451457143867 0.059689437442445946 0.9975910042336469 -0.0353462774547453 -3.935440287500229 -0.9977157140550476 0.06074408815152297 0.02955519721244908 90.85378750518215
0.0329414306041675 0.03525782426478724 0.998835195604292 24.871233023897737 0.05961443521369957 0.9975289124329185 -0.03717778872593348 -3.976108574349516 -0.9976777943123234 0.06076968560484677 0.0307581541641506 90.88499339711169
0.03353521999217157 0.03844229181060638 0.9986979419326075 25.68306382708007 0.06023870295260116 0.9973655432962057 -0.0404137564704422 -4.01566536634805 -0.9976205128638169 0.06151555287739875 0.031131159109853652 90.93132937527741
0.032551825829953494 0.040851758708446234 0.998634824370531 26.49373550445515 0.06123768935566964 0.9972056012966282 -0.04278941627331082 -4.06114615076021 -0.9975922634210405 0.06254696278045051 0.02995919574064117 90.96597925144589
0.03595920180872886 0.04076245734471899 0.9985215860843968 27.129842760353824 0.02841638129877767 0.9987220694945121 -0.04179398495574312 -4.127872444520796 -0.9989491704181759 0.029877248464649 0.03475492691720182 90.87333200770456
0.033804694630149575 0.05031094947557419 0.9981613351476947 27.936424628401245 0.024960573349029017 0.998378127685176 -0.05116721546000105 -4.184624234912997 -0.999116716104305 0.02664437131381921 0.03249407758717363 90.93445879276781
0.02930809552506322 0.05222111212109667 0.9982053851715735 28.748972973682854 0.02314078748635611 0.9983312774624417 -0.05290712990439507 -4.222751623280863 -0.9993025265109686 0.02464986590318658 0.028050750787632164 90.94827180619669
0.02249764096148904 0.05425531532057853 0.9982736182583573 29.5599506224493 0.021099306214407563 0.9982781823594276 -0.05473106889535405 -4.276011123339973 -0.999524224533072 0.022294200694843884 0.021314154614702218 90.96939459382573
0.017715463230308644 0.05476748520008142 0.9983419679285225 30.365505674812624 0.02095154815615617 0.9982590821861957 -0.055134721026170626 -4.334555732415008 -0.9996235266300988 0.02189354694041869 0.01653715846122994 90.95008108599252
0.008907114329623638 0.05738299805236489 0.9983125036023746 31.164658049825608 0.02104657825046671 0.998120192952394 -0.05755972519585458 -4.407903225987896 -0.9997388183211983 0.021523753278587875 0.00768265491457742 90.9487179744235
