0.9997423155301879 0.0014184655603259747 0.022654808800546662 -0.829573537794368 -0.0009733181880627268 0.9998064599862168 -0.019648083317579113 -0.032416059092810916 -0.02267829508181431 0.019620970639094727 0.9995502564242134 2.4966258468220643
0.999811529572462 0.002004428062021273 0.019309435020335972 -0.845048498504092 -0.0016534556649928742 0.9998334322517174 -0.018175056587425187 -0.07848126735578065 -0.01934265006899615 0.018139704245372142 0.9996483497935797 3.313052785008254
0.9998949646676007 0.0028677246196019 0.014207108587483157 -0.8209485656481001 -0.0026184841295708973 0.9998428637704462 -0.017531009611401364 -0.1098792453540677 -0.014255151745282718 0.017491967475894397 0.9997453602882924 4.0512272894471995
0.9999384881824909 0.002287530225111688 0.010850575871422826 -0.8621666053561525 -0.002106078384341979 0.9998582153649016 -0.01670482423696945 -0.14456499722339086 -0.010887251102524873 0.016680945029946676 0.9998015828061574 4.874476722844961
0.9999765703559395 0.0010661069579013726 0.006754340123593502 -0.8203259695522556 -0.0009544074962945064 0.9998630852259995 -0.016519102926369673 -0.17204207433490423 -0.006771026861833887 0.01651227026073022 0.9998407570084803 5.704672000691564
0.9999937952867828 0.0012130481217556416 0.003284663780901775 -0.8341026933228044 -0.0011562044868927961 0.9998505013824932 -0.017252561814855405 -0.2059808148140874 -0.0033051013574605954 0.01724865810268229 0.9998458119277269 6.313893954442377
0.9999982672036891 0.0015727847882905269 -0.0009228643382529712 -0.9222384088266863 -0.0015884973811479313 0.9998494342073854 -0.01728014713309406 -0.2228962409102947 0.0008955464840007594 0.017281584214118885 0.999850309454732 7.086439429923512
0.9999432018260913 0.010318251308230376 -0.002648180225731313 -1.0096503004933124 -0.010357981573237838 0.9998269215989383 -0.015454946107729375 -0.25676570009286165 0.0024882525202347705 0.015481499357487175 0.9998770801407618 7.775651562480541
0.9998498354287253 0.015186552494664617 -0.008338560744633072 -1.0082012609205966 -0.015295997780428552 0.9997955861069363 -0.01322200958142215 -0.33255038746938037 0.008136058172625428 0.013347572096390693 0.99987782887093 8.765701329542168
0.9998116244460018 0.016443768554159598 -0.010302747187949738 -1.1391968411989963 -0.016592767504454254 0.9997565213918577 -0.014547411713440704 -0.3097408826943558 0.010061022247855477 0.014715624319373939 0.999841121693273 9.61778801730074
0.9998650834524797 0.010984074688291328 -0.012207974500057688 -1.2045947929299856 -0.01114878688454119 0.9998466404193234 -0.013506978866979404 -0.32487483906913345 0.012057738824083826 0.0136412624816874 0.99983424614842 10.474343047088604
0.9998644326243653 0.010949993901265621 -0.012292908665456915 -1.257826925150888 -0.01110825765744321 0.9998553323251609 -0.012880669869329559 -0.38426351385492497 0.012150085448135018 0.013015477773144303 0.9998414663301728 11.331503914433842
0.9998494529735054 0.011977657433644357 -0.012551988800055595 -1.3271799926037215 -0.01210979182333977 0.9998714854450995 -0.010504224139263989 -0.4276907516943638 0.012424558499759531 0.010654645599696429 0.9998660359411563 12.20212957794913
0.999594417507557 0.02001230689900016 -0.020259901826077703 -1.2446813531948338 -0.020246511071945333 0.9997297820091314 -0.011421526988935666 -0.4699854426512731 0.020025854560356847 0.01182708781187581 0.9997295088329523 13.0459387660363
0.9995955237421112 0.016390822172668844 -0.023239955557966333 -1.2646810923236964 -0.016675171997717543 0.9997878028264393 -0.01209475750188174 -0.4943781956160592 0.023036779501499842 0.01247739634682285 0.9996567640440025 13.760448989792419
0.9995386486828676 0.014701312828030616 -0.026577479753069053 -1.2645217874653127 -0.015127279772935183 0.9997592040948355 -0.015897917746855353 -0.546169994769872 0.026337358336157315 0.0162926291165374 0.9995203289058713 14.888588920660046
0.9994631470027617 0.017397250845621985 -0.027761918187435414 -1.2608039163006088 -0.017855771655313813 0.9997068321060621 -0.016354584855099753 -0.5909680920166139 0.027469252081959203 0.01684151631883973 0.9994807796662143 15.603563589658178
0.999461444313947 0.010465563101741703 -0.031100389893475494 -1.244575094684566 -0.010959998606435525 0.9998156258150963 -0.015770329725975907 -0.6155744507534471 0.030929606239635952 0.016102698188009232 0.9993918775235966 16.287399065584246
0.9994151975763388 0.01314900752209899 -0.03156420155349627 -1.2865839760339426 -0.01365341611336524 0.9997817024391235 -0.015818400108205292 -0.6190347833661609 0.03134931099192199 0.016240109990105812 0.9993765695135932 17.14012057661211
0.9993161314623356 0.018719985711352118 -0.031886737684920535 -1.4599160377752218 -0.019144109363802606 0.9997316140209532 -0.0130479165916397 -0.6735012688530538 0.03163392021431582 0.013649437890874753 0.999406319642841 18.20856124841038
0.9992826653545804 0.01848100281106132 -0.03305288764059027 -1.5364394297061688 -0.018973988654009438 0.9997124748916258 -0.014664071524083793 -0.6919315857696678 0.03277237274347748 0.01528069910372388 0.9993460450316763 19.165286941922872
0.9991938326473081 0.020383192428594647 -0.03458434682870957 -1.5456527433873657 -0.020922269589901295 0.9996641080499639 -0.015297626881598393 -0.7398586280210266 0.034260909960422664 0.01600887878008502 0.9992847447959082 20.035456408312754
0.9990182651249886 0.02611813613889442 -0.03578058785843194 -1.5994136944616082 -0.026691663912839225 0.9995213165601992 -0.015646111207171427 -0.7763419840296913 0.03535480793328359 0.01658579573749409 0.9992372152813673 20.96985403060305
0.9987367177693102 0.026665833917857276 -0.0425883109281659 -1.5128264491304846 -0.02733148505481454 0.9995120570794943 -0.015124755194894878 -0.7984477449278641 0.04216421093798357 0.016269652144878525 0.9989782300687666 21.99245201964708
0.9986545929480998 0.023570929429061818 -0.046187927798035655 -1.4671680387871924 -0.024109629217504168 0.9996473216703172 -0.01114099048284197 -0.8634927445034711 0.04590902923597355 0.012239576600545088 0.9988706658631697 23.024984041262886
0.9986643930958098 0.027100117225263995 -0.04398782043803344 -1.5119520445702284 -0.02748845748796 0.9995881636551813 -0.008247519132393482 -0.8853196899184299 0.043746191487858604 0.009445662002514059 0.9989980450358477 23.76554012450767
0.9987773202438384 0.020807969776838766 -0.04484248668008022 -1.4889779239518113 -0.021052200230119757 0.9997660201705019 -0.004980994969485986 -0.9195023368929327 0.04472834867146557 0.005918938536915324 0.9989816474694065 24.703019927462808
0.999039706105635 0.016837574616924183 -0.04044869214973703 -1.667474175240574 -0.017033067321253675 0.9998448599832315 -0.004493326478043229 -0.9613012778474411 0.04036675828218778 0.005177977360533024 0.9991715364372855 25.853984539058857
0.9991426902104439 0.016759575652687795 -0.03785351974748596 -1.7483709787593278 -0.017052467774583573 0.9998270597553102 -0.007427952654436958 -0.9843518639492347 0.03772248123654519 0.008067081713023526 0.9992556890296209 26.82407569900074
0.9991728597664519 0.013709353947421187 -0.038282327550832516 -1.7372904688780848 -0.014135902120730463 0.9998408092376554 -0.010893859429270628 -1.0544682467677864 0.038126881220703485 0.011426005504005673 0.9992076038971072 27.741099571984144
0.9991701838808906 0.02136575179169248 -0.034674663649375735 -1.7647307882188765 -0.02192172945355952 0.9996359607122907 -0.015733923638350744 -1.1047098078625608 0.03432586770067776 0.016480997611458312 0.9992748460379876 28.681264221007396
0.9990442235951812 0.015723119329923027 -0.04078375183200647 -1.7719093717302592 -0.016405561159152 0.9997301133743234 -0.016452817016894626 -1.1169815811355766 0.040514051019340726 0.017106173447665247 0.9990325754821473 29.90818023109129
0.9991882306985204 0.008211022467670848 -0.03943832347393748 -1.8346901732317344 -0.00876861407128044 0.9998638073702129 -0.01398622452457381 -1.1044437573586845 0.0393181074946262 0.014320691364824644 0.999124165708157 30.81466952325951
0.9991345914123834 0.0027280601494006768 -0.04150314984419214 -1.905670603948508 -0.0031587517874408144 0.9999418836434653 -0.01031528912166214 -1.152924050843613 0.04147259224483876 0.010437461483803034 0.9990851593695255 31.64878539498618
0.9991378150203895 0.005381011086366207 -0.04116443911544353 -1.9515537264549803 -0.0057829289518829315 0.9999367860886179 -0.009650815639156131 -1.1862564795655381 0.04110990061951685 0.00988054751973267 0.9991057878908889 32.54126268519563
0.999143570065332 0.00929927624730103 -0.040317976386327 -2.0623687231519408 -0.009838802647769174 0.9998645205604633 -0.013203991385028016 -1.190284807783767 0.040189721498002484 0.013589366052827179 0.9990996552254989 33.4493665184871
0.9990026755568858 0.004228134094596438 -0.04444818279875593 -2.0815536279326095 -0.00498713534520267 0.9998434908891961 -0.016979044259163634 -1.2452867754899948 0.0443694315765178 0.017183782760183196 0.9988673929739091 34.540634530636446
0.9987992123859721 0.0005674778734602922 -0.04898687647050761 -2.0680465971578585 -0.0014588804232950718 0.9998340465508117 -0.01816289648056503 -1.2904896714269916 0.04896843703919125 0.01821255557076584 0.9986342423345945 35.76694000382823
0.9988898612564129 0.0006061843997553855 -0.047102023378407305 -2.166270765792647 -0.001434236912756979 0.9998450717338483 -0.017548141412050057 -1.3008192253074273 0.04708408476544476 0.017596218325397622 0.9987359293035711 36.82095521293845
0.9986635359634368 0.006268846725469743 -0.051301134877293736 -2.2252943439210155 -0.007056841922438838 0.999859734424592 -0.015193473696035348 -1.3329268001811163 0.051198690705755986 0.015535193375262676 0.9985676595358081 37.927218421897905
0.99858470353644 0.011810182700155363 -0.05185659950787574 -2.2358466572574396 -0.012536230657523574 0.9998276393278297 -0.01369815509654956 -1.398395145443663 0.05168588307766866 0.014328855335621702 0.9985605871383152 38.999493962693066
0.9984575326097503 0.010109537728964866 -0.05459249880281666 -2.2386830004160516 -0.010750002783878361 0.9998766945940544 -0.01145082066329187 -1.4102818771989787 0.05447000360948551 0.012020028228434648 0.9984430641665293 40.04668757026468
0.998446430150185 0.005347648961991988 -0.05546276277505022 -2.3032296232067173 -0.005843775591907589 0.9999443847630902 -0.00878687349905126 -1.4147938013649723 0.055412686165140675 0.009097334861399927 0.9984221102173724 40.917410584725374
0.9982120329023338 0.009678152859124791 -0.058983529738664865 -2.2608915300923433 -0.010003922949855023 0.9999363616430424 -0.005230269218559314 -1.464441874113721 0.05892915163656342 0.005810984681986318 0.9982452920798714 41.883116884546126
0.9981666746071953 0.022514834108981086 -0.056181497623671146 -2.5112187433007533 -0.022913953112767015 0.9997165797975985 -0.006469939521398859 -1.4762833665497541 0.05601989885688309 0.007745418184716339 0.9983996729668781 42.747264166402054
0.9981655064593676 0.020001125994368544 -0.05714461062951852 -2.496338790684567 -0.02047553975765425 0.9997605544303628 -0.007728490771982662 -1.5077928271736534 0.05697634272460958 0.008884380133978333 0.9983360383709983 43.85974124902126
0.9980632191108005 0.02391030506497742 -0.0574287812401136 -2.6540967012135384 -0.02454305184735605 0.9996453750939627 -0.010337871603628075 -1.5426699280473237 0.057161229906749066 0.011727327313501016 0.998296110800699 44.91054037092479
0.9982619099935295 0.017263597767722048 -0.056347983129570366 -2.668862443980283 -0.017807410561439963 0.9997995266615837 -0.009163124157474035 -1.5759046251506956 0.056178492242082344 0.010150609915293828 0.9983691883725055 45.7410760049382
0.9983174395176961 0.011148738650758293 -0.05690347100784018 -2.8128524771490566 -0.01160884575944764 0.9999025895434845 -0.007761577488045564 -1.5965761270168666 0.05681139073512234 0.008409102266856202 0.998349550561646 46.69435090410003
0.9980788829668595 0.013539474593490137 -0.0604588784027794 -2.8779201448693423 -0.013970897180861587 0.9998799109965121 -0.006718759363135068 -1.6246647422967124 0.06036064681645467 0.007550516877402432 0.9981480938651417 47.63166878340585
0.9980529167823609 0.0037397675673435504 -0.062261240220303125 -2.8171700901134877 -0.004428458976944133 0.9999305981935023 -0.01092699398930015 -1.648169442584003 0.062216051770325964 0.011181440257802076 0.9980000775931493 48.71042448905765
0.9980822797182322 -0.0008258251171481441 -0.061896599192086656 -2.8419226850362964 -2.0332050469473728e-05 0.9999066980559084 -0.013668617400417039 -1.677880089312034 0.06190210812471418 0.01364366410292476 0.9979889971522444 49.62937988355528
0.9979954013074875 0.0068269830835490895 -0.06291792609167637 -2.8952690816134274 -0.0076995120599791505 0.9998775044976255 -0.013635718451754777 -1.721649693336927 0.06281712264553663 0.014092822487065185 0.9979255931851507 50.707422990841074
0.9979241500869306 0.01143785120999662 -0.06337732185024564 -2.9081901712141325 -0.012189945164121205 0.9998597568957455 -0.011492959114313292 -1.7889177032181216 0.06323697408897921 0.012241667710726165 0.9979235134919535 51.85581730847227
0.9977896045294017 0.01648432106489659 -0.06437604423222384 -2.9864288645957795 -0.017219988883777806 0.9997925130992276 -0.01088951768101051 -1.8031462340659057 0.06418317677413525 0.011974002157016413 0.9978663479422459 52.78280940472984
0.997640538442263 0.01854974654238406 -0.06610086119798322 -3.0066004172095995 -0.019310280144990595 0.9997543713916747 -0.0108853013039052 -1.8397560371363004 0.06588270048608309 0.012136044127486508 0.9977536134091174 53.77976847709968
0.9977444013134041 0.012518871219395862 -0.06595067138921124 -3.0648401979789144 -0.013352267312082888 0.9998363853809992 -0.012211034256349968 -1.8664777674270332 0.06578701059899761 0.013064082384491736 0.9977481796284781 54.77325501831792
0.9976528733969655 0.016821140635142354 -0.06637680551537438 -2.9881382933497376 -0.017734432511696353 0.9997557472824693 -0.013193973078780107 -1.9066957441782462 0.06613865554352008 0.014340160620660278 0.9977073842929699 55.790889728632564
0.997597275415981 0.015524803787103499 -0.06751855275651157 -3.0513807977641214 -0.01632321359114006 0.9998031070840471 -0.011289407732562515 -1.9584409191286902 0.06732999277329584 0.012364402483972258 0.9976541502399751 56.65636406862912
0.9975153015383325 0.00983785608422241 -0.06976040951829904 -3.0666850885339616 -0.010387857814494611 0.999917790332638 -0.007525726366598787 -1.981947900394236 0.06968063680677457 0.008231688647534886 0.9975353959824637 57.53777385993408
0.9974339451894899 0.011082113658018863 -0.07073005942834738 -3.166172826806414 -0.011249824809757836 0.999934837498571 -0.001973190638262022 -2.018263592668531 0.07070358217762862 0.0027638284182486855 0.9974935337617337 58.241142155126454
0.9974348116817887 0.008182877107889175 -0.07111125787808731 -3.224539497183094 -0.008073916597865136 0.9999658066632615 0.0018195830898308629 -2.0408485624424806 0.07112371257827757 -0.0012407687984528494 0.9974667318972248 59.05674952875201
0.9973536140562091 0.01124013960660915 -0.07182900719714072 -3.3609843224456535 -0.011383691634231658 0.9999339829918688 -0.0015894308542505073 -2.071430604718534 0.07180639692688258 0.0024029044335809576 0.9974157078440552 59.93298996949829
0.9973231635086982 0.00831012480911706 -0.07264553597677637 -3.4844349995301114 -0.008899048875188689 0.9999301353709475 -0.0077868966821388035 -2.0924666251432242 0.07257574411309564 0.008412529735632328 0.997327448838411 61.024513660270294
0.9972946606066151 0.009379273214965825 -0.07290611366215886 -3.57689639656053 -0.010222693258735432 0.9998850156714554 -0.011204035671837536 -2.135084573417486 0.07279263989911473 0.011919023352113025 0.9972758840555784 61.974065126682895
0.9972711048198027 0.011314751418339831 -0.07295390097911282 -3.697945814466238 -0.01207793522007146 0.9998767915769702 -0.010028501024450298 -2.1589646138521235 0.0728314399356886 0.010882267884518473 0.9972849041516538 62.89744342319618
0.9970605032122731 0.011562512861742799 -0.07574018474154967 -3.7724725569954765 -0.012113405687799584 0.9999034351371938 -0.006818087462705464 -2.194162884949606 0.07565403017495502 0.007715518627495716 0.9971042961972667 63.797707685144005
0.9970008475783599 0.01751756007446867 -0.07538119962287164 -3.870134117699733 -0.0180735583409165 0.9998142607044034 -0.006699932060150213 -2.2321062215230962 0.07524982304975097 0.008042245782035103 0.9971323143212862 64.72113382304805
0.9968708072330033 0.016833328705574316 -0.07723416169073052 -3.927100727505996 -0.017348279225718174 0.9998315707765387 -0.006001268426668966 -2.2399236142336134 0.07712012041454559 0.0073223705447707284 0.996994961935344 65.57653169278981
0.9968983111772818 0.013705160071738116 -0.07749679905045613 -4.060047565278658 -0.014140603428738475 0.9998871940492955 -0.005072894411124224 -2.266784692577908 0.0774185186352938 0.0061530126721733806 0.9969797548391747 66.41829948104085
0.9965874949955394 0.010279739969509283 -0.08189961288432043 -4.073168121704285 -0.010692182610410522 0.9999323214106016 -0.004598982099690637 -2.28920710272495 0.08184677978865425 0.005458974965928457 0.9966300405565066 67.67956122678306
0.9964415510039116 0.01683893442445405 -0.0825865777145199 -4.159658436582932 -0.017206684434471133 0.9998449906243032 -0.003743154431295691 -2.3520205133636787 0.08251073262090483 0.005150876855739142 0.9965769288496529 68.24548147572294
0.9965753377715919 0.024996757314515027 -0.07882015437028445 -4.281741130358107 -0.02525502353696122 0.9996784884011819 -0.0022813400750142238 -2.386836083710469 0.07873777514647573 0.004264133087215859 0.9968862790496338 68.9625074770117
0.9965710941081195 0.020565589521544497 -0.08014325427731497 -4.373732362694078 -0.02068687793011159 0.9997858369687107 -0.0006833269799703173 -2.4091703846647916 0.0801120237748637 0.002338898538260279 0.9967831542457062 69.76801879811075
0.9965031451667181 0.01478905925812183 -0.08223489685462693 -4.3932671115732935 -0.01459066980202681 0.999889096444998 0.003012895339866794 -2.4248082066397685 0.08227031703656545 -0.0018024969349249127 0.9966084709538481 70.49604186461683
0.9963464028985127 0.020225632198460904 -0.08297321301217019 -4.437267093764001 -0.02001346221447604 0.9997940680184851 0.003388060073104694 -2.469695005567612 0.0830246311300615 -0.001715099843936699 0.9965460740410539 71.19282569510598
0.9959144903302759 0.02711176802369098 -0.08613427565869518 -4.4915116582545025 -0.026995215814070363 0.9996324792002578 0.0025178154048133396 -2.5104114565003934 0.086170865241816 -0.00018231446873929547 0.9962803930303202 71.93536608784233
0.996059538916853 0.019702899987111257 -0.0864700922397828 -4.557176696364385 -0.02009389668744535 0.9997915097346959 -0.0036536578935144953 -2.564761215874096 0.08638006008599684 0.0053767837989303615 0.9962478073408233 72.70487534186022
0.9959323997626511 0.020410573237692305 -0.08776090089413859 -4.606815453560101 -0.021050269664528987 0.9997582181307836 -0.006369732724382267 -2.612895672180253 0.08760965583272576 0.008191215924167692 0.9961212666322028 73.3690097133443
0.9959916905515653 0.019172832780210064 -0.08736614938520136 -4.715696162303203 -0.02006087060400565 0.9997556152289495 -0.009297881553345266 -2.6206709527484744 0.08716651528995552 0.011013256231215537 0.9961329318148726 74.19332818188317
0.9958599550257389 0.017158478543794875 -0.08926577863774567 -4.744945648715866 -0.017802802461939625 0.999820937152718 -0.006426876583756241 -2.66803045745398 0.0891395023101382 0.007989452423566383 0.9959871575321747 74.82504692789824
0.9959503146058587 0.017039923998296614 -0.0882749334660525 -4.868838718806061 -0.01757947338793669 0.9998313200691096 -0.005338337126040315 -2.6954129319576783 0.08816906108340569 0.006868547872087775 0.9960818761898004 75.48650531873268
0.995909694970341 0.015834895099348854 -0.08895520724772668 -4.965339430824278 -0.016592600952221395 0.9998321579087818 -0.007784852874277895 -2.7004999893902077 0.08881698718295723 0.009229011894517337 0.9960052273576832 76.18475814825136
0.9956846564105561 0.012501641466145495 -0.09195493684555071 -4.928832707415576 -0.01365355734786985 0.9998359834451147 -0.011908564603237245 -2.7141715599275886 0.09179096436220079 0.01311269083399719 0.9956919796281981 76.71870358943467
0.9958906148627226 0.00864802749987497 -0.09014990688145882 -4.958964159790217 -0.010273048250500624 0.9997928378655704 -0.01757739483000378 -2.712597100224353 0.08997920485932667 0.018431280958911507 0.995773128004006 77.36871733020647
0.9961716288298235 0.008616253089544456 -0.086993036981127 -5.0292393620822 -0.01016486674884545 0.9997974780065249 -0.017374352514768345 -2.721279290108328 0.08682570612345937 0.01819211363546958 0.9960574222737281 77.97676606392537
0.9965547136892541 0.018732616153628822 -0.08079451100437657 -5.095368818282025 -0.019970538092993477 0.9996948911260432 -0.014541048742054011 -2.7340414243251256 0.08049745810562851 0.01610446302369709 0.9966247585456499 78.43463504237296
0.9970634229503283 0.01984962614444795 -0.07396283166080304 -5.178629928974359 -0.020814998762469162 0.9997076735464069 -0.012304186992081889 -2.7558676584597785 0.0736969701811882 0.01380759297308636 0.9971851440954531 79.04420101992936
0.9975481707188425 0.016226820324813918 -0.06807610090395856 -5.2259031080997085 -0.016930871697057828 0.9998088812890806 -0.00977790336562774 -2.788225603909298 0.06790442420420095 0.01090651917075784 0.9976322404158458 79.52073086281484
0.9982417880804223 0.013609742658402913 -0.057689851238578504 -5.32703622361759 -0.014089208515790588 0.9998694496752965 -0.00791249900176556 -2.795916906342934 0.05757463120266728 0.008711393147193266 0.9983032373423087 79.96525042337198
0.998783049484326 0.01654486753215608 -0.04646222245033291 -5.335381616754954 -0.016873379150906188 0.9998353145817435 -0.006687211158846263 -2.828034460515533 0.04634392905075651 0.007463049423780571 0.9988977275727978 80.58753995899828
0.9992467414565993 0.022908177021544317 -0.031323676968415086 -5.329943376547854 -0.023175750877628284 0.9996977856508632 -0.008205997458754347 -2.834871424411688 0.031126222745497884 0.00892576771745709 0.9994756928795541 81.02189759778086
0.9996174403591217 0.02454756487275253 -0.012745697327974563 -5.357103918500545 -0.024628308526580104 0.9996774108275561 -0.0062171933355807864 -2.883978378754669 0.012588968238663227 0.006528721511814892 0.9998995343036587 81.48699300167405
0.9997025058123727 0.02306621671962588 0.00793080512977258 -5.436002040320088 -0.023027683084016645 0.9997228131427072 -0.004916043715498002 -2.912126534063068 -0.008041998654855977 0.0047319549921204405 0.9999565506566827 81.93966164945961
0.9991978852490172 0.021228646322133303 0.03395627815240292 -5.40525069151247 -0.021112838991830217 0.9997700971456414 -0.0037654305418892693 -2.9121295101386115 -0.03402840010896422 0.0030454986325452837 0.9994163259977785 82.50289536252771
0.9975698338952077 0.02408037786132025 0.0653807558676324 -5.395205193131777 -0.023816695529743383 0.9997048390811424 -0.004809548683346985 -2.909011993576079 -0.0654772626589662 0.003240708923948548 0.9978489231830866 82.83153260418867
0.9949919501624158 0.02843638880984336 0.09582542735070342 -5.322238788197034 -0.028526960994022903 0.9995930114898995 -0.00042491723268132334 -2.9585925824447776 -0.09579849520043805 -0.002310817000416944 0.9953981915409261 83.19527094164646
0.9909291243602043 0.02598931471805956 0.13184887233957318 -5.257728685785253 -0.025666185688443706 0.9996620192307079 -0.004149893608385816 -2.9238548519754564 -0.1319121417946796 0.0007281945879548373 0.9912612735051479 83.65514275226795
0.9848731703714604 0.03084238075104894 0.17050998752316435 -5.0623195229109115 -0.030748742576464337 0.9995221064171689 -0.0031905954308158787 -2.9678340011045545 -0.17052688182992057 -0.0021006339668451285 0.9853509035287662 84.12579826136019
0.9746269768076663 0.023166300895007142 0.22263335252650165 -5.08420371879538 -0.0226424472452726 0.9997316156869486 -0.004905564858158568 -2.9547368541240693 -0.22268721317109377 -0.00025986625373976627 0.974890033958016 84.59263069939398
0.964333596084538 0.02763551910974709 0.2632433376605045 -4.944142138248264 -0.026483269698885252 0.9996178907773579 -0.007925179744823372 -2.9540026254367673 -0.2633617247459593 0.0006709747352079088 0.9646970409032838 84.73546086885463
0.9488317181423102 0.019067144560974268 0.31520614888013965 -4.648255944431282 -0.017088560780971082 0.999813154736606 -0.009039839888246085 -2.9713848411623465 -0.3153195859944544 0.003190868911057937 0.9489802740968869 85.3014385932217
0.9281317152081188 0.01708467236574315 0.3718598718543868 -4.43943510603518 -0.014397529091616748 0.999846351249902 -0.010001737205798755 -3.0198195648029875 -0.3719735843888097 0.003929067456520622 0.9282351030489977 85.69017698497709
0.8965328136975015 0.01159533166067889 0.442825710804552 -4.33957470939214 -0.008503263878879851 0.9999236551588444 -0.008967393529345825 -3.0385221180999857 -0.44289585684460797 0.004274099596479005 0.8965629858588825 86.14922397960989
0.8672499065919723 0.013274060637090294 0.4976962673930482 -4.059729590628169 -0.010865141207670629 0.9999110446638307 -0.007735820473130697 -3.057377902705337 -0.49775467161431336 0.0013013499481849948 0.8673170055898545 86.55167493523614
0.8310017341609256 0.009479426696819206 0.5561892428775448 -3.8481445253146394 -0.008291811297218886 0.9999548042814596 -0.004653973564875561 -3.1199431657357675 -0.556208215028977 -0.0007443556562522708 0.8310427674616264 86.8244046466948
0.789346711783022 0.00887442363037138 0.6138836919357529 -3.6500339072913848 -0.005415166601632904 0.9999572722385011 -0.007492626655298548 -3.1197674555327777 -0.6139239552379694 0.0025899980305758062 0.7893610317341372 87.09768507929402
0.7514352696601091 0.011388743076140467 0.65970867043295 -3.3131713515641485 -0.00714632145063192 0.9999328525799404 -0.009122180305399645 -3.151822390149895 -0.6597682949455287 0.0021402381798596042 0.7514661675606427 87.30226470572703
0.7123247618628425 0.011702740502429504 0.70175257067932 -2.963648177783074 -0.006713824832303665 0.9999288227270587 -0.009860292502245314 -3.1348267162097625 -0.7018180874651514 0.0023122880115714088 0.7123525909798072 87.48774987647187
0.6627719881811467 0.002024655400210875 0.7488186716365991 -2.71278523190862 0.002985322921102408 0.9999812319052376 -0.005346031126632282 -3.1794318352510103 -0.7488155160164377 0.0057786680554192706 0.6627534669082563 87.79522605462812
0.6123555244841142 0.0008701389015092978 0.7905821785757555 -2.3008690129131395 0.008487560608703808 0.9999345074288022 -0.00767470825015128 -3.219431075886946 -0.7905371626951938 0.011409766580257507 0.6123079932500346 88.11022013182651
0.5593957822113735 -0.005979033615376271 0.8288792669324737 -1.9425111324041 0.015766891675759197 0.9998698096400882 -0.003428334266261857 -3.242282118974817 -0.8287509321380807 0.014986646256710803 0.559417179931854 88.35915660909728
0.5337765412226879 -0.002311200049941275 0.8456225519340528 -1.321371003955934 0.01561509056837251 0.9998526810968568 -0.007123874221109893 -3.206224287770907 -0.8454815754516828 0.01700703064710954 0.5337339765319083 88.45297473568239
0.4878204140219639 0.0008421707551662543 0.872943756151031 -0.9887586071897785 0.021270371912113423 0.9996911351510568 -0.012850808676252323 -3.168672975043018 -0.8726850125249546 0.024836725619801808 0.48765183275760576 88.53451957843475
0.4438246237093764 0.0031614473353591497 0.896108236365287 -0.6891715137526276 0.01781285621470894 0.9997650564722563 -0.012349501733254008 -3.183640161313166 -0.8959367627416335 0.021443260698190428 0.4436640398751726 88.68568410133192
0.3955681011671889 0.006592367971929989 0.9184131010728326 -0.37481370121775165 0.01947400213072162 0.9996892390531149 -0.015563379813741614 -3.1709022635652735 -0.9182302922637605 0.024041557500754013 0.39531678603701265 88.81273273129194
0.35270908757745323 -0.003302737539523536 0.9357273272662786 0.0025130799497387036 0.025512261746060756 0.9996559824913299 -0.00608810042971147 -3.2074440727521325 -0.9353852784364642 0.026019851213527328 0.35267201761830624 88.9532551905474
0.31457754672144816 -0.005490643206928991 0.9492159997321147 0.3564595012068902 0.02928374136847236 0.9995634311947393 -0.003922982357517508 -3.202257608833067 -0.9487800426851742 0.029030681424610176 0.3146010142767677 89.06594953305716
0.2901946907186431 -0.001373028424388266 0.9569667431290688 0.7738266052295861 0.020463899838514085 0.999779225167406 -0.004771103498907402 -3.194191307595215 -0.9567488706544668 0.020967824503948317 0.29015872787904845 89.08793688212609
0.25860959919014526 0.004682497114993914 0.9659706606735567 1.1613661830630408 0.021340826691256823 0.9997165351244875 -0.010559441486163449 -3.1987400257084664 -0.9657462369259913 0.023345389463621198 0.2584363586135844 89.16667240958755
0.2340545927547066 0.011240692298396127 0.9721585614173828 1.550479179158776 0.013764592248250223 0.9997946941242398 -0.014874166829283043 -3.171481537851077 -0.9721260687647723 0.016862737964063224 0.2338518111282151 89.20146773374465
0.2166506309924111 0.01300013183136016 0.9761627512566489 1.9963628200007533 0.01356347404344136 0.9997748200548402 -0.01632487825202966 -3.2208231190630197 -0.9761550105966641 0.01677695818337594 0.2164255191191334 89.129417151026
0.1985903709160388 0.013472920210825122 0.9799900817817111 2.3772014878857504 0.01590904081042473 0.9997295458479035 -0.016968188800895602 -3.2384773020901996 -0.9799534717409015 0.01896042649097661 0.19832232005290099 89.007818623585
0.1699578104955468 0.020208152329086404 0.9852442380732489 3.1278393503390016 0.01977730471997677 0.9995184702048582 -0.02391257603857857 -3.240061777509703 -0.9852529062139626 0.023549608444943585 0.16947631133360005 89.153271639667
0.15799043728160939 0.026296557176970357 0.9870905739633743 3.6893499112197383 0.02598850632652219 0.999188383602089 -0.03077848263934363 -3.2351376281660857 -0.987098608000432 0.03051571897322006 0.15717880858417693 89.24453853942808
0.14122521821513662 0.027247484542569707 0.9896025801302715 4.103194438706936 0.020636199109467512 0.9993229867917183 -0.030460096293119694 -3.2477437622593386 -0.9897624094188671 0.02472337335824007 0.1405673286587391 89.25240546884245
0.1321717996219105 0.0264705489031407 0.990873466151876 4.275904075971608 0.028958331155365082 0.9991136080546055 -0.0305534092104588 -3.249293145559178 -0.9908037677947876 0.032732342741635514 0.13128810627501653 89.2552801335535
0.11145967046771198 0.02272094920247301 0.9935093627026524 4.800774113239665 0.030747090918275592 0.9991811759142878 -0.026300112795247046 -3.27861374468716 -0.9932932374610152 0.03347892473355085 0.11066980877444649 89.33985980686386
0.09375505624269909 0.01857521127267101 0.9954221454895551 5.328620592609891 0.035952225289842155 0.9991106850678089 -0.022030248265089068 -3.2866294386322035 -0.9949459698410178 0.03785308873371193 0.0930038667688433 89.380915383193
0.07247331641458653 0.019398895645147702 0.9971818321409309 5.654785584795204 0.04227665620163103 0.9988524969112428 -0.022503986020856397 -3.2805238885975427 -0.9964739901557738 0.0437884499871246 0.07157003940658453 89.50232551933273
0.0621966241868221 0.019803043868624116 0.9978676161368294 5.992497256694161 0.05001739632221232 0.9984850488921596 -0.02293285969758243 -3.3166416995713743 -0.9968098629097555 0.05133708313288457 0.06111191209641856 89.59993853902067
0.05671356697095704 0.020470776774980822 0.9981807992308334 6.559485787416011 0.04134011858715257 0.9988842065790177 -0.022834022905596035 -3.327891018347343 -0.9975342529233479 0.04255991075449877 0.05580403174205622 89.62828372761506
0.056012674809546095 0.02280212516760192 0.9981698144841074 7.049540199070929 0.04083768009015736 0.9988502977834776 -0.025109290715241938 -3.321221223265698 -0.9975945712633694 0.042169378869216984 0.05501709496459921 89.52091995726197
0.05088633528251936 0.02485699255231276 0.9983952538329005 7.7786218604744635 0.03884964912844382 0.9988843342313157 -0.026849262713146783 -3.3436034529905854 -0.9979485901064425 0.04015356506747538 0.049863881731483824 89.56387776916694
0.04833598414482937 0.026129054284301723 0.9984894877963754 8.0155543362268 0.039285643093040966 0.998834578796076 -0.028039866593602435 -3.353225624520648 -0.9980583191515873 0.04058163537188162 0.047253156911503114 89.5796163097347
0.04081376497506768 0.02801794321672167 0.9987740522987902 8.8053642627515 0.03712900111034915 0.9988738757461707 -0.02953797793508395 -3.348984060758741 -0.9984767566626491 0.03828903671897925 0.0397275275217221 89.58949337010033
0.04052937117825308 0.0281135170461428 0.9987829381843915 9.700284745191771 0.03586398239461733 0.998919044760429 -0.02957266449575097 -3.350901657014887 -0.998534553546227 0.0370188935607741 0.039477301248891455 89.53985743513527
0.04084819710636246 0.028341666270462713 0.9987635196357019 10.595076073720191 0.04465344182199007 0.9985471511835559 -0.030161797328377583 -3.358933661892691 -0.9981671043313685 0.04583028113950027 0.039523300724725645 89.41006403937322
0.03759997592345824 0.029731121763912516 0.998850698488433 11.224383785004077 0.044129665390556315 0.9985327866596069 -0.0313828433387422 -3.3877716930448925 -0.9983180444234384 0.04525893667213974 0.0362327877995949 89.41315762534444
0.03490659872596665 0.03045887748823991 0.9989265322741959 12.015375752974984 0.039189070143928625 0.9987250012987945 -0.03182215869127225 -3.3884995491805325 -0.99862195607213 0.04025780284261983 0.03366844197356353 89.52839221161034
0.03158737039702515 0.028966047924726412 0.9990813763582292 12.705417022168332 0.04026614362349976 0.9987316251881145 -0.030228976771805104 -3.417457487672121 -0.9986895879192249 0.04118400631154655 0.03038096083564291 89.59321757668711
0.03170949751601228 0.027776137422229563 0.9991112807627794 13.593592303320483 0.04855703417729796 0.998390674171248 -0.029297188226342943 -3.4760529307638404 -0.9983169253338366 0.049442879183767434 0.030309746725172455 89.743530684373
0.03670715618309591 0.02621262521340673 0.9989824101187121 14.237626214282821 0.05610007702644517 0.9980254628490633 -0.028248882955188275 -3.520794220184493 -0.997750125941579 0.05707992406135369 0.03516415423585939 89.75797257901489
0.036388365556586096 0.025884672655913654 0.9990026276933809 15.021236054206856 0.056310378089385216 0.9980231309658861 -0.027910378009764158 -3.5467844618147293 -0.9977499293732984 0.05726982709184393 0.03485886634583845 89.88558983095344
0.030438263293765432 0.02271922832452852 0.9992786324276078 15.482742715824276 0.0619724447772962 0.9977753234131199 -0.02457274249106135 -3.6210463244046975 -0.9976135746865127 0.0626756854195467 0.028962597482831014 90.0316304761769
0.023976791126232914 0.02096994432220896 0.9994927977551665 16.14776405745783 0.06310788432969967 0.9977542041994498 -0.02244735984069539 -3.680102259632579 -0.9977185981371077 0.06361408278715663 0.022599596137045548 90.26789186308844
0.020104087559014844 0.020924594361605865 0.9995791362718772 16.830440755310256 0.05864900813286253 0.9980345891566356 -0.022071843994554793 -3.712502115073318 -0.9980761264316635 0.05906805293475201 0.018837393459460772 90.4393227141278
0.01860348638980167 0.01888825498261457 0.999648770410902 17.514882527256802 0.05283012545937634 0.9984062339548083 -0.01984795151061431 -3.756278530829208 -0.9984300996049313 0.053180807905304585 0.017575998783232568 90.64449104928974
0.01942348154909488 0.017974913182339926 0.9996499940801026 18.31161296823092 0.051995164592118226 0.9984672426525261 -0.01896393050754508 -3.7859811078077557 -0.9984583222767296 0.05234530922796136 0.018459135491867996 90.70103746097108
0.02387819510754989 0.020842239125819603 0.9994978167396332 19.053779486802032 0.0480072861406449 0.9986053070654036 -0.021970535595483415 -3.820149166373311 -0.9985613974418335 0.048507796587962615 0.02284434857311108 90.7349954205813
0.03242815898098086 0.024433367245347427 0.9991756052410365 19.83921183142624 0.04085469416515128 0.9988332142233274 -0.025750936665858662 -3.8565741104283022 -0.9986385726549405 0.04165607664876826 0.031392137990377066 90.6744129341444
0.033312137150685844 0.028185897235891846 0.9990477345099323 20.752610762465235 0.041229308193834135 0.9987126136257098 -0.029551196928230754 -3.90341068643175 -0.9985941043686672 0.04217446665207253 0.03210720008195172 90.69563310101508
0.03323323165780159 0.027225378658924528 0.9990769913716756 21.47560371115957 0.045043937553336015 0.9985723723148 -0.028709976560722526 -3.93472435057278 -0.9984319262215317 0.04595649201038282 0.03195948100519777 90.74388870864756
0.02965473904223871 0.027861559520517602 0.9991720700512562 22.23487805138983 0.04199410237769611 0.9986941469518295 -0.029094600504710147 -3.959437192150859 -0.9986775233373782 0.04282213304775559 0.028446026889448486 90.88522417440309
0.03286210105043429 0.028852364049130327 0.9990435731332872 22.859479125878785 0.038807010309387616 0.9987926361360846 -0.030121626310565155 -3.986127665250126 -0.9987060450500364 0.039759763695014015 0.03170278261772458 90.83546742540884
0.02684524010291302 0.029371697518307205 0.9992082145050527 23.52620776035316 0.03339784940519117 0.998983899345324 -0.03026239607515908 -3.996221097963358 -0.9990813619309271 0.03418381903903224 0.025837045537058657 90.95436052514833
0.0340418790260258 0.02898223292154041 0.9990002848104851 24.743358339974527 0.03627126043688702 0.9988851505497676 -0.03021487787709103 -4.031570473840131 -0.9987618257074667 0.03726358257976278 0.03295273575258066 90.88435421809453
0.03288266776414561 0.029809688421759253 0.9990147740366659 25.428373886120276 0.03245508016870269 0.9989961688881404 -0.03087740432656056 -4.040158303545873 -0.9989319271935626 0.03343845006764627 0.03188221563460074 90.95237700494543
0.038341690532886025 0.03101620185681117 0.998783388560293 26.27241649233492 0.03019930123371221 0.999025669064892 -0.03218303818795853 -4.074081996371389 -0.9988080211009001 0.03139652876596018 0.03736769552878434 90.87414950576972
0.03230289135479359 0.030733076314648427 0.9990057035901344 27.091090283023185 0.025356734182801172 0.9991802253534865 -0.031558369549256005 -4.101142540627561 -0.9991562119356491 0.02635096503667889 0.03149714917295714 90.95705538423603
0.03179930579972455 0.030360762980793772 0.9990332566534673 27.89606691881586 0.02716086084250923 0.9991431810276572 -0.031228651158402475 -4.120911390382491 -0.9991249629515484 0.028127666529950107 0.030947461408076454 90.86594823286916
0.03264687840300706 0.028303987913482147 0.9990663314005085 28.815686198529633 0.021868625327108485 0.9993394015504964 -0.02902635267135125 -4.156087643685485 -0.9992274812981488 0.02279584044833202 0.03200636601665318 90.76982624537187
0.034716052631447364 0.02701997062067868 0.9990321229038384 29.753669122003913 0.013718958902359251 0.999527356209553 -0.02751011575418389 -4.215250488524456 -0.999302843128016 0.014660739077601764 0.03432897779766088 90.70604097403061
0.03611887212584485 0.02407954636419774 0.9990575688119243 30.6898379990114 0.012856806107919295 0.9996157121975895 -0.024557830152078998 -4.273681074104909 -0.9992645868598227 0.013731707174060161 0.03579541887253876 90.6278650788296
0.029682492778934758 0.022177002874065096 0.999313540500468 31.46606885181512 0.013938337850452787 0.9996474139003314 -0.02259844229017571 -4.349726495488794 -0.9994620068994895 0.014599563556349133 0.029362925160875096 90.600129360926
0.02636449143837792 0.02208002632432428 0.9994087054661932 32.22876846335711 0.014749076688370635 0.9996385956460684 -0.022474206785886224 -4.376900736058327 -0.999543384566989 0.015332893023090592 0.026029304049478615 90.52750243133886
0.02078866841826154 0.02047928170754043 0.9995743356329337 32.82365345366328 0.022793017032586578 0.9995206192069083 -0.020952238115794317 -4.353250016942184 -0.9995238413121419 0.023218896987321026 0.020311913092175057 90.50222990939388
