0.02210854994174322 0.009416980852186264 0.9997112826973104 -121.17305740970274 0.002386978839997335 0.9999522659179981 -0.009472031861459923 -1.7624953920157875 -0.9997526274394777 0.0025956822457159643 0.02208497090016476 217.78790973627125
0.054869762756616425 0.006914017950276409 0.9984696444594418 -120.43018138694258 0.010163915843380385 0.9999203057866581 -0.007482603351891389 -1.790874798700954 -0.9984416637423302 0.01055890924958953 0.05479506699605892 217.25552509429556
0.04364706379140985 0.009817150828410556 0.998998866837169 -119.74858972840366 0.014029496393143971 0.9998470506171758 -0.010438439973633737 -1.8013399755058463 -0.998948388479117 0.014471036544347227 0.04350260886074456 217.33595110548058
0.03391681491625162 0.011024542117641683 0.9993639394751781 -119.17315888484865 0.014668549077311311 0.9998259411427398 -0.011527459664407297 -1.846708307879258 -0.9993168913019871 0.01505017275882097 0.03374914716675138 217.3762793346727
0.02658428532263173 0.010286357155590705 0.9995937176570692 -118.44694670003531 0.01766313841235687 0.9997860775279096 -0.010758083405476992 -1.8753367529080114 -0.9994904148303065 0.017941936487903935 0.02639685725145025 217.47024642178
0.013565677211497663 0.011942420905785877 0.9998367576658046 -117.85602525625514 0.010730646223028377 0.9998693019095206 -0.012088397482584109 -1.8789039598688468 -0.9998502774529994 0.010892861113053725 0.013435703365382985 217.5876165671489
-0.009364048837451051 0.00735839944722423 0.9999291486886862 -117.22302636830713 0.004231358195794655 0.999964224724042 -0.007319026980448224 -1.933734993956731 -0.9999471035773848 0.004162502719463178 -0.009394900662388229 217.86897094466732
0.00022073631591205918 -0.0010830994990746819 0.9999994788603268 -116.64387714087337 0.0141624084871726 0.9998990786033682 0.0010798695619081986 -1.9605007847941767 -0.999899570855772 0.0141621402254218 0.00023600178854196887 217.68229816683456
-0.015091023006581267 -0.006977815127495265 0.9998618799264064 -116.09979217784291 0.016710494991556274 0.9998341892817805 0.007229840590077397 -1.9792206183612324 -0.9997463405146195 0.016817268602625588 -0.014971966622072607 217.8293452504403
-0.013102913829550375 -0.009056741155086433 0.9998732232166883 -115.56304946275688 0.02230165417320944 0.9997075685389772 0.009347498870810218 -1.98969734484295 -0.9996652607313934 0.02242128099369587 -0.012897149138909268 217.8200328047279
-0.019977963760503762 -0.016460526349556363 0.9996650115140702 -114.99528215407136 0.012382640698137775 0.9997836601456097 0.01670994783747188 -2.036469133573387 -0.9997235764578101 0.012712298268054536 -0.01976986237455405 217.98927667205479
-0.012589746591505722 -0.02098291659267484 0.9997006400671241 -114.54042607569045 0.009662442494232 0.9997305213951785 0.021105232191145386 -2.057112484213827 -0.9998739132954652 0.009925233918101701 -0.012383650833163904 217.9550689518867
-0.014368482485282531 -0.01769369717432745 0.9997402551258419 -114.07137247692224 0.013542187731788965 0.9997482433432412 0.017888473291443486 -2.0588879605792414 -0.9998049404422807 0.013795674262206079 -0.014125293377234165 218.06714307747188
1.6814163665688392e-05 -0.01795012464731029 0.999838918900948 -113.50096347971466 0.022446488481159113 0.9995869427748699 0.017945228586357206 -2.067692178263657 -0.9997479386245154 0.022442544079180372 0.0004196862040497478 218.00556976432358
0.009524122635248586 -0.015598933773011891 0.9998329873921066 -112.96284588554438 0.027759847998491086 0.9994970149409227 0.01532926611214499 -2.0945748499128913 -0.9995691237574138 0.02760918700779447 0.009952320789005922 218.03301845720742
0.015532512609451769 -0.0047861404779994164 0.9998679502405922 -112.51561719624978 0.028004590017645468 0.9995982913346492 0.004349818391589183 -2.065114518820452 -0.9994869646254767 0.027933303011276472 0.015660277205071235 218.21288863806043
0.024843866060943198 -0.0041798184248054765 0.999682666067089 -112.10928865065777 0.036437808932349276 0.9993305489033939 0.0032728118410053388 -2.0995295875839664 -0.9990269045444367 0.036344911016555216 0.024979515014526235 218.40504913888685
0.05545775123578189 -0.005131229168765929 0.9984478811767479 -111.45359000900083 0.04089647456972638 0.9991592664308026 0.0028633424202619646 -2.095201899876294 -0.9976229613754072 0.04067417853044837 0.05562095380783073 218.3009237439951
0.08081684498304417 -0.008225698604000764 0.996695078916017 -110.67672252674821 0.04414961034059706 0.9990140100702001 0.004664983407692967 -2.127220411411428 -0.9957504959599002 0.043626664449173125 0.08110030998624289 218.35951033638557
0.1077879481854103 -0.0027893005720842313 0.9941700601041783 -109.97280844538864 0.0361664822613402 0.9993451237750997 -0.0011173403935115839 -2.1306183255389044 -0.993515658483466 0.036076046742521385 0.10781823530625194 218.45588920843787
0.13514756364834454 -0.003609304671257477 0.9908189708962442 -109.46822583784298 0.038408632777905204 0.9992608286253012 -0.0015988647035929547 -2.1855667567096355 -0.9900805734117015 0.038272062235262416 0.13518629513626473 218.61766211131214
0.18027431698098217 -0.010097397654756354 0.9835645947139707 -108.8624845646815 0.04741240574540468 0.9988741466009537 0.0015645158803505904 -2.2155015385998693 -0.9824728293281914 0.046351096628881115 0.1805501063612991 218.5786275422205
0.23643395790759741 -0.019257244293082548 0.9714567649058143 -108.13065343336756 0.054725065557953985 0.9984804387897322 0.006473917293940977 -2.2635080288344325 -0.970105028367613 0.05163235353909758 0.2371285548379833 218.41909123347438
0.2767303374751749 -0.02200153747329517 0.9606957685131301 -107.65982022489023 0.0423508884730375 0.9990456561721218 0.010680570842841727 -2.300476563104161 -0.9600137281020248 0.0377306534049212 0.2773980587203231 218.62051548521643
0.31640073529578655 -0.019477711124154317 0.9484256734769082 -107.24899445595929 0.03537337920829833 0.9993360749150068 0.00872248634390628 -2.279514705538723 -0.9479656889912517 0.030789193607462698 0.3168796904921844 218.81932830883548
0.3557109750726309 -0.01892694792221186 0.9344043560055395 -106.84930756756843 0.030753749784363602 0.9994904726807852 0.00853792351365581 -2.2690903691811393 -0.9340896648556423 0.025699379839397907 0.3561118617266796 219.00680290650763
0.40105885633771987 -0.018230308543520403 0.9158708689331786 -106.3067287460825 0.03238876268652272 0.9994589901999033 0.005711134715425984 -2.288805092034706 -0.9154793352801149 0.027373398681860527 0.4014323834682536 219.2689669326948
0.4544515471678914 -0.013345486687928796 0.8906714736161881 -105.69081173663334 0.026500271208870302 0.9996476998901223 0.0014570053315549046 -2.2887000973485088 -0.8903769761609271 0.02294087521025049 0.45464516779890407 219.56123646315112
0.503377537031623 -0.012165350865573988 0.8639809292471063 -105.28312337910664 0.026829305775636657 0.9996387884382134 -0.001555931481183214 -2.3028889836946953 -0.8636497700003092 0.02396320861904219 0.5035221585448818 219.77899948178663
0.5435653137824825 -0.014796300226429658 0.8392364289082387 -104.87708942744594 0.03298487135014722 0.9994488239851371 -0.0037430094108033677 -2.3427544356223864 -0.8387183020342995 0.029716657420234934 0.5437538450877916 220.09977763478085
0.5835134850420576 -0.012380345500727717 0.8120090713295542 -104.58601059848672 0.03515748874647825 0.9993314550662917 -0.01002794553940637 -2.361405355530207 -0.8113418830073253 0.03439962396053108 0.5835587310628422 220.44099385482969
0.6213191311617123 -0.008537450533269864 0.7835110699530184 -104.19930235609883 0.03500337875841658 0.9992447705770285 -0.016869256950390946 -2.373187721281939 -0.782775146428805 0.03790671247628306 0.6211488647787692 220.92052416855458
0.6614785610747823 -0.002442339403692305 0.7499600484580194 -104.05391391991375 0.031189192785084422 0.9992190961917956 -0.024255333955581753 -2.3318065697337 -0.7493150344810257 0.039435020281992826 0.6610383151915141 221.28841298097063
0.6996834444263824 -0.008063734450344471 0.7144074145988304 -103.73662420538132 0.03768263923629118 0.9989609786286064 -0.025630394661010986 -2.332353441879443 -0.7134583043233852 0.04485391122436619 0.6992604558555618 221.69709762031
0.7396621270735416 -0.013032734541750732 0.6728521123958391 -103.38985887337383 0.03953439111252078 0.998927220970237 -0.024111268495556355 -2.3514663153806055 -0.6718159251710465 0.044434982973817795 0.7393840173739287 222.03476337740375
0.7759441986632968 -0.008283111346611484 0.6307470297332195 -103.15567161314027 0.030315300404329608 0.999248051727276 -0.02417146060473472 -2.3644771161019595 -0.630072400168434 0.03787698695698327 0.7756119598817587 222.38727739109692
0.806391529171542 -0.0040185959386163745 0.5913681943921184 -102.8419533320917 0.02381566550517865 0.999386364573546 -0.025683828650116355 -2.359133758730453 -0.5909019625222045 0.03479504792032369 0.8059925525747963 222.91645290324846
0.832219761880793 -0.0046340493571492385 0.5544263568232982 -102.61857426876685 0.021624612982747194 0.9994755071827541 -0.024105619647490705 -2.4467659519662437 -0.5540237189416477 0.03205042991551589 0.8318836157702992 223.54858230890883
0.8535922598238241 -0.012280749324031774 0.5207966934900935 -102.41540689979679 0.02930319151684458 0.9992711097063657 -0.02446474787470164 -2.4526356127015934 -0.520116510430177 0.03614392593562298 0.8533301378529609 224.3731097997943
0.8794690388834138 -0.00926644285701072 0.47586562747509203 -102.19166460569788 0.025830374064623865 0.9992662291108416 -0.028279727624623916 -2.4518571313576234 -0.4752542766458432 0.03716293507523695 0.8790632526062138 224.7826750929344
0.8977358057204052 -0.01712670183023056 0.4402009055854953 -102.07663410962863 0.03180939726574895 0.999155732739051 -0.02599760981815455 -2.4420540939995594 -0.43938388897577285 0.03734151092075732 0.8975229146379707 225.24949299838136
0.9171160453613773 -0.014822673448912175 0.3983442898584208 -101.91529458999818 0.026542418766054263 0.9993613508978644 -0.02392214211859485 -2.5211876496834296 -0.3977351822791232 0.0325124007933109 0.91692403900332 225.8683748937849
0.9345412354816385 0.0011680805760095466 0.3558525921415454 -101.68720333092394 0.006541950052459126 0.9997691519568124 -0.020462147384599623 -2.559805974030222 -0.35579425501499945 0.021450691230806167 0.9343181206608518 226.38564585840342
0.947198084463232 0.0068834040475768 0.3205747605069886 -101.55249224804656 0.0002712270589894599 0.9997519024450544 -0.02226805399091812 -2.545617211871476 -0.3206484372830564 0.021179208524827485 0.9469614823105383 226.94970572723795
0.9591713125150694 0.016532087707658627 0.2823416638290985 -101.29113596460022 -0.010937250331711185 0.9997115005851609 -0.021380458301675193 -2.566866044432954 -0.2826135929984777 0.017419483902213727 0.9590756781594297 227.23468987622195
0.965020556728868 0.02446884313398594 0.2610294341935452 -101.16830097254312 -0.020267815824012318 0.9996182269799538 -0.01877418255109767 -2.5861274966569496 -0.261389088474151 0.01282697789725933 0.9651483102404514 227.75906000225683
0.969257591906002 0.029911619021616553 0.2442227948278246 -101.05790229029142 -0.025933945525054947 0.9994736048696982 -0.019487011727471616 -2.5613677142295552 -0.24467705246123964 0.01255427525391171 0.9695234072317988 228.1999835054739
0.9720377850281383 0.03104952153007051 0.23276214809108317 -100.94296762916665 -0.027627944414182818 0.9994570741391009 -0.017946343949642826 -2.6028913266833027 -0.23319292817576637 0.0110137862986431 0.9723681637438393 228.58977498149176
0.9736614794583045 0.03416855446215711 0.22542302385508056 -100.81184150741073 -0.03057992088566861 0.9993441100280388 -0.019392968271148604 -2.6538074141414922 -0.22593771478287641 0.011988770171046088 0.9740680375740922 229.13315509469714
0.9742130001499347 0.03451541950427568 0.22297413818175857 -100.73054170283763 -0.031077815085598058 0.9993380188864421 -0.018908611844261614 -2.7046299112774346 -0.22347908928563928 0.011491468039848605 0.9746410715859504 229.59142125707314
0.9749151388263277 0.03671995361143567 0.2195263525291894 -100.54051248249054 -0.03340652166282389 0.9992651801479389 -0.018787795251974777 -2.7171838582715955 -0.22005483083811625 0.01098289526044334 0.975425773610779 230.08804481038786
0.9750943219500201 0.04409154114851815 0.2173629758145011 -100.35159872641435 -0.040785701793037615 0.9989741378941723 -0.019673869635833886 -2.7150945733624376 -0.21800734126389498 0.010318578503927839 0.9758926781233681 230.61963894818894
0.9737938615591437 0.041916770855410866 0.22353568257955464 -100.2087229405276 -0.03852164384034429 0.999066859063238 -0.0195292548076694 -2.7685409690600817 -0.22414559151717176 0.01040650755475801 0.9745002136261055 231.16077562785932
0.9716106847700996 0.036702528331060864 0.2337206316262713 -100.11329873179342 -0.03259378792504363 0.9992390815829127 -0.02141916169053623 -2.7849083054356503 -0.23432882673648653 0.01319324626740304 0.9720679632977546 231.5336492655496
0.9672326779764642 0.03579584767538072 0.25135494791182783 -99.95360875418994 -0.031096193760119375 0.9992597842698141 -0.022645532346772343 -2.800117497755597 -0.25197940077951986 0.014087318673918325 0.9676301299394072 232.0894422717411
0.9630099803943709 0.030817644804998618 0.2676970729349652 -99.78092697046432 -0.026593183428727553 0.9994581507159395 -0.019392872687048052 -2.817938810199226 -0.2681495545431579 0.011556613102120623 0.9633080342496086 232.48703319906065
0.9547759723629425 0.0317256780848046 0.29562809634501636 -99.61060622699223 -0.028367623388477738 0.9994750805863225 -0.015642182406169748 -2.831962270542924 -0.2959690519511981 0.006548512278954865 0.9551751523913204 233.09325165845163
0.944362333650943 0.03360817983768571 0.32718490339147943 -99.42351367926561 -0.031087300122094354 0.9994329033886497 -0.012932793078867856 -2.8123982441890503 -0.3274338885738674 0.00204194653164565 0.9448719382628185 233.41134087713257
0.9318624367220073 0.026760448186935452 0.36182315704303203 -99.22276637142589 -0.02809984674995681 0.9996038209819207 -0.0015604906801328998 -2.8698162859091787 -0.3617214365095318 -0.008713014720637317 0.9322455734255694 233.76975688392156
0.9164275671409386 0.018281105037425537 0.3997825497426102 -98.96053027316768 -0.01976389941173109 0.9998044797337765 -0.0004135199508863858 -2.8847427509069328 -0.39971182308862485 -0.007522298920994471 0.9166100388344508 234.21491956140716
0.8943645999794405 0.009821065336930614 0.44723072792551116 -98.85868656822261 -0.0078090278350250696 0.9999493127269368 -0.00634218474717595 -2.8837726162384874 -0.44727020912335236 0.0021797916114746027 0.8943962768854747 234.56190713122461
0.8749136488708547 0.015124329402269491 0.48404257991851923 -98.53339939787153 -0.004668433810275339 0.9997290859177448 -0.022799085810134123 -2.8432528365870215 -0.48425614017793067 0.01768751509781219 0.8747474937978419 234.79082603964147
0.8423214269478684 0.019994133750472442 0.5386044004527795 -98.41745944824201 -0.006447950439401566 0.9996139145529376 -0.02702381007900876 -2.8906833435592225 -0.5389366270956122 0.019289840250848973 0.8421254077588898 235.13094761924492
0.8101324208290921 0.029399698335338956 0.5855091537827909 -98.15341962613223 -0.01826897089980759 0.9995226830037169 -0.024910549939352482 -2.945614348094773 -0.5859618736486664 0.00948419124567738 0.8102830747148119 235.55379950646778
0.7755557297392597 0.03551079810767395 0.6302794174069273 -97.87228775181951 -0.02791355531426073 0.9993690669468657 -0.02195827705760341 -2.978210750974309 -0.6306613271862523 -0.0005634779120628861 0.7760578848835704 235.76804572529542
0.735296302698386 0.031317552981033524 0.67702174007965 -97.59002455531578 -0.018579272148481273 0.9994877445182604 -0.026055610370885277 -2.9322039445589465 -0.6774907346954333 0.006580015766117043 0.7355017562711218 236.06014797911246
0.693477923252486 0.017657229335329046 0.7202613947432234 -97.21003092810554 0.0002692245732599485 0.9996931182137433 -0.024766681861210386 -2.8957652834713734 -0.7204774915780429 0.017369049536103343 0.6932605989943537 236.28200348808463
0.6525728994855986 0.01405858068033906 0.7575954799068163 -97.01349130839277 0.00861698681189406 0.9996254073318376 -0.025972304560451975 -2.905724743036301 -0.7576766282237077 0.023477000562304163 0.6522075568107691 236.41942896628464
0.6077749014545105 0.013398484020508979 0.7939963254245832 -96.62299533827768 0.013831718057753958 0.9995272429503921 -0.02745440444229936 -2.9154840404069042 -0.7939886094681935 0.027668417023190818 0.607302468225411 236.668884356348
0.556848738483061 0.015611613226192577 0.830467206321679 -96.23465815339591 0.004765305001510417 0.9997467410922808 -0.02198905539381499 -2.9382568225622263 -0.8305999985911983 0.016201992460336104 0.5566334944540678 236.8652204595077
0.5130806291372497 0.024616429183725818 0.8579873554249464 -95.75456222316352 -0.007351888325590865 0.9996779285383046 -0.024285165225293136 -2.8621894113703514 -0.8583086651621424 0.0061524067071379845 0.5130965102451182 236.96622514732758
0.47514370423292623 0.0193852229815949 0.87969463847313 -95.2800491328187 0.009441394556729836 0.99958733348377 -0.02712670462866418 -2.8919529867627043 -0.8798572784751847 0.021194607675573348 0.4747647243338625 237.04319068804222
0.4304799942482149 0.02173393253975263 0.9023384301530817 -95.00314857733595 0.006440159938021921 0.9996105589220173 -0.027149242913410178 -2.8766370540727424 -0.9025768682197292 0.01749838798603498 0.43017249536495855 237.17422230511661
0.3945145258055827 0.02033148070028885 0.9186647677661391 -94.6305910402332 0.017221328688557556 0.9994159065550623 -0.029514191150704954 -2.864316110004745 -0.9187280639772529 0.02746437810564122 0.39393404834752677 237.21298113953137
0.34929980691985907 0.017511170649568204 0.936847414372852 -94.43712440897069 0.019982844284892047 0.9994586349227413 -0.026131977023593385 -2.883729487054976 -0.9367976783541982 0.027848739401626965 0.3487608723417905 237.3771680463299
0.31443388069637623 0.014383891210414506 0.949170435843811 -94.13301752573693 0.028024198600698724 0.9993086339782628 -0.02442731455253392 -2.8990311283473096 -0.9488653695422117 0.03428048309901734 0.31381346606259536 237.39030985973693
0.27734151686143577 0.010604738902661911 0.960712945642074 -93.73560068215296 0.029699313977571855 0.9993665072743356 -0.019605080461977294 -2.9139884864893877 -0.9603120148443279 0.033969782233715586 0.2768509269087044 237.48471623148495
0.24255462792304733 0.004496560046208315 0.9701273806639776 -93.35315311851348 0.03959878771657473 0.9991098975594139 -0.0145315017999261 -2.9551672338991737 -0.9693289798167419 0.0419405139422536 0.24216071607589076 237.62113077420832
0.21466746415655208 0.006301336209799033 0.9766669382636349 -92.867274325829 0.042668886377394064 0.9989638461363601 -0.015823624357935346 -2.9304740448294138 -0.9757544342486248 0.045070069332113064 0.21417620490155836 237.6437847509241
0.18664575114156537 0.012742927539737641 0.98234469052038 -92.46059833882288 0.03375975072557961 0.9992419992619745 -0.01937646244838703 -2.959691110829273 -0.9818468023668608 0.036780209343429945 0.18607410496169513 237.79847432176234
0.1665501495349102 0.016892183115333914 0.9858883607634286 -92.0426150582836 0.028042505000959415 0.9993675565508126 -0.021860454543341446 -2.9585515915418066 -0.9856338717253846 0.03128760635933504 0.16597114348035985 237.88809802502823
0.15248095564744568 0.020868464500433878 0.988086158319392 -91.73093890864915 0.03077396351471249 0.9991918984917124 -0.025852027084811696 -2.94020094916147 -0.9878268840600218 0.03434923515036164 0.151715550792364 237.95223935368625
0.13849298097613236 0.023346426808460007 0.9900882891194648 -91.20260767807015 0.02625592325552161 0.9992840379784821 -0.02723591467349172 -2.9412333071559456 -0.990015051808306 0.029767630976033937 0.13778085613754315 237.98331254768686
0.12019980988331648 0.024263280842843817 0.9924532425668672 -90.77605860089061 0.031109098671008428 0.9991181608590333 -0.028193951263280347 -2.9452270060092105 -0.992261943264037 0.034263198459016805 0.11933900361835628 238.0717493418717
0.1023847164098496 0.026393485989817684 0.9943947423602122 -90.35768418805729 0.039710828846265055 0.9987425449184204 -0.030597571644025125 -2.954557023027997 -0.9939516890041327 0.04262092697223403 0.10120785575328407 238.1717028614301
0.09020271801439535 0.023185940054952548 0.9956535851692232 -89.8027771384754 0.05361511674480286 0.9981661064283128 -0.02810177458168761 -2.988361014256592 -0.9944789788995061 0.05591690023855445 0.08879416590098031 238.23224420994222
0.08419819355119616 0.021271272348210538 0.9962220516005439 -89.2454434103114 0.05601510967221773 0.9980900881994896 -0.026045398420429123 -2.9811267174105853 -0.9948730899730976 0.05799642426181888 0.08284585517671261 238.2601733165292
0.08041149665069337 0.01720688796786209 0.9966132999046684 -88.72995659309278 0.06477538589779959 0.9976472372143017 -0.02245110608464783 -3.01249635193253 -0.9946545561246897 0.06636129678823262 0.07910770440025172 238.30502747066112
0.08038772326116164 0.015358359375928204 0.9966453971876683 -88.21064648451924 0.06065223028917649 0.9979530533837689 -0.020270596181915557 -3.037168654750534 -0.9949164299404831 0.06207823112573614 0.07929163272851054 238.3518406169553
0.07901775380505983 0.013955411553205994 0.9967755879087349 -87.55618398355044 0.05925530042373291 0.9980682036244127 -0.018670855604135096 -3.0706324793553175 -0.9951103506603399 0.060539523380107596 0.07803815099688573 238.42017099472795
0.07777655214708445 0.012861643059532463 0.9968879014556875 -87.00477511882835 0.05380173170684621 0.9984055383958512 -0.017078779478501786 -3.132408932935896 -0.9955178210064461 0.05496258503649352 0.07696053735158524 238.43923031841177
0.07311059228639791 0.011110634120952657 0.9972619711812348 -86.47363176416869 0.04714192022759632 0.9987817228596652 -0.014583580854052012 -3.160580851681868 -0.9962088302070216 0.04807902368526738 0.07249771859193978 238.53161561834557
0.07738250264632887 0.011630097733281818 0.9969336597482901 -85.51921962661159 0.05331364383948549 0.9984529912611134 -0.015786033595046114 -3.177956964131651 -0.9955747787239637 0.05437169192511095 0.07664272079366449 238.51538169621148
0.07200556615830396 0.013174228057299429 0.9973172100048214 -84.9913402291946 0.05546546947808226 0.9983125373177001 -0.017191920331249243 -3.1850298353438466 -0.9958606165698498 0.056554544068576754 0.07115331324763342 238.61064943626468
0.07054426467570248 0.014335626527602192 0.9974056136446845 -84.24238028853567 0.05788404247955429 0.9981529259097298 -0.018440354910733 -3.209312167177146 -0.9958275601757858 0.059034692925711535 0.06958412797536626 238.64954480988055
0.06777262924770855 0.016986661150170976 0.9975561698509676 -83.54117277812233 0.061397277156687066 0.9978889442368057 -0.021163555546591762 -3.2547441032296613 -0.9958096561493056 0.06268150300048957 0.06658659044417298 238.68312321143733
0.06554410346005124 0.018825977120279183 0.9976720467583503 -82.79437599257857 0.056286969774128434 0.99816027830969 -0.022533055255079048 -3.245225937699835 -0.9962607170678638 0.057632807556915765 0.06436382707702594 238.71303641669078
0.06366593662781238 0.018898020454458143 0.9977923139890195 -82.16097127696854 0.054500678035770564 0.9982627514349831 -0.022384422888524238 -3.262213259931687 -0.9964817980944661 0.055805445469145225 0.06252534343796774 238.75784929120198
0.06204006016440909 0.02024086938031365 0.9978684068953734 -81.42680404022512 0.04203385308166117 0.9988542688248286 -0.022874199279720328 -3.2817271155552916 -0.9971879435514382 0.04336333611617642 0.06111814364060891 238.81716496646789
0.05865486878286981 0.019000179958359727 0.9980975290899157 -80.64145099733331 0.04038884431345272 0.9989550167025458 -0.02139000212623082 -3.315199766991914 -0.9974607451409694 0.04156659767669958 0.05782614847528673 238.90109107857617
0.054224043345684154 0.01942693218180072 0.9983398169028217 -79.84682970592512 0.040912253137122746 0.9989278872701814 -0.021660472234877073 -3.356523738736136 -0.9976901098207834 0.042018813345581545 0.053371076543658476 238.99484971608916
0.051476089397638765 0.018576294366644933 0.9985014734850195 -79.1399826861353 0.0443697313754486 0.9987971258005357 -0.02086918319436384 -3.3945200564979294 -0.9976878954364974 0.04537746783109579 0.05058991252925656 239.01325786684188
0.051450872425932936 0.017930026780288495 0.9985145593193614 -78.21797562286068 0.04968383346968539 0.9985547255319637 -0.020490806833651176 -3.408512222353328 -0.9974386527294004 0.05066426408790105 0.05048564607527242 239.03073679117588
0.050020501100140266 0.020083796870071478 0.998546261111152 -77.47028835818139 0.052496028795800606 0.9983628237842098 -0.022709788378394383 -3.3886428728201614 -0.9973673729657644 0.05355562917838148 0.048884255586330916 239.04601544730681
0.04832662146818828 0.019897327945771377 0.9986333987686574 -76.66833022127219 0.04864844622001839 0.9985680363743318 -0.022250238098960994 -3.4177091363447865 -0.9976459432376753 0.04965720288748572 0.047289411457966585 239.09017076583294
0.04800454589809958 0.017711465441574856 0.9986900812791251 -75.87285185209915 0.05115732872622784 0.9984869085314106 -0.020166847233580542 -3.432269598212601 -0.9975359825294294 0.05205837883295294 0.04702580416995391 239.0844095538019
0.04592290126243035 0.01892976705798626 0.9987656406025297 -75.02286418030438 0.051631659043331155 0.9984390374158774 -0.021297562556711024 -3.4511892296615994 -0.9976095463610912 0.05254593476489853 0.04487380614501045 239.16913110072795
0.04301211435138139 0.02309250917497133 0.9988076343811852 -74.14908854827941 0.0500453019279689 0.9984279806289988 -0.02523883329411179 -3.4422496700286613 -0.9978200870859014 0.05107117170780635 0.041788789810078 239.2279088639166
0.04161169124326497 0.023901813702506564 0.9988479035798485 -73.38852766953529 0.05282938138934605 0.9982626932779785 -0.026088642365722226 -3.472904394592334 -0.9977359637910164 0.05385407696691662 0.04027664207363939 239.25290730115424
0.03980630112934695 0.025613180672737098 0.998879085904147 -72.3122821799585 0.06428972495521557 0.9975344365784373 -0.02814068589874122 -3.518313864561872 -0.9971367932673136 0.06533780524007123 0.03806145335150771 239.28258795474233
0.03367593937985689 0.026330143762343 0.9990859107988491 -71.47053087572536 0.06420112921602256 0.9975313079354432 -0.02845315971918674 -3.517001892923106 -0.9973683676138424 0.06510059943529965 0.031902340086968795 239.37081818045357
0.03314641496280503 0.023419863649875926 0.9991760973909 -70.72401304298353 0.0695073619407234 0.9972508854768252 -0.02568053382937135 -3.5587481383449604 -0.9970303949409397 0.07030127643038844 0.03142739882105592 239.34237726597468
0.031232797248425943 0.021898200863965753 0.9992722511410309 -69.8092198481404 0.06539116945233532 0.9975733725847812 -0.023904784238558508 -3.6118029560485803 -0.9973706090452671 0.06609015633357684 0.02972501792253548 239.41201175646273
0.03537906542771144 0.021270484293490297 0.9991476154228001 -68.92270108593773 0.06432564532966228 0.9976518799041313 -0.023516341692263965 -3.5830348313204086 -0.997301412390036 0.06510276325192686 0.03392771381987185 239.436793767893
0.03984094863598095 0.017074619493820237 0.9990601946609386 -68.0807365954552 0.06021555305069941 0.997995779786635 -0.019457706881092083 -3.648134288039974 -0.9973897978462101 0.06093413583867833 0.038732900193917584 239.4567174475185
0.04415480124140932 0.01582541294822109 0.998899420889198 -67.25257904732175 0.05722004302809725 0.9981931304182371 -0.018343523543284265 -3.7171754502455077 -0.9973845286607396 0.057966982093971886 0.043169446083973675 239.49213506728515
0.0517729370639541 0.013667435812209784 0.998565440607809 -66.32716377449758 0.057614921838233496 0.9982001010170973 -0.016649591940236925 -3.7457586736209705 -0.9969953704147513 0.058394225889387766 0.05089226026812349 239.50368001742783
0.054424822685990804 0.015210151024884832 0.9984020982525552 -65.40496697777353 0.04648950456130274 0.9987611333326071 -0.017749830207256543 -3.778674946566115 -0.9974348827351763 0.04738121300326704 0.05365024445358191 239.52591379694974
0.05687349883442921 0.016017200936831212 0.9982529803750396 -64.55911461809077 0.0332692486239753 0.9992856323535103 -0.017929197992189644 -3.805118306422651 -0.9978267447375808 0.03423079135839827 0.056299952936132935 239.5785196366325
0.05817572398706178 0.01652711385128397 0.9981696107186158 -63.79120501792533 0.03594382175422785 0.9991800220661075 -0.018638713409538977 -3.864526935914834 -0.9976589006657 0.03696231990819984 0.057533936241859235 239.65579372267885
0.05781156258781285 0.01834183019237634 0.998159054996781 -62.83725568267216 0.03405332563067547 0.9992131640708598 -0.020333484576493317 -3.8856876357977552 -0.9977464035861066 0.03516611401700381 0.057141437326716 239.69618773224073
0.058124750320611235 0.01865258158638267 0.9981350789604203 -61.98191272013639 0.03661085165634506 0.9991130880648218 -0.02080280613188882 -3.937683732001175 -0.9976376123127226 0.03775170396929792 0.057390274245319714 239.74808684454544
0.05918467028946591 0.016595259167504327 0.9981090969379097 -61.0483208586294 0.04165824991482103 0.9989497657768025 -0.01907941200628003 -3.989168567372118 -0.9973772564910005 0.04270865753856831 0.058431145219452585 239.79852010371147
0.06422685850824092 0.014768742386294815 0.9978260117451091 -60.022445808003425 0.05566877106055138 0.9982805466044814 -0.018358663494964247 -4.047148169177085 -0.9963811930168279 0.056726836403176856 0.06329422608220552 239.83228225830408
0.062392449729549174 0.00824295401595962 0.9980176300484861 -59.25327847852728 0.05535775636182868 0.9983979945478889 -0.011706835602483449 -4.073049530021899 -0.996515092746184 0.05597839793234162 0.06183614493247182 239.9839118230007
0.06578856082682767 0.0044099926015243145 0.9978237930905792 -58.39300106451487 0.05747491111819346 0.9983133049252887 -0.008201568464282319 -4.09709312421034 -0.9961767519939801 0.05788936558447458 0.06542408970442523 240.0116758163939
0.06913636061848438 0.006174336541402859 0.9975880616716772 -57.614481312973766 0.05621219159975972 0.9983680418164373 -0.010074840857440103 -4.134502804519388 -0.9960220609800607 0.05677311384496242 0.06867641981588368 240.009759794268
0.07346334764564849 0.013800623561526922 0.9972023622169882 -56.694462912542704 0.05336570693752852 0.9984173412763814 -0.0177488328736575 -4.171809867121007 -0.99586886611803 0.05452027099023171 0.072610558373305 240.02062429267386
0.07315902162896902 0.019691096147281626 0.9971258169177865 -55.84363918138835 0.050773733375505864 0.9984350693375617 -0.023442187872883328 -4.1915358380839915 -0.9960267616408273 0.052342787172573645 0.07204470407415348 240.15539398857047
0.079872842282153 0.020494468059951042 0.9965942885113186 -55.05164915482956 0.047061177608491635 0.9985962442603203 -0.024307367111780526 -4.210860170818992 -0.9956932580033439 0.04884237968652112 0.07879618928873876 240.11835835023368
0.07735163679885011 0.01545763257855566 0.9968839567369694 -54.233130989812736 0.048092070754164766 0.9986580805007947 -0.01921674390141074 -4.236229839369174 -0.9958430307948047 0.04942863897601505 0.07650440882594775 240.17988980315036
0.07282966048279327 0.009893029817754934 0.9972952592430973 -53.46358731142485 0.048535309242957236 0.9987309310079586 -0.013451641963610808 -4.257599219736366 -0.996162456377855 0.049383685140721625 0.07225703543232077 240.27694798659843
0.07149484983507692 0.008189482190912986 0.9974072824468174 -52.56537525942158 0.04452778695911783 0.9989432169892692 -0.011393849820566477 -4.271940829792232 -0.9964463178995124 0.045226911914024094 0.07105459697315468 240.33766481089106
0.06587265753518848 0.011802442252900051 0.9977581568245687 -51.653381663989734 0.046225910212004825 0.998820420344076 -0.014866847075052125 -4.293495355239013 -0.9967564441467949 0.04710157270332034 0.06524934097234346 240.47426791052254
0.06762999219180386 0.017782859978390776 0.9975519241271362 -50.85180135038922 0.048923168515858186 0.9985792898198977 -0.021117942982264045 -4.307702643914 -0.996510003428641 0.05023158103339024 0.06666388196510711 240.51728800574475
0.06561114621522357 0.017111423539457323 0.9976984926077738 -50.08272049205692 0.05514095326601055 0.9982630281389019 -0.02074728883721416 -4.373172016641059 -0.9963202912397132 0.05637527150905512 0.06455360911750631 240.5889214699115
0.06450677841769092 0.01347449549524079 0.9978262704365994 -49.221008149728334 0.06414638233519789 0.9977849355067119 -0.017620804917597484 -4.380728628836173 -0.9958531938224309 0.06514357313680931 0.06349952269517445 240.62075657754065
0.06308682636544016 0.010204050839160143 0.9979558506014622 -48.367736146382306 0.0627838239364494 0.9979265523617912 -0.014172672686652869 -4.462200879537156 -0.9960309698433553 0.06354956129551104 0.06231534043210736 240.77298687605958
0.06605007593648697 0.010805844615881603 0.9977577998606358 -47.589202996874484 0.06061608501219491 0.9980511351362383 -0.014821692689385296 -4.543443414343108 -0.9959731646759015 0.06145911205844438 0.06526631748371338 240.8103134980822
0.06377784627917246 0.014923529753142411 0.997852522032995 -46.80749445197407 0.051552490804202884 0.9985039694037255 -0.018228231198457203 -4.583568913608168 -0.9966314190448795 0.05260431285866563 0.06291305930098173 240.92465410979588
0.06402598151954397 0.015347758141333613 0.9978301898921588 -46.03257873049944 0.056674339093170115 0.9982121796207098 -0.018990129403151475 -4.575477698085577 -0.9963373590347021 0.057767203012887645 0.06304166148619728 241.04818268929552
0.07028351727230256 0.01635473868935397 0.997392987204797 -45.16779403355605 0.0533305420248944 0.998374111623799 -0.020128857836814534 -4.594773157927293 -0.9961001549651751 0.05460621047694723 0.0692970072797126 241.0752403631325
0.06960098215467864 0.016468236649419165 0.9974389752588723 -44.44936291844525 0.044647131526564986 0.9988104908165023 -0.01960631998505897 -4.641806491418537 -0.9965750350818227 0.04589738462851248 0.06878290160050168 241.1586455070961
0.0689158612656735 0.013639586126372644 0.9975292238166802 -43.77910496304513 0.04618508321407256 0.9987908888571446 -0.016847581812349334 -4.666834552763243 -0.99655255698051 0.0472320103513849 0.06820255980652307 241.24816155085068
0.07290971786838099 0.014211361119872083 0.9972372674699715 -42.93674893011482 0.04662456080653919 0.9987567805610083 -0.01764179150677086 -4.676555863572514 -0.9962478565318376 0.047781982967420526 0.07215644392574697 241.24425450588134
0.07638109652765557 0.014232029103662808 0.9969771135252221 -41.996483045255346 0.04645289415607759 0.9987616711451849 -0.017816360890473636 -4.692218403705279 -0.9959957200577791 0.047673280685922026 0.07562536282530903 241.26118802179204
0.07823791191951415 0.01303769528016685 0.9968494471203698 -41.182644929173314 0.04852996561730023 0.9986793088235542 -0.016870486849114984 -4.739321605240667 -0.9957524965143499 0.049696955707675905 0.07750183752640635 241.27751586126396
0.07251111177206689 0.012964100013792407 0.9972833185974945 -40.51364912289537 0.04806023972038793 0.9987085893003842 -0.016476997455156805 -4.768942348233742 -0.9962086612468479 0.0491244164583351 0.07179438738371018 241.48404862272722
0.07200015999539214 0.0141219489845347 0.997304592828334 -39.66141257000039 0.04081100267682734 0.9990207084812732 -0.017092564574813205 -4.778179452589142 -0.9965690073273137 0.04193164551019103 0.07135329592554283 241.59098778094202
0.07129016899482403 0.014808974970963305 0.9973456219113458 -38.95622503545537 0.043117819573316465 0.9989094046267448 -0.017914226525939346 -4.794175303016383 -0.9965228817358136 0.04428045565829306 0.07057386891205482 241.67924405657035
0.07666189260831677 0.015067222577747515 0.9969432450135177 -38.2674226096469 0.04454741399099637 0.998835578492464 -0.01852135725406269 -4.809995359536631 -0.9960611150020203 0.045831104370042536 0.07590140132797722 241.6714458777477
0.07441171797002083 0.014380509101130793 0.9971238925353275 -37.45563057990688 0.04165310374404401 0.9989785885043182 -0.017515652733641213 -4.827944710806704 -0.99635698116017 0.04283665179158941 0.07373670222148769 241.73803655918445
0.0761585350901599 0.014745761681004351 0.9969866843247818 -36.861618712240436 0.04014882988059648 0.9990343726697263 -0.017842942583662282 -4.855722471257722 -0.9962867244659798 0.04138671842818793 0.07549295420355197 241.7847548198942
0.07844928784339147 0.0144019823777794 0.9968141045078488 -36.12902804781566 0.03347926135527131 0.9992935969287217 -0.017072602205846308 -4.916680544843736 -0.9963554494959551 0.034711912649958494 0.07791168542629391 241.80501213289472
0.07674940583328874 0.01645278185241895 0.9969147093586957 -35.38358718349623 0.03209319208655628 0.9993049957440651 -0.0189629651569318 -4.927920194840612 -0.9965334552960763 0.033449549481606417 0.07616802295642525 241.89368731729198
0.07277053732007727 0.013901479414148162 0.997251875957887 -34.58260425208545 0.028101359421066327 0.9994773002595397 -0.015983066192373104 -4.986937292567937 -0.9969524384705042 0.029187207372955663 0.07234183059058716 241.94124323520202
0.07175164200017511 0.01376385250075261 0.9973276153641247 -33.93630079027112 0.0220881197667101 0.9996376683352879 -0.015384816641641664 -5.00482131684967 -0.9971776453559554 0.023132955861812896 0.07142160473132388 242.02132297147824
0.07359019137861322 0.011135770276205286 0.9972264305618955 -33.38327444768887 0.025714521341370766 0.9995840400856286 -0.013059674259872218 -5.063443099867516 -0.9969567305676512 0.02660424017122463 0.07327320340149782 242.03421637928966
0.07259161059425637 0.010523063562153993 0.9973062693759736 -32.75903186596591 0.02790295333273015 0.9995315503277088 -0.012577511934387492 -5.08937868690724 -0.9969710724973075 0.028740788654791672 0.0722639527492142 242.1238559175851
0.07651555194796783 0.013119825046414027 0.9969820784576531 -32.11426505234458 0.028323598962598652 0.9994813542265122 -0.015326446786638647 -5.126674698007289 -0.9966657148226988 0.029410810565439018 0.07610423451903515 242.10951512858125
0.07236487173357299 0.014914895878552263 0.997266723774675 -31.531757307828595 0.028031210848773785 0.9994628254269929 -0.01698175181481969 -5.150587210860702 -0.9969839701075236 0.029183454788004982 0.07190788449368439 242.2253133381511
0.07602687246659617 0.015689013826247513 0.9969823776759641 -30.860838627492484 0.02615760735231675 0.9995007146877736 -0.01772332261475787 -5.177303964391673 -0.9967623199345718 0.027426101940525114 0.07557849686004307 242.21607216527855
0.06890814452928573 0.014718390334985591 0.9975144494473639 -30.193333836362005 0.02629099421572025 0.9995171070343422 -0.01656409502043106 -5.2221801471294516 -0.9972762388243529 0.027367028182229625 0.06848787599114753 242.31675808822143
0.060618294706936124 0.015576442153852902 0.9980394754396564 -29.61701341900292 0.021123207913693254 0.9996342971730771 -0.016884278183815517 -5.228510162412292 -0.9979372013332742 0.022105273468976897 0.060267070725695863 242.3959010809142
0.056629326530398344 0.016717933617922322 0.9982553134605635 -29.067931111209965 0.022769040237227766 0.9995781236304513 -0.018031714248053134 -5.229823664148005 -0.99813529120204 0.02375042003089275 0.05622475441890645 242.47001799668266
0.05440257434153288 0.011782937475216205 0.998449554058275 -28.609662818865385 0.021455603848865593 0.9996857298239972 -0.012966555749080719 -5.2750829907213586 -0.9982882537351919 0.022127732438597628 0.05413262943522209 242.41989420072326
0.05294454882051298 0.010887825158693687 0.9985381090454546 -28.088323689672244 0.02067831688973099 0.9997142325608365 -0.01199703375965627 -5.278296130458032 -0.998383019567837 0.02128324485521097 0.05270423745282192 242.405740539242
