0.9997422771673792 0.0014164716366272772 0.022658201334694428 -0.8296859296925949 -0.0009712596392622318 0.9998064580073512 -0.019647995500637783 -0.032396502798840515 -0.02268164627705112 0.019620925047495963 0.9995501612135738 2.496670494320397
0.9998175312789436 0.002431817047587277 0.018946041255182615 -0.8215619410810941 -0.0020817175684863707 0.9998270662655825 -0.01847662201307108 -0.07813593608047147 -0.018987695464097978 0.018433810084448887 0.9996497697102125 3.2901936861931276
0.9998981013314568 0.002338372105882449 0.01407925581089456 -0.8363893505437905 -0.002095043540934763 0.9998485419998757 -0.017272784232262924 -0.11099868969073595 -0.014117512471430338 0.01724152778035834 0.9997516579398859 4.041740099843386
0.999938900031673 0.002114620103314121 0.010844489843856697 -0.849461165641381 -0.0019285629872707656 0.9998512089976909 -0.01713867757522524 -0.14152678906471822 -0.01087911647525115 0.017116716928972577 0.9997942920086972 4.9142600218089765
0.9999712752193717 -0.0007289233921863858 0.007536806823446497 -0.8126696927740906 0.0008515839430508618 0.9998670111023563 -0.01628446424879522 -0.16741084639283493 -0.007523932751148372 0.016290416182921527 0.9998389567936371 5.70893434044219
0.9999877532618278 0.0033776235242148696 0.003605920041246892 -0.8565649816760087 -0.003315817029670859 0.9998497580711994 -0.01701078675548217 -0.20545929824678005 -0.0036628328858995494 0.0169986230368754 0.9998487471299174 6.396425246310285
0.9999983940596037 0.001693744725582103 -0.0004563187260012458 -0.941333385661631 -0.0017013020937695121 0.9998522201021305 -0.01710479045727732 -0.2319479559722902 0.0004272818285401357 0.0171055414125207 0.9998535279400845 7.0243038993244005
