0.02210854994174322 0.009416980852186264 0.9997112826973104 -121.17305740970274 0.002386978839997335 0.9999522659179981 -0.009472031861459923 -1.7624953920157875 -0.9997526274394777 0.0025956822457159643 0.02208497090016476 217.78790973627125
0.054869762756616425 0.006914017950276409 0.9984696444594418 -120.43018138694258 0.010163915843380385 0.9999203057866581 -0.007482603351891389 -1.790874798700954 -0.9984416637423302 0.01055890924958953 0.05479506699605892 217.25552509429556
0.04364706379140985 0.009817150828410556 0.998998866837169 -119.74858972840366 0.014029496393143971 0.9998470506171758 -0.010438439973633737 -1.8013399755058463 -0.998948388479117 0.014471036544347227 0.04350260886074456 217.33595110548058
0.03391681491625162 0.011024542117641683 0.9993639394751781 -119.17315888484865 0.014668549077311311 0.9998259411427398 -0.011527459664407297 -1.846708307879258 -0.9993168913019871 0.01505017275882097 0.03374914716675138 217.3762793346727
0.02658428532263173 0.010286357155590705 0.9995937176570692 -118.44694670003531 0.01766313841235687 0.9997860775279096 -0.010758083405476992 -1.8753367529080114 -0.9994904148303065 0.017941936487903935 0.02639685725145025 217.47024642178
0.013565677211497663 0.011942420905785877 0.9998367576658046 -117.85602525625514 0.010730646223028377 0.9998693019095206 -0.012088397482584109 -1.8789039598688468 -0.9998502774529994 0.010892861113053725 0.013435703365382985 217.5876165671489
-0.009364048837451051 0.00735839944722423 0.9999291486886862 -117.22302636830713 0.004231358195794655 0.999964224724042 -0.007319026980448224 -1.933734993956731 -0.9999471035773848 0.004162502719463178 -0.009394900662388229 217.86897094466732
0.00022073631591205918 -0.0010830994990746819 0.9999994788603268 -116.64387714087337 0.0141624084871726 0.9998990786033682 0.0010798695619081986 -1.9605007847941767 -0.999899570855772 0.0141621402254218 0.00023600178854196887 217.68229816683456
-0.015091023006581267 -0.006977815127495265 0.9998618799264064 -116.09979217784291 0.016710494991556274 0.9998341892817805 0.007229840590077397 -1.9792206183612324 -0.9997463405146195 0.016817268602625588 -0.014971966622072607 217.8293452504403
-0.013102913829550375 -0.009056741155086433 0.9998732232166883 -115.56304946275688 0.02230165417320944 0.9997075685389772 0.009347498870810218 -1.98969734484295 -0.9996652607313934 0.02242128099369587 -0.012897149138909268 217.8200328047279
-0.019977963760503762 -0.016460526349556363 0.9996650115140702 -114.99528215407136 0.012382640698137775 0.9997836601456097 0.01670994783747188 -2.036469133573387 -0.9997235764578101 0.012712298268054536 -0.01976986237455405 217.98927667205479
-0.012589746591505722 -0.02098291659267484 0.9997006400671241 -114.54042607569045 0.009662442494232 0.9997305213951785 0.021105232191145386 -2.057112484213827 -0.9998739132954652 0.009925233918101701 -0.012383650833163904 217.9550689518867
-0.014368482485282531 -0.01769369717432745 0.9997402551258419 -114.07137247692224 0.013542187731788965 0.9997482433432412 0.017888473291443486 -2.0588879605792414 -0.9998049404422807 0.013795674262206079 -0.014125293377234165 218.06714307747188
1.6814163665688392e-05 -0.01795012464731029 0.999838918900948 -113.50096347971466 0.022446488481159113 0.9995869427748699 0.017945228586357206 -2.067692178263657 -0.9997479386245154 0.022442544079180372 0.0004196862040497478 218.00556976432358
0.009524122635248586 -0.015598933773011891 0.9998329873921066 -112.96284588554438 0.027759847998491086 0.9994970149409227 0.01532926611214499 -2.0945748499128913 -0.9995691237574138 0.02760918700779447 0.009952320789005922 218.03301845720742
0.015532512609451769 -0.0047861404779994164 0.9998679502405922 -112.51561719624978 0.028004590017645468 0.9995982913346492 0.004349818391589183 -2.065114518820452 -0.9994869646254767 0.027933303011276472 0.015660277205071235 218.21288863806043
0.024843866060943198 -0.0041798184248054765 0.999682666067089 -112.10928865065777 0.036437808932349276 0.9993305489033939 0.0032728118410053388 -2.0995295875839664 -0.9990269045444367 0.036344911016555216 0.024979515014526235 218.40504913888685
0.05545775123578189 -0.005131229168765929 0.9984478811767479 -111.45359000900083 0.04089647456972638 0.9991592664308026 0.0028633424202619646 -2.095201899876294 -0.9976229613754072 0.04067417853044837 0.05562095380783073 218.3009237439951
0.08081684498304417 -0.008225698604000764 0.996695078916017 -110.67672252674821 0.04414961034059706 0.9990140100702001 0.004664983407692967 -2.127220411411428 -0.9957504959599002 0.043626664449173125 0.08110030998624289 218.35951033638557
0.1077879481854103 -0.0027893005720842313 0.9941700601041783 -109.97280844538864 0.0361664822613402 0.9993451237750997 -0.0011173403935115839 -2.1306183255389044 -0.993515658483466 0.036076046742521385 0.10781823530625194 218.45588920843787
0.13514756364834454 -0.003609304671257477 0.9908189708962442 -109.46822583784298 0.038408632777905204 0.9992608286253012 -0.0015988647035929547 -2.1855667567096355 -0.9900805734117015 0.038272062235262416 0.13518629513626473 218.61766211131214
0.18027431698098217 -0.010097397654756354 0.9835645947139707 -108.8624845646815 0.04741240574540468 0.9988741466009537 0.0015645158803505904 -2.2155015385998693 -0.9824728293281914 0.046351096628881115 0.1805501063612991 218.5786275422205
0.23643395790759741 -0.019257244293082548 0.9714567649058143 -108.13065343336756 0.054725065557953985 0.9984804387897322 0.006473917293940977 -2.2635080288344325 -0.970105028367613 0.05163235353909758 0.2371285548379833 218.41909123347438
0.2767303374751749 -0.02200153747329517 0.9606957685131301 -107.65982022489023 0.0423508884730375 0.9990456561721218 0.010680570842841727 -2.300476563104161 -0.9600137281020248 0.0377306534049212 0.2773980587203231 218.62051548521643
0.31640073529578655 -0.019477711124154317 0.9484256734769082 -107.24899445595929 0.03537337920829833 0.9993360749150068 0.00872248634390628 -2.279514705538723 -0.9479656889912517 0.030789193607462698 0.3168796904921844 218.81932830883548
