0.9997422771673792 0.0014164716366272772 0.022658201334694428 -0.8296859296925949 -0.0009712596392622318 0.9998064580073512 -0.019647995500637783 -0.032396502798840515 -0.02268164627705112 0.019620925047495963 0.9995501612135738 2.496670494320397
0.9998175312789436 0.002431817047587277 0.018946041255182615 -0.8215619410810941 -0.0020817175684863707 0.9998270662655825 -0.01847662201307108 -0.07813593608047147 -0.018987695464097978 0.018433810084448887 0.9996497697102125 3.2901936861931276
0.9998981013314568 0.002338372105882449 0.01407925581089456 -0.8363893505437905 -0.002095043540934763 0.9998485419998757 -0.017272784232262924 -0.11099868969073595 -0.014117512471430338 0.01724152778035834 0.9997516579398859 4.041740099843386
0.999938900031673 0.002114620103314121 0.010844489843856697 -0.849461165641381 -0.0019285629872707656 0.9998512089976909 -0.01713867757522524 -0.14152678906471822 -0.01087911647525115 0.017116716928972577 0.9997942920086972 4.9142600218089765
0.9999712752193717 -0.0007289233921863858 0.007536806823446497 -0.8126696927740906 0.0008515839430508618 0.9998670111023563 -0.01628446424879522 -0.16741084639283493 -0.007523932751148372 0.016290416182921527 0.9998389567936371 5.70893434044219
0.9999877532618278 0.0033776235242148696 0.003605920041246892 -0.8565649816760087 -0.003315817029670859 0.9998497580711994 -0.01701078675548217 -0.20545929824678005 -0.0036628328858995494 0.0169986230368754 0.9998487471299174 6.396425246310285
0.9999983940596037 0.001693744725582103 -0.0004563187260012458 -0.941333385661631 -0.0017013020937695121 0.9998522201021305 -0.01710479045727732 -0.2319479559722902 0.0004272818285401357 0.0171055414125207 0.9998535279400845 7.0243038993244005
0.9999437322078788 0.009836866789944842 -0.003957170213789934 -0.9783319164234232 -0.009897100398662949 0.9998308567946342 -0.015501239153505375 -0.2620766079301431 0.0038040190589223684 0.015539533622381843 0.9998719332120624 7.76954291380185
0.9998560548452486 0.014433081323629545 -0.008915342510196173 -1.001275514817083 -0.014549456902422096 0.9998079180183753 -0.013129370539521712 -0.32494870305778917 0.00872413478993224 0.013257195227863757 0.9998739906577728 8.797527818090419
0.9997669731901854 0.019319889024733125 -0.009626735768846578 -1.1649040257626837 -0.019460210024043186 0.9997024938950451 -0.014702073747628878 -0.3101041225581404 0.009339831493250406 0.01488598702956131 0.9998455182052648 9.573609310800915
0.9998723879718895 0.009961917942992667 -0.012488252157005776 -1.1831192869634906 -0.010125665266198763 0.9998626644125523 -0.013118072602198506 -0.3203038018147283 0.01235585854529928 0.013242851647133316 0.999835886705459 10.506000693008433
0.9998862229165559 0.008715063228608667 -0.012312514368626843 -1.2508921052543638 -0.008880123901623514 0.999870568897721 -0.013415360419676184 -0.3798492591613849 0.012194007673847006 0.013523171722336429 0.999834141519618 11.335435764981415
0.999869387412096 0.010629919562369538 -0.012173485124071173 -1.3287946837475606 -0.010759517176353777 0.9998856036464653 -0.010630245377031826 -0.419590879599785 0.012059096598051574 0.010759839203020745 0.9998693126390831 12.08423782674691
0.9995880021307403 0.020686027220411803 -0.019897737049392725 -1.2600833375490181 -0.020907515209335467 0.9997210357559956 -0.010988375265799833 -0.4911788210003282 0.01966488266794688 0.011399861362391754 0.9997415781011019 13.026364148075633
0.9996376246025007 0.016136247367396085 -0.021547595483635686 -1.3096499958535495 -0.016387119047412094 0.9997993792296979 -0.011517190766055695 -0.5053348220268379 0.021357431143657554 0.011866120547349859 0.9997014526287471 13.787920072115782
0.9995469618353136 0.014413008749363658 -0.026423182747004045 -1.2551420481152247 -0.014848690572123376 0.9997557907333424 -0.01636715457242148 -0.5404854997139243 0.026180832280569295 0.016752089949334494 0.9995168132082068 14.822109325048975
0.9994758540419282 0.016862032886374133 -0.027635993138129127 -1.285753169267245 -0.017324427873458795 0.9997125013053563 -0.01657840399895559 -0.5844339181932529 0.02734850473216449 0.017048493965574386 0.9994805069903725 15.62303705462476
0.9994070138438205 0.013538685487892974 -0.03166082427098397 -1.2437917475811866 -0.014049626109851523 0.9997737886532418 -0.015971488387087937 -0.6149492440423144 0.03143743140760012 0.01640684218023208 0.9993709862065707 16.295480199633612
0.9994251182984396 0.012301754927366003 -0.031594611927178336 -1.2981708033028312 -0.012822201891164878 0.9997846146264665 -0.016323151938989634 -0.6071119885490274 0.03138700576113005 0.01671888164850809 0.9993674120937619 17.152524002179746
0.999283923028462 0.02044113744539271 -0.03184203034270807 -1.465889562726134 -0.020911334734882877 0.9996761781775837 -0.014504117839671855 -0.6571026574505949 0.031535241325882375 0.015159591986091342 0.9993876153347281 18.227401557049834
0.9992634810113007 0.019250078698258635 -0.03319729516727532 -1.5442690596787048 -0.01975824670679531 0.9996915810023097 -0.015047913281286256 -0.6828191511626148 0.032897385896831687 0.015692751169938443 0.9993354714268661 19.1638020959366
0.9991737463076013 0.02173876773379578 -0.034341980536338065 -1.5454451160665628 -0.022268769015332514 0.9996376231334592 -0.01512658205662972 -0.7394797211494638 0.03400070443940332 0.015878837499528103 0.9992956232011466 20.0138789340763
0.9989721863385712 0.025753482952097572 -0.03730251978949535 -1.581862911164252 -0.02636408071147917 0.9995248870260748 -0.015970339398526868 -0.773308025955118 0.03687350657856696 0.016937371661714384 0.9991763614761758 21.01048890159292
0.9987413102277637 0.026049270697302902 -0.04286532868182145 -1.4836852598754473 -0.02671747698777913 0.9995291591662263 -0.015089988800638193 -0.8015901519856343 0.04245206480044747 0.01621624756601873 0.9989668700909237 22.03244823417542
0.9987845877396968 0.022535078840000777 -0.04383807715806496 -1.5129250629738231 -0.023042339639500403 0.9996728827491378 -0.011100367783482225 -0.8573409706718521 0.04357359366295766 0.012097006869284643 0.9989769446796071 23.002260899489276
0.9986212674604096 0.026876014677472415 -0.04509450559718347 -1.4874351346409724 -0.027296294509042873 0.9995892572730852 -0.00872999813171724 -0.8920509636152945 0.04484136074226749 0.009948873044014372 0.998944557144229 23.775686990589715
0.9988400108622845 0.019433160346069456 -0.044060127571167625 -1.5106405195181196 -0.019704756082236582 0.9997893605200355 -0.005738094192113638 -0.9117252151609884 0.04393934402486689 0.00659963074055944 0.9990123626953333 24.726748900833154
0.9990365178661876 0.016545251395256935 -0.040652009685985806 -1.6535644132570224 -0.016767014771782166 0.999846283940953 -0.005120060669199883 -0.9625182068878456 0.04056105593645765 0.005796739207209986 0.9991601832039211 25.835108830706552
0.9991176889883875 0.017687263272862633 -0.03809554742712388 -1.7162839299879984 -0.01800610046298588 0.9998055135017199 -0.008042398338496334 -0.9760955452503527 0.03794589734013256 0.008721253457013852 0.9992416635866792 26.78712650080961
0.9992044010609931 0.0151574515769401 -0.036893618083111486 -1.7552265470359611 -0.015591281117476541 0.9998123124125381 -0.011499499859653076 -1.037353519712103 0.03671239700712752 0.012065567635380036 0.999252987977908 27.754904818587466
0.9991430918993733 0.021744225244325073 -0.03522142614202066 -1.7796193912094225 -0.02233391654210224 0.9996154513405109 -0.01643616921835212 -1.095813005540517 0.03485049608887373 0.017208715502713273 0.9992443006118821 28.70088151724232
0.9990907062356738 0.011505820777447611 -0.04105672476266049 -1.784151363296017 -0.012219086445123708 0.9997779981133917 -0.017164052187581633 -1.1147987545373448 0.040850128084761135 0.017650117954402477 0.9990093297834581 29.94257824524468
0.9992052988066834 0.008552946977752567 -0.038934954326157116 -1.8409592141522708 -0.00908606593950048 0.9998670669383566 -0.01353605204782801 -1.1076808314746514 0.03881401237217621 0.013879057872437857 0.9991499957371829 30.769151392435962
0.9991177135912258 0.005487775824673167 -0.041640655074346514 -1.8863520482109633 -0.005908724914675588 0.9999325909218867 -0.009992606478234554 -1.1716345510561312 0.041583018817683295 0.01022983172340878 0.9990825894363392 31.61627585675011
0.9991251251356402 0.0072494135463858555 -0.041191632136219576 -1.958741009698578 -0.007642507761151166 0.9999266647256823 -0.009393542520707758 -1.1973776999058565 0.04112052266644172 0.0097001304461608 0.9991070199232576 32.513833444777795
0.9991261006251767 0.009500189651018164 -0.040707525901463794 -2.081298130534766 -0.010036407476548275 0.9998652940521078 -0.012988336260168643 -1.2090378122540641 0.04057866053620183 0.013385542245195338 0.9990865734011294 33.456197835326755
0.9990587252378692 0.004266542964823485 -0.04317130974308862 -2.095166163529511 -0.005000086772923415 0.9998447271286987 -0.016897689862426252 -1.2492256658885006 0.0430925217948657 0.017097643675494694 0.99892467280514 34.51585925359259
0.998764601869772 -1.2253724297097904e-05 -0.04969448707034399 -2.065725515673392 -0.0009010620606670288 0.9998311003861592 -0.01835607357476496 -1.2828687303528827 0.049686327126355685 0.018378172664522234 0.9985956836354255 35.804281654679166
0.9988596486955511 0.0021144417680132575 -0.04769916423259627 -2.128174552134195 -0.002978247645433424 0.999832699161087 -0.018045565273670256 -1.3021551755450174 0.047653038952712064 0.018167044900433773 0.9986986254032446 36.89515342033598
0.9987521934847345 0.005589646873167406 -0.04962963063969285 -2.2482266395065045 -0.00631303446438975 0.9998758910145986 -0.014430846436529397 -1.3368838243480814 0.049542819880116426 0.01472615120995245 0.9986633204580831 37.804153986650135
0.9985708171114364 0.010784193839549632 -0.052348151085369846 -2.2039972823806626 -0.011542752186259879 0.9998323784717748 -0.014209925505330132 -1.3884954573459136 0.0521861445605349 0.014793856801056014 0.9985276880224427 39.00184067423233
0.9984807303874524 0.00872889603626477 -0.0544093805766451 -2.258766313666956 -0.009346984653539342 0.9998944963052897 -0.011115769323034165 -1.4131634621798854 0.054306625263037 0.011607443543246476 0.9984567130870741 40.05050971553176
0.998441250194143 0.0074250013779077716 -0.055319679113330106 -2.3165084515765253 -0.007910389494007197 0.9999320517203457 -0.008560354273347302 -1.4182896908162983 0.05525237265200383 0.008984609879272354 0.9984318503205355 40.884579692064634
0.9982304867662983 0.010272085936112457 -0.05857231193824626 -2.3131681555889676 -0.010613038358834382 0.999928488585677 -0.005512823376775446 -1.451209470970113 0.05851150612957703 0.006124697563133802 0.99826780674216 41.8295342764306
0.9981971252771628 0.022298446403134525 -0.05572847657246434 -2.4979616659838033 -0.02267664082803597 0.9997238425791075 -0.006163090211796623 -1.4821097827658407 0.05557567496375392 0.007415712547038265 0.9984267755943007 42.7708808494781
0.9982022443062012 0.01968013093003743 -0.056615754470362205 -2.51699985993316 -0.02015810417259617 0.9997657356079848 -0.007883595970584873 -1.5088143572259876 0.05644735406659488 0.009010688431854093 0.9983647633439781 43.8569047559751
0.9981064046737078 0.024334462834537853 -0.056496536032440293 -2.657706053691178 -0.0249500489178019 0.9996365137207247 -0.010216132823449813 -1.5404980225190752 0.05622740961229087 0.011606377499691496 0.9983503806280751 44.86666140835148
0.998320052291438 0.016519725790780922 -0.055538804334823624 -2.700810099754183 -0.017035190378687608 0.9998160074087746 -0.008820453898256371 -1.579406368699799 0.055382887088107915 0.009751749229541551 0.9984174265390399 45.75673890934046
0.9982601928195411 0.013390963948420827 -0.057425312765201825 -2.81767661056215 -0.013879789421361612 0.9998706980871004 -0.008121867056839437 -1.588018890495651 0.057309143413822615 0.008904786997422753 0.9983166005296183 46.72416207563051
0.9980643850347365 0.013173455297037635 -0.060780845807275934 -2.889229185653321 -0.013620258267074161 0.9998831753665395 -0.006942481995329656 -1.6197073883668038 0.060682300525300575 0.007756894013897972 0.9981268387144664 47.63113465698209
0.9981142126797705 0.0036089286999662893 -0.06128123953777703 -2.8363452081896248 -0.0043214660369617994 0.9999245915286136 -0.011498645914764322 -1.643785453836205 0.061235134778240934 0.011741785687555824 0.9980541333354886 48.717515733927705
0.9980663923079981 -0.00015076186577205365 -0.06215977462686577 -2.829461743749019 -0.0006883496456288634 0.9999089537589442 -0.013477485039399504 -1.672553536194417 0.062156163577316605 0.013494212424419812 0.9979750316250818 49.6966650413541
0.9979504943460511 0.006167262035980042 -0.06369595361887077 -2.8756916079700314 -0.007076160928471082 0.999876215558473 -0.014053488476885855 -1.7061927473704226 0.06360141354206801 0.014475408369320892 0.9978702335607063 50.73073734427983
0.9979761581059706 0.010434277234397769 -0.06273012599438446 -2.916889292240772 -0.011182918807520535 0.9998702291260415 -0.011594984943449703 -1.7882509614338162 0.06260101794410762 0.012273024389884899 0.9979629845228548 51.86383994828689
0.9977628038707833 0.017402992293694314 -0.06455135030820505 -2.997785099983092 -0.018155058338142543 0.9997737412894079 -0.011082345670361591 -1.8020200597851077 0.06434389558950986 0.012229484981671068 0.9978526733326152 52.770828259393724
0.9976983409627913 0.01778868486597517 -0.0654364847747148 -3.0004557972932324 -0.018517422084916725 0.9997729130966012 -0.010546870964218483 -1.8399623206801967 0.06523402413206286 0.011734309981538614 0.9978008338436944 53.76533577581467
0.9977218491994257 0.013925614829394386 -0.06601135110469745 -3.0596473061609024 -0.014778513620305703 0.9998133123155396 -0.012449788224785872 -1.8616631355547804 0.0658256682442461 0.013396975228450998 0.9977410310766615 54.78257821668176
0.9976651712328565 0.016025372005420556 -0.06639085988492047 -2.986879730546575 -0.016898456653484578 0.9997777237088863 -0.012609982079801123 -1.9098339978298442 0.06617403476793961 0.013702442697026203 0.9977138562141158 55.738835441274595
0.9975573116597254 0.017672890221276275 -0.06758281283084265 -3.0260945911445765 -0.018516627771587878 0.9997580439296515 -0.011878466283179737 -1.949178086430571 0.06735654386374132 0.013100856334251218 0.9976428092440146 56.65480321341716
0.9975191739658346 0.009650230841724611 -0.0697328622974117 -3.0561987710828356 -0.01018067507707799 0.9999219039788431 -0.007255399336882756 -1.9904983461204224 0.06965740731340979 0.0079473273991604 0.9975391954978716 57.57797562966894
0.9974911656400411 0.012256681977031114 -0.06972401378331909 -3.2067761585670613 -0.012427977109308017 0.9999207591761934 -0.0020234818024060723 -2.0166508791802054 0.06969369474341469 0.002884933495504174 0.9975641571524705 58.242696786907125
0.9973509424831924 0.01000578903292466 -0.07205076402813687 -3.202145700114253 -0.00987586832441053 0.9999489356905766 0.002159228465412924 -2.054557478904261 0.07206869595247534 -0.001441944517129398 0.9973985432541541 59.039107942426206
0.9973447487259661 0.011888222463866885 -0.07184986015137568 -3.376343023962815 -0.012068985298746419 0.9999250322557198 -0.0020821949653218558 -2.0736330308762487 0.07181972408414301 0.00294382101222497 0.997413220018796 59.91238586315974
0.9973037275959967 0.00894185232662526 -0.07283925679036113 -3.493043299285418 -0.009503603737613994 0.9999277443912453 -0.007369255741469073 -2.0953691836178896 0.07276809731606237 0.008041621851340736 0.9973164303711056 61.000424964191104
0.9973313116802208 0.010429846545822548 -0.0722615150525423 -3.5840512380042897 -0.011274270690943028 0.9998727902544148 -0.011287625844532289 -2.1387704613790532 0.07213459261454447 0.012072198529907853 0.9973218246965889 61.94163810359297
0.9973058963093306 0.011838657226732153 -0.07239529317218998 -3.709188426963552 -0.012576023108674261 0.9998735457530613 -0.009737891947239083 -2.169328132336316 0.07227085717415799 0.010622101899712251 0.9973284345618949 62.86994623186446
0.9970669375741285 0.011012320692263261 -0.0757395392752265 -3.7644476505308537 -0.011577226781979085 0.999908380454058 -0.007023476000396241 -2.192702341399714 0.07565525354308662 0.007879730102812748 0.997102854983317 63.79808881216505
0.9970314375688561 0.017152693693744815 -0.0750624379746974 -3.8709155210006085 -0.017699447982941683 0.9998214412642257 -0.006624752373574538 -2.222719328369674 0.07493540519149344 0.007933650155423641 0.9971567865028065 64.722605498898
0.9968999572767377 0.01589078909724093 -0.07706016440546255 -3.9320434671585445 -0.01641207992242193 0.9998465097510316 -0.0061360550187315515 -2.2353747987715082 0.07695083369699064 0.007381750414484334 0.9970075310731634 65.56002735605598
0.9968440164850607 0.012392899672228556 -0.07841412008024218 -4.033220103822727 -0.012836503829027294 0.9999043345541471 -0.005155582979066031 -2.2651886826219427 0.07834273355614337 0.0061458749636696215 0.9969075052493435 66.40401307226374
0.9966432673512685 0.010706625624251263 -0.08116618737498908 -4.09967217550871 -0.011093512993029441 0.9999291482699978 -0.004317065999371848 -2.298684530888724 0.08111422530669259 0.0052029926354641 0.9966911940596879 67.74406494695498
0.9965157219576389 0.016356433069695853 -0.0817879891432333 -4.176360027161769 -0.016694019077131708 0.9998547003822538 -0.003445340404676184 -2.33868560815344 0.08171976253622973 0.004798705969606356 0.9966437704338739 68.25305003551956
0.9966082742438734 0.023233611518078928 -0.07894617009977395 -4.280699816134501 -0.02350979121554022 0.9997202805962023 -0.00257051083476438 -2.3844848079508294 0.07886437673966291 0.004417800498869513 0.9968755344003002 68.93325408814415
0.9965408793996742 0.02115917812500544 -0.08036710662745927 -4.363046748235243 -0.021257093598895042 0.9997739489232299 -0.0003628302064011735 -2.414503065895819 0.08034127076733304 0.002069946672474492 0.996765262612441 69.7529308631395
0.9964280354837054 0.016654416151082787 -0.08278929704780477 -4.379401411113736 -0.016474280767235994 0.9998601885039547 0.0028585796792094027 -2.4210069812434423 0.08282533794476611 -0.0014844739161987467 0.9965629435554149 70.4862024143761
0.9963787470037249 0.020189798047872045 -0.0825959204969151 -4.450254973406127 -0.019974119126118444 0.9997945698030285 0.0034368788047859605 -2.4648269187115672 0.08264835477438202 -0.0017746513129314892 0.9965771525152636 71.20763529232077
0.9959497009085196 0.02670358409773956 -0.0858571410729441 -4.501147027740723 -0.026599351095724554 0.9996433927968877 0.00235805271841868 -2.5077020051147327 0.08588950374622217 -6.475653431696291e-05 0.9963046267693544 71.9501080787988
0.9960588711939288 0.02161019668397609 -0.0860237050028807 -4.568888899760162 -0.021994867475178478 0.9997518611469332 -0.003526208732649772 -2.567782192534803 0.08592616676610676 0.005404391669953238 0.9962868388608389 72.70444632600773
0.9959536363879606 0.020258874120586266 -0.08755734135567557 -4.601440210116509 -0.02090798919361198 0.9997602477800077 -0.006502709221183358 -2.6069413412164026 0.08740461983618635 0.008307044364525928 0.9961382750243056 73.37314904962219
0.9959788508583896 0.01722309550940206 -0.08791932195345654 -4.702785916449467 -0.018164155940791835 0.9997858565537159 -0.009914746629821255 -2.6173258706451263 0.08772973844942203 0.011471857682335544 0.9960782625643747 74.21539076326567
0.9959566334595926 0.016086571917570656 -0.088385099998871 -4.761695551223013 -0.016702935686485745 0.9998410106374813 -0.006238309956889347 -2.6724180697806332 0.0882707010349262 0.007689376417299781 0.9960668779234716 74.85043872542917
0.9959310394843335 0.01703225115177051 -0.08849620192553789 -4.8706718376985005 -0.017561142953421788 0.9998322256384529 -0.0052011474540453115 -2.6941595740185225 0.08839277286924123 0.0067340783952955455 0.996062988016754 75.45239097578943
0.9959370326566322 0.0170806797231571 -0.08841955862135828 -4.965948622391629 -0.017830174154682406 0.9998114123650039 -0.007693562193817965 -2.7046621528990147 0.08827147955255137 0.009238838916823937 0.9960536419056734 76.19878748384988
0.9957679215592986 0.011591334194588304 -0.09117121633782556 -4.947088168314788 -0.012724332232691964 0.9998487395226441 -0.011855647735015283 -2.716542716484632 0.09102000713725139 0.012965564853316687 0.9957646974927367 76.72596239605694
0.9957676141746205 0.007732177504912451 -0.09158259218093302 -4.939426500365716 -0.00940470144218645 0.9997965152278482 -0.017844951197201826 -2.710438474360819 0.09142597875167156 0.01863072836809167 0.9956376327599635 77.28606547987778
0.9961419984674537 0.009967384162021331 -0.08719018558100487 -5.012844269520685 -0.011459713230814666 0.9997959882835941 -0.016631958968504133 -2.7370407804323533 0.08700662290999847 0.017566963471705544 0.9960529163175066 77.9948671702967
0.9966237103805633 0.018837863965577923 -0.07991639334995827 -5.136530711777823 -0.020067398182944337 0.9996918440641301 -0.014609982415667352 -2.729194509168988 0.07961654852469388 0.016164366257591944 0.9966945612188199 78.47884768719838
0.9969826160982631 0.020009170714279434 -0.07500435829068577 -5.145738319477655 -0.02103622045470611 0.9996951102462669 -0.012928151141631214 -2.7588054663298047 0.07472281010581656 0.014466947851324179 0.9970994721967186 79.10814152056538
0.9975793258195805 0.01665101271144095 -0.0675174901775434 -5.246655786072209 -0.01736570094274763 0.9997990459922348 -0.010012071741470467 -2.786589520455131 0.06733721382434432 0.011160322560129074 0.9976679289344548 79.52470941974299
0.9981916040773173 0.012707361850628545 -0.058757114138425444 -5.295318122974726 -0.013189708201520042 0.9998823154756672 -0.00782856676270894 -2.8067645705917443 0.058650722190075805 0.008589398160030874 0.9982416611415195 79.98088791558284
0.9987299367733707 0.016441454753464074 -0.04762924101883427 -5.311990484705864 -0.016762688031100856 0.9998392897546372 -0.006352814451356508 -2.82580238475461 0.04751713697567572 0.007143139764736079 0.9988449460445992 80.57427419702755
0.9992593289976931 0.021280345048394336 -0.03206655225171554 -5.318594757538734 -0.02155322708547354 0.9997341610900662 -0.008188231720237655 -2.833039640710736 0.031883775719025335 0.008873304286476669 0.9994522759525587 81.01120925107038
0.9996302431736124 0.024042160296439435 -0.012714267200020385 -5.365392004921072 -0.024119899303645605 0.9996910916834771 -0.005996407670527922 -2.8816025913622414 0.012566167354485716 0.006300857553774773 0.999901283794823 81.48994582478677
0.9997180528339503 0.022364362147116484 0.007994007540229548 -5.427952651865263 -0.022328674343949403 0.9997404389415923 -0.004526446543426724 -2.920526069234384 -0.008093170559775206 0.0043466754700395025 0.9999578981540903 81.9735089067316
0.9992175605232594 0.020573125021901416 0.033782730844790394 -5.409409071672588 -0.020473013326262814 0.9997849250221241 -0.0033067583676497743 -2.920120008154683 -0.03384350301960455 0.0026125377323941404 0.9994238433496792 82.51630831144783
0.9975738014341682 0.02431386562634128 0.06523497496143503 -5.3915320506695235 -0.024044596042126547 0.9996988343299885 -0.004909765217493345 -2.9091844113429297 -0.06533471145341006 0.0033293060484070125 0.9978579586826375 82.82766322831226
0.9949688720723492 0.028809258038524792 0.09595401029868611 -5.309599521918266 -0.028938052074698385 0.9995811824315078 -4.935445630791907e-05 -2.952379881880419 -0.0959152562275126 -0.0027276140284411762 0.9953858447085001 83.20546513983828
0.9908783319964767 0.02470217817665022 0.13247712164007097 -5.251115255239405 -0.02443377721574708 0.9996947348856051 -0.0036515316156553734 -2.9315226780710755 -0.13252690401783856 0.00038130950242984277 0.9911793968260373 83.64632647824617
0.984912403533685 0.030211428118865843 0.17039691632810863 -5.11311896797099 -0.030194800508680644 0.9995403399376036 -0.0026897079300646043 -2.9681017282266686 -0.1703998810386199 -0.0024959717838690582 0.9853719224825388 84.02868828052202
0.9747870649877471 0.02306764584637798 0.22194217081719314 -5.012301874825341 -0.02251523721666382 0.999733818024001 -0.005019117393055173 -2.9578058644332113 -0.2219989073467453 -0.00010450661850862294 0.9750470065187784 84.67845103302267
0.9641840502767522 0.026741321558138895 0.26388307602854866 -4.94439102723749 -0.02564402349943722 0.9996421262168513 -0.00760262786286719 -2.960531210756245 -0.2639919919329021 0.0005633118527345035 0.964524792920133 84.74864867629798
0.9502369234428041 0.017843237061900285 0.31101706303407756 -4.543062568180139 -0.01617677755497645 0.9998375332048847 -0.007937115837866403 -2.985776260984011 -0.31110821456262017 0.0025108903077120013 0.9503712437351931 85.33703578469692
0.9282076279615387 0.017789575962780267 0.37163734315089886 -4.451626974064115 -0.014930224615841602 0.9998325312385868 -0.010570145003603999 -3.0180706941391366 -0.37176320839375776 0.004262663960542439 0.9283178912413205 85.68170549337604
0.8961074555011881 0.011768081820008918 0.44368135705601314 -4.3458665198588085 -0.008461373479495302 0.9999195987517454 -0.009432100932639867 -3.0346251427252287 -0.44375677024260357 0.004698026688775188 0.8961350285998848 86.150577767749
0.8676602540898279 0.012982261592926755 0.4969882327178451 -4.05736118958853 -0.010451151962111115 0.999914245378197 -0.007873647604339546 -3.0439806251267507 -0.4970479224230636 0.001637555727451277 0.8677216254726567 86.54550281866284
0.8305820539556711 0.008653644887596422 0.5568291782087439 -3.850347015912327 -0.007124981009459753 0.9999623993622142 -0.004912544334242136 -3.114117011513049 -0.5568508578540368 0.00011287785070347013 0.8306125847628567 86.83626613674319
0.7903023203487639 0.008039293784286772 0.6126644693994433 -3.62618775861605 -0.005485892639018936 0.9999665243801005 -0.006044939961072804 -3.1381290447140606 -0.6126926487960209 0.0014163229792735646 0.7903201068994992 87.09546366714855
0.7512003804666654 0.010005411968018367 0.659998472521 -3.321257395602953 -0.006783973308449607 0.999949148404918 -0.007437575274170538 -3.154930867271259 -0.6600394283738175 0.0011097030606397234 0.7512302212111208 87.28479824457222
0.7121149672224736 0.012712835695432226 0.7019478591200917 -2.9631128295763607 -0.008009856214234135 0.9999179112558895 -0.009983451172024236 -3.1283359972786853 -0.7020172649258479 0.0014868722057699408 0.7121584792970282 87.50892725556592
0.6654453418236902 0.00026495193620998365 0.7464466254918669 -2.6680768642975106 0.00491927805036909 0.9999765034227691 -0.004740411583301781 -3.195115568604763 -0.7464304750830499 0.006826474514920981 0.6654285055980791 87.78597013482245
0.6141783959682143 0.0019925845076496224 0.7891648060487407 -2.2980683439341734 0.006919598716483745 0.9999446123581113 -0.007910069030207075 -3.2187941359102767 -0.7891369776788884 0.010318908536810858 0.6141307010151426 88.09257936621594
0.557301327289179 -0.004344389525708779 0.8302990542008194 -1.936274847419887 0.015050268504310337 0.9998747232577287 -0.004870159970863562 -3.228124980399416 -0.8301740167994969 0.01521038044813025 0.5572969810287853 88.38570322473241
0.5338461404589726 -0.0014109205813620934 0.8455805379342547 -1.343629584778819 0.017191432403744576 0.9998098941045972 -0.009185321800186512 -3.1990872015528216 -0.8454069365044564 0.01944030118956218 0.5337689858351872 88.424121362916
0.48671584791597666 0.0004984940066918049 0.8735602670651194 -0.9939482708694496 0.020780026030071973 0.9997101262278009 -0.012148354517421548 -3.1725034217085 -0.8733132541599427 0.02406541431160559 0.48656445570696916 88.55786733871042
0.4438436579984988 0.003546306360931306 0.8960972825979977 -0.6605232775218651 0.01726908279926255 0.9997724657914979 -0.012510109337148374 -3.184093818378269 -0.8959378881135726 0.021027322051956055 0.44368149657495165 88.668362620972
0.3959210131231798 0.005152267482913957 0.9182701764022607 -0.3916047698213583 0.02070832411348112 0.9996796859813176 -0.014537634574853627 -3.1699361257836616 -0.9180511207158554 0.024771601926553137 0.3956875663487358 88.80427714665805
0.3512154594269052 -0.003351836565016116 0.9362887252060929 0.02069787432295695 0.024504996207316092 0.9996837911916596 -0.005613384531932514 -3.206099851430642 -0.9359740324073592 0.024915271584270027 0.35118658485344034 88.97631573529394
0.3144021279707874 -0.005574445032739473 0.949273601780331 0.36677302488847124 0.028175403696824187 0.9995968529284411 -0.0034618047661127633 -3.2144690083445524 -0.9488717780456121 0.02783457882519617 0.3144324814094488 89.06398922885083
0.28887344125833103 -0.001996775475779984 0.9573652974959623 0.7929119850034234 0.019817590912310584 0.9997958778722268 -0.003894439045890283 -3.2059210593312653 -0.9571622396028876 0.02009768402617897 0.28885409703505144 89.11323174329233
0.2592841581573316 0.004523719352045344 0.9657905446320785 1.1854447387216749 0.017669103503408983 0.9997992842870047 -0.009426606648219628 -3.2064415602196386 -0.9656395420913618 0.019508830575746764 0.25915222260565296 89.14476714678302
0.23463170533153666 0.011277836694991899 0.9720189990029353 1.5452016303530223 0.014580153825398326 0.9997792277109139 -0.015119368043863175 -3.1751710377116957 -0.971975088348881 0.01771967475027529 0.23441551185975493 89.1994212772838
0.2183540849018344 0.013917083012152802 0.9757704219327116 2.0871283387192645 0.014929142542288396 0.9997334906562372 -0.0175996438189051 -3.1892794666067203 -0.9757554864689938 0.018410374914807754 0.2180881560125315 89.12692694960701
0.19701648099659247 0.014168742716624787 0.9802978351058246 2.381693436864891 0.01578777017127674 0.9997198718229198 -0.01762242052913009 -3.2370452804669965 -0.9802731059069425 0.018948627968024243 0.19673763846947692 89.06518816516929
0.17226756605221713 0.020700970351270904 0.9848326740030503 3.174655726811224 0.01649098099087575 0.999578231324983 -0.023895525245955847 -3.2438106898944126 -0.9849121774044577 0.02035728129878456 0.17185356800932183 89.11426633860653
0.15855230750616836 0.026058365673089553 0.987006679716173 3.7855352160073683 0.023254241640547957 0.9992756332677646 -0.030117826990091932 -3.241407173308427 -0.9870767409718388 0.027727341344037797 0.15783152228158534 89.20304989881406
0.1411979510108146 0.026383150567631148 0.9896297658331462 4.079815682326691 0.023598696783895163 0.9992708862169658 -0.030007176172785314 -3.2427057609819117 -0.9897000955734548 0.027590924706330254 0.140472422730716 89.25629990779306
0.13320047624422574 0.02638465706026798 0.9907378348679053 4.310013729502556 0.02771608894355576 0.9991552442959153 -0.030335127053188204 -3.2469108891650764 -0.9907015360356073 0.031500034100908056 0.13235669975152822 89.24356916555752
0.1094654073025406 0.022813956336478262 0.9937287215120298 4.75180866967468 0.030859249334793046 0.9991764331821603 -0.02633835605110985 -3.2758800216667963 -0.9935115062062915 0.03354886629768669 0.10867125372661629 89.36820116740202
0.09397353398763322 0.018385366207194383 0.99540486210537 5.3416006025499385 0.03689230102325289 0.9990782278159698 -0.021936110356761403 -3.2851585725937977 -0.9948909292796156 0.038784198733935904 0.09320865188078852 89.4080491642761
0.0719860610334369 0.019577539886342064 0.9972134116052078 5.624771926162084 0.041923796310941806 0.9988641510164153 -0.022636299313613828 -3.277847521404417 -0.9965241588880522 0.04343648267948998 0.07108354283336622 89.52129526555586
0.059640001055206344 0.019955265389223934 0.9980203729501144 5.961477281026844 0.049516756726779194 0.9985100010962682 -0.02292407935119724 -3.3184103987697156 -0.9969910421165538 0.05078594093191141 0.05856302507282684 89.6591208461818
0.057480414219096936 0.019712281508472658 0.9981519317884265 6.439768723840112 0.03830810486649243 0.9990249966904448 -0.02193555400774888 -3.327975849937112 -0.9976114071085755 0.039498184231669446 0.05666923969594771 89.64367785588627
0.05459528894667119 0.023634122956355426 0.9982287396085997 7.041517931956485 0.04022601583771785 0.998855984230237 -0.025849009292602376 -3.3167214489449823 -0.9976979752248177 0.041566009550476846 0.053582134440031674 89.56146126608557
0.04905912559582395 0.024508137563671328 0.9984950471590333 7.625270039598855 0.03968533037356408 0.9988614475988615 -0.02646697877909607 -3.34811571460899 -0.9980071586213843 0.040924064031429196 0.04803066370713909 89.62665989710136
0.04795316355338961 0.02562550429869449 0.9985207506469027 8.20173286562977 0.03929823989129407 0.9988482916608624 -0.027521162846254388 -3.3610706065198386 -0.9980762422960364 0.0405598451509255 0.04689090619937689 89.53591624369217
0.041046643275322925 0.027424130450268473 0.9987807361137692 8.790920529901339 0.03522435350477876 0.9989620040218714 -0.028876699214617448 -3.344538513477233 -0.9985361540134784 0.03636670699175833 0.040038046411632125 89.60683045688819
0.03852321691932797 0.02943902965117429 0.9988239000686445 9.591547657010013 0.03483470379933976 0.9989186650596086 -0.030785333140080928 -3.3410577423384478 -0.998650367134205 0.035979693687136056 0.03745606715204225 89.5791859112017
0.039592906656190856 0.02868402572337002 0.9988040212262774 10.598279349743152 0.04389122037970252 0.9985730216263868 -0.030417237000851343 -3.3581603094116663 -0.9982514901752089 0.04504304630350845 0.03827743705381743 89.42755647770896
0.0381198299678473 0.029624110586851965 0.9988339054972971 11.142377680119418 0.04502398602095144 0.9984942791143127 -0.03133233299936146 -3.3833242632434475 -0.9982583853552448 0.046165877778724204 0.03672864312122663 89.42211292312092
0.03202221009962207 0.029178396821661665 0.999061078720832 11.967893753971266 0.03942710623288007 0.9987587209299462 -0.030433279697516243 -3.3920139539748013 -0.9987092722257949 0.04036463658318612 0.030832045913983714 89.55888758913501
0.03056025040757434 0.02796857697987368 0.9991414575080727 12.685113401183449 0.04215558403655069 0.9986827509169975 -0.029245113330648418 -3.440954716295522 -0.9986436166068297 0.043013138705905916 0.029340967671677588 89.60014710875657
0.03316245182973139 0.026896869270942807 0.9990879024729726 13.572648069181184 0.046674423804804556 0.9985053145933546 -0.028430419589172244 -3.4804939273719273 -0.9983595694868757 0.04757468609976024 0.031857492698037414 89.72892255675906
0.03770957548188944 0.026211153470914482 0.9989448323818209 14.251081721494026 0.05540908783700899 0.9980630018974693 -0.028279657403753076 -3.5313130106396633 -0.9977514485856886 0.05641704926884513 0.036184199247484616 89.73984289952767
0.03268510877059449 0.025857538912636823 0.9991310479323975 15.05243958061767 0.059107202503096576 0.9978654683125596 -0.02775837149932289 -3.5556804990806055 -0.9977164827780571 0.05996314242612428 0.031086972880270947 89.97873808211128
0.03173519935107633 0.023193006628283053 0.9992270528282432 15.492347118534271 0.060191938534652774 0.9978716901956391 -0.025073208087658314 -3.619566444211322 -0.99768231920067 0.06094113222794445 0.030271620569005012 90.01693193481063
0.02349485890890165 0.02004789881411345 0.9995228099590221 16.15238735946816 0.06218013557993953 0.997833687178963 -0.02147561102618791 -3.6975144022855773 -0.9977884820156543 0.06265504527130018 0.022197370406823045 90.27454622208417
0.019659221445036026 0.018805312236209713 0.9996297393029321 16.879663527561743 0.05823186197017192 0.9981041332110294 -0.019921808378620228 -3.7417690321853434 -0.9981096169248675 0.05860196533255791 0.018526866673361675 90.44575813799894
0.021020402088202488 0.017981185774883585 0.9996171848687633 17.626765411567185 0.052315981836543624 0.9984485058213777 -0.01906026656089383 -3.7642563917791643 -0.9984094737949639 0.05269662317096089 0.020047066738588065 90.58581986670475
0.02058994973273797 0.017710570880566087 0.9996309891338734 18.33600766949115 0.05109255848501987 0.9985178876844921 -0.018743209834777314 -3.785446830968972 -0.9984818270612126 0.051459639122368145 0.01965453149113732 90.64714693223381
0.024960166215581336 0.02103848952491002 0.9994669244301501 19.045657319599837 0.04775325846633002 0.9986119992075634 -0.022213037687578614 -3.8149039917843517 -0.998547433932753 0.048282250767627696 0.023920841913457794 90.74448876567418
0.030718907722576443 0.02380431267889796 0.9992444200949319 19.834872460731475 0.042387651513532444 0.9987858234927874 -0.02509645371643091 -3.8626827151294623 -0.9986290647095868 0.04312656107372118 0.029672579629549705 90.69989718018374
0.0346930543521029 0.027052217357186287 0.9990316864938703 20.71221388546943 0.04112990559198117 0.998747865468606 -0.028472816898694367 -3.9046714008686694 -0.9985514888191062 0.042077886471068277 0.0335369402167359 90.66066222065766
0.03376413489806645 0.0278131991621742 0.9990425972227135 21.47310587442539 0.04501711441919197 0.9985556692901065 -0.029321041959087194 -3.9207700969367125 -0.9984156353334002 0.04596401644125657 0.03246327991392155 90.73673626747409
0.03109228504863092 0.027927261416242268 0.9991261249949781 22.24290825655669 0.04135388314748659 0.998717522674093 -0.02920273077605838 -3.9643952791098096 -0.9986608258528938 0.042225725931487865 0.029897490112965216 90.85066178358842
0.03416627713658941 0.028960031793776264 0.9989963166940607 22.85971813543859 0.038792705421456714 0.998788186277047 -0.03028071091172967 -3.9815284046853208 -0.9986631532437014 0.03978835044426423 0.03300141823554104 90.81713059376214
0.029600335444690602 0.02933127963724923 0.999131211692339 23.573676153902852 0.03432371063383018 0.9989498494413409 -0.030342812757441412 -3.999654872705602 -0.9989724662888013 0.03519204769484898 0.02856247277815688 90.9127940871678
0.03588095067338268 0.02876308035327501 0.9989419041884584 24.77131211281643 0.03566892240120709 0.9989117997836982 -0.030043383111203324 -4.037744135091597 -0.9987194754609342 0.03670916767829673 0.034815939395568464 90.85772771873742
0.034284031795525256 0.029941681129192512 0.9989633407203196 25.361730001812713 0.031918459006135776 0.9990082254818596 -0.031038435370336282 -4.0436411337475375 -0.9989024524021549 0.032949492229436855 0.03329431959412117 90.95664384628128
0.039022796457119306 0.031188596795004832 0.9987513173437014 26.27063431922778 0.028756852625333375 0.9990635433971254 -0.03232190346022035 -4.06643562997117 -0.9988246082924255 0.029982231273602285 0.03808935279714665 90.8477510636225
0.03492087293637818 0.03104296109966412 0.9989077164727324 27.10264759551012 0.02373880614182602 0.9992095202112208 -0.0318822078302458 -4.101028604096861 -0.9991082497450309 0.02482622549140791 0.03415633311598999 90.92910611608448
0.03310519504374273 0.03104931748116927 0.9989693332471905 27.893684034156486 0.026964566062612175 0.9991255703520904 -0.03194774356049015 -4.1178307976660005 -0.9990882093645083 0.027994408470284893 0.03223900400948552 90.86570079540027
0.032849663990714054 0.027874597659611595 0.9990713839083607 28.893125753296268 0.021859345684881938 0.9993517053593496 -0.028601138804902383 -4.160167060690109 -0.9992213960476027 0.02277858217095988 0.03221903649874319 90.75173936409026
0.03369097931533325 0.026266209529956733 0.9990869216973564 29.752946531426097 0.011912637660185797 0.9995728597847298 -0.026680680129188304 -4.225328764130109 -0.9993614370173566 0.012800654004220114 0.033363681943488974 90.72713616940814
0.034475528311388656 0.02356452597423146 0.9991275067414291 30.637691488648663 0.012670929794337073 0.9996311443295718 -0.024013602550125794 -4.282161165549382 -0.9993253658866172 0.013487751255860877 0.034164224107821176 90.64294388645374
0.03207886452305705 0.021926870852213457 0.9992446353083504 31.448232340529266 0.01351709459204821 0.9996581774674417 -0.022369868301061285 -4.347055626299872 -0.9993940668067907 0.014224479156428117 0.03177151463154222 90.58137566679183
0.02785835393431796 0.021783209190210852 0.9993743381292445 32.22895688792348 0.01314023980317246 0.9996679506402377 -0.022155886234409724 -4.369066599429581 -0.9995256208964459 0.013749239716585114 0.02756287475749684 90.52363301899265
