0.9997437340109757 0.002068961371989652 0.02254208136808673 -0.8385614222453044 -0.0016266711380358552 0.999806178074156 -0.01962135252150619 -0.034751089330991816 -0.022578307122254275 0.019579656179515615 0.99955332247655 2.546432928417211
0.9998143988972724 0.0014597224059904493 0.01921013563200568 -0.8294689408454472 -0.0011124815277045372 0.9998360348249993 -0.01807421897201091 -0.079200334273569 -0.0192333689415793 0.018049493379917726 0.9996520790422215 3.323488613708125
0.9999057031931061 0.0023098687014231106 0.01353848931310053 -0.8034121563616916 -0.0020652855946089736 0.9998348949298868 -0.018052006648835373 -0.09943737440987876 -0.013577951875858299 0.01802234203028472 0.9997454067578077 4.072626882661668
0.9999428330898399 0.00019592004916221462 0.0106933414569285 -0.842634347342005 -2.1706196817283417e-05 0.9998672811875166 -0.016289534988020396 -0.1372734831428188 -0.010695113869660454 0.016288369685095026 0.999810156348466 4.883853831184405
0.9999743125059476 0.0018963675471959963 0.006915346229974556 -0.7935414054265391 -0.001776729303957214 0.9998493090996613 -0.017265759077653098 -0.16751307358594322 -0.006947046287451725 0.017253026336304808 0.9998270648942371 5.776733101844086
0.9999834620909329 0.004163875918986247 0.00397942204220883 -0.8542423835503691 -0.0040958424039608315 0.9998478080171449 -0.016954447279142932 -0.20271419836701365 -0.004049412615756061 0.01693786393996246 0.9998484128590142 6.38955169512249
0.9999988596155595 8.343092121793748e-05 -0.001528190143764596 -0.9032864612776441 -0.00010977317455653793 0.9998512317789647 -0.01724479309305734 -0.22753728522906833 0.0015265242846524436 0.017244937979800083 0.9998502128422408 7.1043147035447225
0.9999148622459303 0.012686053765566195 -0.0030633153071784125 -1.0039475909286384 -0.012733886670173044 0.9997886320628159 -0.016135722014214038 -0.26069870744020074 0.002857969135964562 0.01617335305697773 0.9998652300103904 7.8279983730893905
0.999855156018131 0.015325492221676172 -0.007409419617654213 -1.0373703721681364 -0.01542578594468185 0.9997874429211547 -0.013673841724748696 -0.3152960899323944 0.007198286554194436 0.01378615433431087 0.9998791732452738 8.800805972516036
0.999793484728218 0.01837651189649123 -0.008680278967456692 -1.2020305368027944 -0.018497157151905644 0.9997304235844718 -0.014029317637263157 -0.32992011717109365 0.008420128939742002 0.0141869783787789 0.9998640060384208 9.447054576064101
0.9998685064963879 0.01206312906580429 -0.010838171526901613 -1.2092759896188259 -0.01220646508908744 0.9998375654435298 -0.013257895976873954 -0.3437732410294911 0.010676478757958905 0.013388446348365187 0.9998534730794482 10.470726054319776
0.9998646815452337 0.011687981672941153 -0.01157813474971132 -1.2898861302433815 -0.011843914354519218 0.9998387776218782 -0.01349223449376364 -0.38148496569517176 0.011418570279288335 0.01362753638321397 0.9998420496661831 11.329045564790496
0.999844019394054 0.011988520830073192 -0.012972009112140675 -1.3077248662790302 -0.012128472052582193 0.9998684735647321 -0.010764499393807227 -0.42634936403532875 0.01284125164370985 0.01092014832913022 0.9998580247853982 12.168255481874535
0.9995713623200223 0.021662371090138355 -0.019695191500883554 -1.2570478351900216 -0.02188351217259773 0.9996990433145992 -0.01108294053480719 -0.4816522530576161 0.019449181187922184 0.011509187122910327 0.9997447181656398 12.958221680846384
0.9996480907649333 0.015487728868530691 -0.02153797422571029 -1.3085684708947785 -0.0157406759534523 0.9998084582596863 -0.011624749680987558 -0.5065008022288296 0.021353807325864452 0.011959677270874854 0.9997005849645448 13.757664692964717
0.9995337230505786 0.016523388330317166 -0.025677519096823788 -1.2578719754363987 -0.016936398405374396 0.999729258983713 -0.0159511848774919 -0.5390775652174361 0.02540699820519487 0.016378627937942904 0.9995431741477754 14.70513946483546
0.9995171898647003 0.015572666844671675 -0.026887760069715282 -1.3122668379055833 -0.016013084331709487 0.9997397693688189 -0.016242960925782424 -0.5692825733721647 0.026627816581607493 0.01666566979564918 0.9995066322945894 15.529746402963344
0.9994476065564618 0.010079788728974729 -0.031669336689496785 -1.1920298461453154 -0.01059913839236675 0.9998113015108516 -0.016274236964170356 -0.5954200745893555 0.031499321020961826 0.016600910347568908 0.9993660299317145 16.165903703592534
0.9993824201497418 0.013869528774970349 -0.03228723297477752 -1.2882400029855732 -0.014412477154800613 0.9997575147379624 -0.016644622299166547 -0.6176989711197859 0.03204855201865583 0.01709967889204076 0.9993401328140474 17.218155399777135
0.9992980930718875 0.01986887764387458 -0.03175879022093562 -1.4606922847110773 -0.02032015213808135 0.9996961026802614 -0.013950383699298444 -0.6615886719903199 0.0314719630514687 0.01458593264522626 0.99939827884528 18.260054708525463
0.999334525020311 0.01806376472233482 -0.03168954434781214 -1.561585975770329 -0.01854010785564153 0.9997184549647442 -0.014802685368120926 -0.6763988040641004 0.031413232602900486 0.015380360397236241 0.9993881870438464 19.128121461973283
0.9992147864115789 0.021190850396558342 -0.033478015619500055 -1.563486083349375 -0.021741468722839614 0.9996328094922993 -0.016169670999077103 -0.7137983355456572 0.03312307460803319 0.016884834285103466 0.9993087178698511 20.032792434577527
0.9989862221848153 0.026972637537599584 -0.03604248878310627 -1.5896993706975477 -0.027571019759119086 0.9994883672262418 -0.016209534347917644 -0.7706324728957529 0.035586836063100015 0.017186828047733606 0.9992188591522567 20.989254214564745
0.9987033133177099 0.028226949949471506 -0.04236739938584431 -1.53409803558165 -0.028847335739478622 0.9994842713988387 -0.014103699267348509 -0.8228529309946568 0.04194744642829772 0.01530759582767564 0.9990026432795737 22.025922645377513
0.9987297473062297 0.02369140163965695 -0.044471054212297696 -1.4925360477770715 -0.024252274591745362 0.9996324117248954 -0.0121151659824701 -0.8588069473571209 0.0441676824910713 0.013178299563066802 0.9989373226157163 23.018834994402056
0.9987583624473043 0.026194231333149548 -0.042375098357777335 -1.5531367417689728 -0.02661036301973967 0.9996026996457319 -0.009286048148537281 -0.8750440564633507 0.04211502320275763 0.010402134755980206 0.9990587061621118 23.824298281455174
0.9987667482815981 0.02351736900962191 -0.04372549431079405 -1.553237104652327 -0.023769292789279858 0.999703617851943 -0.005250485254116499 -0.9125506985308245 0.043589058029635815 0.006283334150026291 0.9990298896509668 24.717079672440853
0.9990625609727974 0.016189696041914337 -0.04014868164886541 -1.6988433079950032 -0.016408323046807248 0.9998521897426682 -0.005121896101192055 -0.9394797034577763 0.040059825644075495 0.005775867212177575 0.9991807086654244 25.85915565862523
0.9991346446267358 0.015911186312917474 -0.03843009031709557 -1.7098929756116281 -0.016244924006995294 0.9998328212941976 -0.008387673036065916 -0.9743601047992094 0.0382902086641344 0.009004708295979987 0.999226194054751 26.759806544639115
0.9992001161403443 0.013309969327821473 -0.03770965266483439 -1.733224554631253 -0.013722527845451879 0.9998485263824071 -0.010702770729210014 -1.0411065370603558 0.03756148734054949 0.011211680241347428 0.9992315224054215 27.74618422884498
0.9991694475515343 0.021469944953886228 -0.03463303715680702 -1.7846841610711595 -0.02204082253911957 0.9996259729305801 -0.016186931694635625 -1.0891284050600742 0.03427254965724929 0.01693682683548432 0.9992691287627979 28.670041960886564
0.9990896203547172 0.014755874438951632 -0.04002754460866546 -1.8265456979395325 -0.015431401389333585 0.9997427614984579 -0.016620448005879807 -1.1197844206285703 0.03977199790968808 0.01722299727700872 0.9990604777063642 29.907031897773635
0.9991740201187458 0.01104023654094662 -0.039108229075950615 -1.8384708966510248 -0.011586619900166939 0.99983803275609 -0.013772106382824788 -1.1172453160704874 0.03894984608887154 0.014213863326243152 0.9991402147355475 30.761583478812025
0.999163115353546 0.006604461125745544 -0.040366852751960204 -1.9162869329668817 -0.007041887533011574 0.9999178989195397 -0.010703759346519504 -1.1560954759139006 0.04029284436594736 0.010979061376300033 0.9991277315332436 31.615323402755354
0.9991316270328965 0.005906147116282118 -0.0412448230782042 -1.9587245556456812 -0.006324712698898246 0.9999297174403201 -0.010025272990753491 -1.1848725345977875 0.04118271097463941 0.01027742938275743 0.999098932809631 32.52508154885269
0.9991027473690399 0.013636983883856176 -0.040097404614863774 -2.0790733687391443 -0.014189160543467678 0.9998079025232405 -0.01351875462763889 -1.2234308785138597 0.03990534554214382 0.014075572623815879 0.9991044660805601 33.462151754590614
0.9990243905797184 0.0017303588088088532 -0.04412866068244751 -2.0663316697779663 -0.00246140574803382 0.9998605005586181 -0.016517354865137904 -1.2572943479398015 0.04409392421226817 0.01660985741043083 0.9988894200523484 34.52638524501719
0.9987925220358156 -0.0023279792157938975 -0.04907317350202699 -2.063186076150325 0.0014705860145212972 0.9998457425332903 -0.017500634384174263 -1.280100645383476 0.04910634627115448 0.01740733536696811 0.998641948315696 35.788772068778826
0.9989059948955732 0.0017413148523348475 -0.04673149725204908 -2.1680649886834615 -0.0025460008151196424 0.9998494006585795 -0.01716539454692222 -1.3165639455735885 0.046694569198303025 0.017265593769437763 0.9987600792063005 36.772538156592574
0.9987249674808437 0.005746913180311985 -0.050154240790225055 -2.2284645917077244 -0.006477182243290314 0.9998751392923015 -0.014410132079145172 -1.3237598221491707 0.050065165138319385 0.014716616463783607 0.9986376361486597 37.84917850786039
0.9986310814014101 0.011096231372939455 -0.05111594724520091 -2.2486254435659894 -0.011792248075118326 0.999841513276701 -0.013335063438493474 -1.3955812210896494 0.05095987642822669 0.013919581200261417 0.9986037964302988 38.98090037174713
0.9984782834064055 0.010722861511552844 -0.054094326805068926 -2.2618761132803393 -0.011346172003067248 0.9998725272605158 -0.01122875386100348 -1.4123311473896905 0.05396702890824604 0.01182543070270948 0.998472795172706 39.99366167959138
0.9984785167997211 0.004569831249436432 -0.05495315632616131 -2.319664612321652 -0.004994118283625607 0.9999586940210625 -0.0075860466143736465 -1.4178372183320969 0.054916221315502556 0.007848947721706363 0.9984602416978607 40.88143649629261
0.9982161798748671 0.010082983131184425 -0.05884623043003842 -2.312801667903918 -0.010405923420351447 0.9999323625931824 -0.005183993175440148 -1.4587378874280454 0.058789982843287514 0.005787096483068435 0.9982537173551419 41.76632183666213
0.9982492900545913 0.02218922858871113 -0.054827332439130544 -2.5506603533905086 -0.022581488244646182 0.9997235312794808 -0.006545278326819117 -1.4686662344899428 0.05466694115009362 0.00777190380860853 0.9984745038477344 42.76580705514749
0.9981560450612523 0.020570596800411435 -0.057108532367697716 -2.4774380688280804 -0.02101462219276603 0.999753312057176 -0.007185445352322247 -1.512146136310424 0.05694663430512807 0.0083723110791312 0.9983422534680637 43.8079363463277
0.9980722914426746 0.023862181791024166 -0.05729129411803414 -2.6342009359450884 -0.024495909134848247 0.9996459649854517 -0.010384748824534294 -1.543244564155692 0.057023206513913446 0.01176813371481865 0.9983036163685225 44.84489850415198
0.9982826772649472 0.017028467468601302 -0.05605125634176138 -2.689938151746365 -0.017562250945693934 0.9998048407942065 -0.009044352680326452 -1.570372518193843 0.055886305376706844 0.010013208041915593 0.9983870313325407 45.72784520555336
0.9982108303493694 0.012968050377983908 -0.05836987845980505 -2.8154774552435913 -0.01344871212974271 0.9998787155768232 -0.007849459641210936 -1.6059707022203509 0.05826100939851261 0.00862041631463874 0.9982642578164218 46.70763094470773
0.9980510533293503 0.015192017218667583 -0.060526113160010074 -2.8956499041205013 -0.015630390283888112 0.9998548247902511 -0.006775811338071246 -1.6125533210494076 0.060414393059055355 0.007708653380765159 0.9981437046096727 47.64954877470209
0.9981302658316156 0.0020746771674456667 -0.06108835671948754 -2.8339846271630624 -0.002719044467904015 0.9999414883531142 -0.010466844369517659 -1.648449625022297 0.0610630728473612 0.010613376602002499 0.9980775412980981 48.711059995961314
0.9981304484644168 0.0010955023490957917 -0.061110734580582665 -2.8858983400138003 -0.00189740581553839 0.9999128288095076 -0.013065613745304504 -1.6793232322363378 0.061091096427171206 0.013157138460863929 0.9980455637206983 49.529742871008324
0.9979674008877846 0.008213255122111683 -0.06319636596422126 -2.894699513276209 -0.009084443337602388 0.9998674302159559 -0.013510415683833089 -1.7275869775510644 0.06307702823571094 0.014057056905901656 0.997909761787057 50.6420597926549
0.9979602047033862 0.010604277152896855 -0.06295371086214285 -2.91347532673895 -0.011349019503481357 0.9998696093759889 -0.011484199803626392 -1.77554909635832 0.06282372531303056 0.012175236480611137 0.997950490382783 51.847413712966315
0.9978014191092971 0.016432833636208215 -0.06420665247245226 -2.9896907069387315 -0.017178896040858923 0.9997909396967525 -0.011084940744702955 -1.795271223850425 0.06401107814355482 0.012163568929161542 0.9978751733631572 52.78181224962274
0.9977172376407343 0.015142865769053706 -0.06581228353179698 -2.998672421447227 -0.015873278610071637 0.9998178858558542 -0.01058971157736093 -1.8435724841362 0.0656399453152946 0.01161019402797376 0.997775969466062 53.77199624406942
0.9977120960545215 0.013124631773953494 -0.06632126759997703 -3.0341349004121057 -0.01395892955644893 0.9998288985152161 -0.012131936350076812 -1.8683190628016828 0.06615069774228466 0.013029952695095458 0.9977247119671182 54.79423395316242
0.9976800099123235 0.015584590201885754 -0.06627185285571245 -2.9838792781229637 -0.016465781498835298 0.999782795332983 -0.01277124673614571 -1.9016308947874954 0.06605843156621487 0.01383283421085668 0.9977199948240857 55.760972828360416
0.9975981007474802 0.01461339470998191 -0.06771072596040133 -3.027882369476277 -0.015445363955062949 0.9998112416631121 -0.011779927539494734 -1.9509355944357905 0.06752580973995538 0.012797449107017111 0.9976355760182817 56.69498532240318
0.9975833717018436 0.010337809230623187 -0.06870792550489803 -3.077892382133944 -0.010862772835380749 0.9999144660946732 -0.007271297453500509 -1.9825136556532479 0.06862688962342652 0.008000084321883913 0.9976104354477315 57.50386593332656
0.9974146590329507 0.008614467910666114 -0.07134454905540386 -3.1476433077488415 -0.00877547303120584 0.9999595118869027 -0.0019436088167217496 -2.012661707338991 0.07132492714324015 0.0025646678810043576 0.9974499717054474 58.25010851360547
0.9972786804130396 0.013248323781708999 -0.07252557314421451 -3.162323812283968 -0.013132048697111915 0.9999115102037642 0.0020798294966801376 -2.058655398352861 0.0725467205047479 -0.001121757662334228 0.9973645030436102 58.99987921918966
0.9973631679895175 0.010665882440566569 -0.07178615285604839 -3.342681107770497 -0.010848557379041366 0.9999387453065218 -0.002155286349934565 -2.0729164170221117 0.07175878046056239 0.002928380656062382 0.9974178255963131 59.89078806972934
0.9973027501964429 0.008910988025173329 -0.0728566257603874 -3.5153885132884874 -0.009507651610172295 0.9999239481813124 -0.007846833989416888 -2.08883487675041 0.07278117089044332 0.008518363346628529 0.9973116824202709 60.97333372984329
0.9972935912482591 0.007853969200661537 -0.07310334621609987 -3.5721670476247325 -0.008685060882011235 0.9999010649381904 -0.011057761601779523 -2.1437011284823804 0.07300927823335755 0.011662738707887853 0.9972631811899995 61.96271673019553
0.9972657475757873 0.008858102070649361 -0.07336825829770323 -3.692855843149244 -0.009650490165186158 0.9998987417005909 -0.010452628156569846 -2.1375747654974404 0.07326825239661235 0.01113208505339081 0.9972502327396492 62.90714925343341
0.9970957904598503 0.00996685214223183 -0.07550478091102616 -3.777150671901062 -0.010528754541817757 0.9999196856400242 -0.007047467869884347 -2.1913031370790073 0.07542848983898898 0.007821970147157286 0.9971206081379768 63.81687206343799
0.997005344516725 0.02006935877197687 -0.07468497627801735 -3.870793613689377 -0.02059860152057265 0.9997677719966489 -0.0063226952118771405 -2.253241961312679 0.07454075312338704 0.00784216588446232 0.9971872098989726 64.7270248335189
0.9968900300346948 0.016848439014941936 -0.0769845911359379 -3.9271096793771942 -0.017391717220482748 0.9998282431369612 -0.0063918878611347926 -2.244009518250763 0.07686368669869403 0.007710902227961893 0.997011884474799 65.56765616848435
0.9968716637190449 0.010605048765017345 -0.07832399915840642 -4.015937789805809 -0.011070638213879727 0.9999234356413959 -0.005512489641720227 -2.2565507032379126 0.07825955351801506 0.006362339999602746 0.9969128212341106 66.4086396987388
0.9966127236959088 0.009447584573976254 -0.08169487039938313 -4.073304239329687 -0.009785012312818473 0.9999450958446567 -0.0037308800840458664 -2.3077163291875404 0.08165514655436928 0.004517626702686801 0.9966505192198207 67.71382241248658
0.996495815476356 0.017562376843607203 -0.0817796948923548 -4.162140005968876 -0.01793337817951993 0.9998318636673041 -0.003804166698115405 -2.350210263944056 0.08169914420155837 0.005257421143504842 0.99664331412651 68.24431030760846
0.996632832670417 0.02191639775819258 -0.07901214012735445 -4.278022405010751 -0.02219048344022335 0.9997502967343697 -0.002592398288555163 -2.389288210430837 0.07893560635782557 0.004336986060591083 0.9968704108895474 68.96404177434975
0.9965580880389047 0.02012068625978231 -0.08042033451916843 -4.360127802573801 -0.020209194635868687 0.9997956001393569 -0.0002866344390732061 -2.407985987274599 0.08039814428543887 0.0019108781672461676 0.9967611409536138 69.7688951021026
0.9965280558836138 0.01584456645277615 -0.08173760846401934 -4.4042602531789425 -0.015646652137891806 0.9998727879818627 0.0030614206996208804 -2.4252412112479758 0.08177572757213313 -0.0017718699795238918 0.996649340219923 70.49608636539158
0.9963178311827712 0.020614370510248448 -0.08322314473624039 -4.442476545365498 -0.02033921774333485 0.9997843976829247 0.00415284459574099 -2.476898016364905 0.0832908225807274 -0.0024448570476712735 0.996522425720144 71.19494184574295
0.9959066338443011 0.027728442848252762 -0.08603151070735465 -4.493909715833956 -0.027661557860511256 0.9996152620337929 0.001969763533703 -2.510667642525186 0.08605304544405805 0.00041806495144981146 0.9962906297533013 71.93079053203398
0.9959953407999832 0.021019435089571426 -0.08690067980044743 -4.584556974686711 -0.02134016444015778 0.9997683171125888 -0.0027631985478358957 -2.575543078795875 0.08682247956110557 0.0046066037938440225 0.9962133010024 72.70500189311494
0.9958725249810962 0.02037985256337194 -0.08844700634523917 -4.598271599286458 -0.02101622784888336 0.9997593546785405 -0.006269526121235443 -2.6254882552889693 0.08829796670336905 0.008102464833026625 0.9960612786466823 73.3797657547481
0.995987927811181 0.017253734153845485 -0.08781057107221933 -4.6909403791839015 -0.01820414200145102 0.9997838092579702 -0.010033926518762159 -2.624889874273877 0.08761848216983402 0.011592178591177942 0.996086800981768 74.22254184391713
0.9959132630988118 0.01690439160304293 -0.08872090156289134 -4.755464557993582 -0.017546240456707562 0.9998250749021994 -0.0064593648698102486 -2.6720644094938675 0.08859620742866751 0.007989679617427676 0.9960357378944017 74.83138735765063
0.995883489552501 0.017670632460857323 -0.08890558303681838 -4.866324258979995 -0.018182238015971425 0.9998223525335903 -0.0049477156250406495 -2.6983398893770043 0.08880237531175349 0.006543846038837097 0.9960279254620578 75.53132597122445
0.9959323113794092 0.013369721531888408 -0.08910905956439037 -4.9402910809499705 -0.014160236133669412 0.9998656666289011 -0.00824490510595968 -2.684454929477429 0.08898687111016727 0.009473166974804787 0.9959878879527059 76.18453955034144
0.9957773479640308 0.010891489721514337 -0.091154997904218 -4.927055624216397 -0.0120555339962908 0.9998524669735905 -0.012228990243045268 -2.694721533964826 0.09100837253540443 0.013276265156115526 0.9957617783731145 76.69534696578737
0.9958647873751069 0.008786828225373628 -0.09042375250103642 -4.93752016541485 -0.010404811852640087 0.9997937206790197 -0.017437461549770477 -2.7015236941919465 0.09025189327627885 0.018306185551743855 0.9957508714250426 77.33620136315255
0.9961680203109124 0.009861405226419434 -0.08690428745672628 -4.987439839422808 -0.011420054982923897 0.9997823358024382 -0.01745627327971632 -2.7303802071822902 0.08671323913645242 0.018381823126322062 0.9960638662731468 78.02523020206384
0.9966451764986163 0.01716828068443799 -0.08002496310588848 -5.088020572190331 -0.01842344726823089 0.9997180844813772 -0.014972664792678612 -2.735008040697491 0.07974535845370531 0.01639676085827709 0.9966805688730145 78.50300512204375
0.9970372912705545 0.02139446736653757 -0.07388692503093072 -5.163330051811376 -0.022392845033956058 0.9996683609703303 -0.012710196803617783 -2.7572685810870787 0.07359050561145826 0.014327070579621706 0.9971857835387294 79.05028760637946
0.997502781868679 0.0179335256323173 -0.06831544684991832 -5.228322282226632 -0.0186697464576722 0.9997740797217248 -0.010153483011859607 -2.7814077631609906 0.06811793783923424 0.01140355299000517 0.9976122493391243 79.5106469112287
0.9981894801409994 0.011704537480816573 -0.059001334632877156 -5.277840572958976 -0.012198348448333564 0.9998934206242958 -0.008016201596365673 -2.8077444851167774 0.05890122988864944 0.008721402116620742 0.9982258625526669 80.01063881297506
0.9987503167159086 0.017215634606684602 -0.046923219329372254 -5.324564288547288 -0.01753797274589602 0.9998252565906505 -0.006466362432634872 -2.8308642760313574 0.04680370364566583 0.007281215037378422 0.9988777330048974 80.57138824226772
0.9992314816961214 0.02103713117021317 -0.03307867038420607 -5.288090946231071 -0.021304872659997982 0.9997428670387949 -0.007762398570145456 -2.8489815140909758 0.03290687093540124 0.00846116561359959 0.9994227686505763 81.05447201236801
0.9996296227964744 0.024383465019421804 -0.012098701464326497 -5.355371165136119 -0.02446554873555443 0.999678289028131 -0.006683014050029594 -2.8762025275411194 0.011931859000672198 0.00697653651321954 0.9999046236086041 81.53075981645523
0.9996895407706962 0.023532897302929425 0.008202565133613839 -5.4368807103847105 -0.023493453719713852 0.9997120841265154 -0.004872902046574413 -2.9131167666940945 -0.008314872836820938 0.0046786797294907385 0.9999546205094995 81.93700227064745
0.999160276138532 0.020118779363706166 0.0356958261499966 -5.423199974704328 -0.019988556010671208 0.9997921718224251 -0.004001396662493987 -2.907274750601799 -0.03576890759320236 0.003284526365735133 0.9993547974006348 82.48402658130617
0.9976170711825229 0.023768558476074373 0.06477219774213959 -5.368138776131965 -0.02351600966338408 0.999712559175484 -0.0046587867093975084 -2.9208303749830065 -0.06486430937313846 0.0031244999885580767 0.997889327044644 82.84328827487585
0.9951002920887144 0.02932236057207908 0.0944234700429901 -5.276156195646416 -0.029341689149452295 0.999568701018809 -0.0011839817711401565 -2.958923266407997 -0.09441745758756372 -0.0015923647207749649 0.995531553247123 83.20222027333625
0.9908322322788402 0.026734077582745337 0.13242716818708522 -5.2330580993038875 -0.026456256435644882 0.9996424759939532 -0.003857321033832096 -2.9378093065730346 -0.13248294266753152 0.00031843049257209517 0.9911853546607832 83.66527420037596
0.9849320876936654 0.0331727833229347 0.16973076564258543 -5.130376071410446 -0.033347596184001634 0.9994421110772942 -0.0018215038618344475 -2.990968675377678 -0.16969650041858295 -0.0038660561992832436 0.985488888749151 83.98265217752187
0.9749348168512498 0.02119473434875202 0.2214791505511634 -5.006893094117023 -0.020793221504810565 0.999775176351153 -0.004144574262322249 -2.97793715036611 -0.22151719723766744 -0.0005645757998777598 0.9751563888066944 84.66942114063967
0.9641988314418343 0.026954414922090636 0.2638071607421805 -4.942336177042859 -0.02593647519826916 0.9996365878982524 -0.007341367046475407 -2.960701867958538 -0.26390917679103554 0.00023630906513077691 0.9645475917672477 84.74753957184478
0.9499196810412828 0.017131255557433087 0.31202447807824907 -4.546417688867304 -0.015077867848141906 0.9998458205249057 -0.008992426291730846 -2.9811827765831973 -0.31213043405450813 0.0038374180541071857 0.9500315972165198 85.32894314826714
0.9285153516670089 0.02088823225565157 0.3707062358668474 -4.426211696794535 -0.01722443250457142 0.9997645792534006 -0.013191499593797075 -2.987210576508669 -0.3708945172285446 0.0058633043953406115 0.9286566038513187 85.66908053643807
0.8963671616190473 0.013217701530786264 0.4431155871977524 -4.350319480048867 -0.009128985838752903 0.9998937854327102 -0.011359069083374192 -3.0073429999418133 -0.4432186832432938 0.006136699898102837 0.8963926119345113 86.13332034900488
0.8670638337320721 0.015896202917361497 0.49794363595459273 -4.077060185221045 -0.012628882579208925 0.9998709176573587 -0.009929055388267221 -3.0354209113452293 -0.49803723910106185 0.0023206520369650576 0.8671526393005672 86.53884105772745
0.8302697927528444 0.01047986796332034 0.5572633936032402 -3.871541783597759 -0.009012585039911177 0.9999449203034023 -0.005377023443033396 -3.1127815804169594 -0.5572890782034738 -0.0005580043774912958 0.8303184761683697 86.83366118677876
0.7934951012280115 0.007386779520342998 0.6085319791841278 -3.5826005485991406 -0.003591926219846753 0.9999657369844236 -0.007454587564285185 -3.119814338345018 -0.608566218854525 0.003729376272071678 0.7934944478990101 87.0447758252875
0.7544377158484121 0.010822357432130073 0.6562825954110686 -3.3039725837280463 -0.006741318212441777 0.9999390659034731 -0.008739828950678409 -3.1405049188388956 -0.6563372203260686 0.0021694466563132657 0.7544646866135174 87.21368314517119
0.7133733886658797 0.011655545946151315 0.7006873491321663 -2.973290331901949 -0.0065646810391034975 0.9999289305165275 -0.009949734920802448 -3.1307524464667393 -0.7007535637045863 0.0024980881931094853 0.7133991841786465 87.46149833463288
0.6652214015497557 0.0021507841887270485 0.7466431791729188 -2.6994401315250993 0.0037274631280084813 0.9999737965863046 -0.006201516737405402 -3.1730457164300994 -0.7466369808506551 0.006908468410118586 0.6651959573778239 87.75248725879126
0.6124711077408443 0.0004186734950053689 0.7904929508370915 -2.291393948027972 0.009944619900245814 0.999916594510074 -0.00823465196427932 -3.209391429484435 -0.790430511540811 0.012904640371768673 0.6124158804074904 88.10743581157271
0.559313540014232 -0.004756003801676645 0.8289426405442739 -1.8945787425500427 0.016293632770726645 0.999853364600427 -0.005257231952100615 -3.2258772163821035 -0.8287961206736393 0.016446929008839296 0.5593090585322484 88.3873925544675
0.534494329272429 -0.0024309614584189774 0.8451686415578387 -1.3472706213053898 0.016401171365881758 0.9998373101381371 -0.007496455687981119 -3.2029673238200522 -0.8450129601412434 0.017868570446385942 0.5344472929406004 88.45019732107676
0.4849473124195946 0.0015327653306233698 0.8745420729789231 -0.9757338334831857 0.016551421436660895 0.999803196315364 -0.010930331063560903 -3.1692011438233165 -0.8743867570898353 0.019775552019263867 0.48482654322957247 88.60101927395117
0.4414482637655411 0.005137476123199067 0.8972720593128821 -0.6628039925121194 0.01855811622085337 0.9997173472692005 -0.01485444292463303 -3.1589874393443087 -0.8970947702242286 0.02320914981719108 0.44122820517719996 88.71625522768797
0.3964853872205373 0.007862632000954778 0.9180074243665449 -0.40199941702086506 0.018577214073576636 0.9996897975401032 -0.016585691553292228 -3.1526622252561927 -0.9178530797225586 0.023630007903522293 0.396216360332805 88.80497903331604
0.3521015725827873 -0.0026759250438335605 0.9359580439016575 0.03432712734654579 0.024789851687166485 0.9996717017977698 -0.0064677021188144284 -3.2084787412094187 -0.9356334457349512 0.025479552863815265 0.3520523565384333 88.95971212329236
0.3168802618114314 -0.0035449711764036175 0.9484590148776333 0.31033765624309095 0.03007898227995295 0.9995274961135898 -0.006313543611661387 -3.193694995220261 -0.9479884886905194 0.030529321794293435 0.3168372117399799 89.00546646613702
0.29178164547583796 0.00020374524379587248 0.9564850487606291 0.7845365490636488 0.02137506727279005 0.999748739757892 -0.006733556777215607 -3.1807236939483503 -0.9562460672754155 0.02240966077624429 0.29170404167300923 89.06565557428472
0.25965232193952614 0.00646846557730351 0.965680590799892 1.1945483531683285 0.021827640989870778 0.9996826903521063 -0.012565246842392554 -3.1918805129927437 -0.9654554028426177 0.024341125575553686 0.2594287930274835 89.14269914294972
0.23585263205517562 0.01221434845285404 0.9717121618194738 1.5055768207004134 0.013840035564474648 0.9997772773796467 -0.01592636501274685 -3.171188340464214 -0.9716902515832552 0.017204805489119766 0.23563109699406637 89.14796360773549
0.21909953953598854 0.013543558941047815 0.9756085798180927 2.123377057245502 0.01512116620017778 0.999736342343369 -0.017274380138601587 -3.207813820898618 -0.9755853004371602 0.018537148223209954 0.21883700905452863 89.10463253986165
0.19629549299769078 0.012954300005679471 0.9804592824267343 2.4597010324696185 0.020523647973103645 0.9996392728994975 -0.017316710800651877 -3.249775133968585 -0.9803299357528069 0.02352179294291981 0.19595884644742761 89.09643966375798
0.17160420224830988 0.020754187899498257 0.9849474298502561 3.194082733038777 0.019939033484049955 0.9994999764992207 -0.02453474595890964 -3.240687230074503 -0.9849641145273379 0.023849163406601655 0.17110461641226934 89.16499197454306
0.15608007909267868 0.028151117550631054 0.9873432352971987 3.7020299121908926 0.021948047674548967 0.9992479791452844 -0.031960114417434037 -3.226106830952323 -0.9875004703112227 0.026658590482875413 0.15534487308974995 89.24248751545821
0.14152501748415658 0.028990055412981962 0.989510160834138 4.031749897817202 0.02147071820153227 0.999245913857352 -0.03234614785582833 -3.232093718792422 -0.9897017492168476 0.0258232800599001 0.14079588539664706 89.25195183998642
0.13171334705285942 0.027112015081759682 0.990917048434823 4.292020300079858 0.02772777597256426 0.9991338672365517 -0.031022427281243287 -3.2421702002629553 -0.9908999354602762 0.031561992283579365 0.1308475240426464 89.22785260638328
0.10920018450960431 0.024368932367511593 0.9937210332200622 4.717443703439491 0.030645910689256362 0.9991415714745386 -0.027869542470185926 -3.2569444556278087 -0.9935472427470601 0.033496845561093676 0.10835963649186732 89.37703576524503
0.09552788803049685 0.01928545416601084 0.9952399318231042 5.333396497989866 0.03752665445825953 0.9990316755452094 -0.022960915345932274 -3.277097059281461 -0.9947191501850393 0.039541432720916196 0.09471166585500748 89.35369454241325
0.07415388694830316 0.020038959706273653 0.9970454620333806 5.712789437225718 0.047781874497625935 0.9985782564617217 -0.023623475111234003 -3.283191808411327 -0.9961014667604384 0.04939247421367071 0.07309095503443044 89.47217629504233
0.06321671222680572 0.021003678674201505 0.9977788028565077 6.0461340625132065 0.05091222958244549 0.9984086873172869 -0.024242605037643267 -3.3028058285639483 -0.9967003950248636 0.05233167867810553 0.062046765093911306 89.55301484696344
0.05682810131547026 0.021516987730222547 0.9981521354153299 6.600531342594194 0.0427176779675839 0.9987996108624781 -0.02396300305442965 -3.3152519522993567 -0.9974696968299274 0.04400050989238093 0.055840725733454534 89.60720598035213
0.05650749519681061 0.02453070639296749 0.9981008034409992 7.093549275526964 0.04087110530108875 0.9988031363080525 -0.026861883312205806 -3.2983420649360107 -0.9975652587365968 0.04231137887674096 0.05543726128882456 89.47770485267888
0.05088785568775752 0.027590644861924318 0.998323191861235 7.597764437328074 0.04341845437794734 0.9986119226848997 -0.02981180344428056 -3.323335666764951 -0.9977601412397668 0.044862706150246213 0.04961926862865847 89.57222355258494
0.04867777333189775 0.026961250092491246 0.9984505676384222 8.18152030378263 0.042211634868654924 0.9986868044772106 -0.029025582494105962 -3.3355501348953562 -0.9979221841766088 0.04355912847560044 0.047475763878509034 89.50137204198879
0.04159699784853796 0.02771765982455294 0.9987499370699882 8.75382777896359 0.038302768135184254 0.9988359259156183 -0.029315315732567022 -3.353752261857332 -0.9984000461732588 0.03947431198348398 0.040486903169844136 89.61813646502509
0.03736256044295526 0.02980735045251625 0.9988571297839307 9.40388309963848 0.03730816470297374 0.998816410171745 -0.031201654077218265 -3.3473083535221875 -0.9986051253293747 0.038431295194601756 0.03620627134121713 89.64399118690508
0.03785262675030856 0.02889287781311862 0.9988655464210043 10.620118610380578 0.04335411271508857 0.9985930513723617 -0.03052792317347127 -3.358139077606957 -0.998342463135664 0.04446048686949989 0.03654673592321175 89.44977486852012
0.03446980495940786 0.0309050195079343 0.998927775323946 11.164280853486352 0.045371877749074044 0.9984426216789778 -0.03245564259076612 -3.3712664497891125 -0.9983753174563349 0.046441966045877046 0.03301389374656224 89.44591397916257
0.03209542663260752 0.03168036396119459 0.998982582741624 12.017903734134883 0.045146013036941414 0.9984312909290602 -0.03311332785350146 -3.358364786718781 -0.9984647311406959 0.0461628651007949 0.03061482381930977 89.54413034079094
0.03043450169702211 0.02898501545476003 0.9991164247054921 12.762691030252967 0.04308866647373212 0.9986120566325233 -0.030282915698687646 -3.440064454819839 -0.9986076475602359 0.04397223606402037 0.029143322180681358 89.59917379080369
0.03350332421440276 0.02742723445194188 0.9990622357281042 13.61135064970609 0.0473299352645343 0.9984581500056692 -0.028997842103307542 -3.477726618764556 -0.9983173566793895 0.04825706903514641 0.03215352723774513 89.6877309130069
0.03597572772696039 0.02793912476859205 0.9989621006688764 14.242560410495363 0.05327511447577981 0.9981339383025479 -0.029834557738078197 -3.5062280849027685 -0.9979316594436081 0.05429313560473227 0.03442012581105507 89.72817726002651
0.03801935469797296 0.02658659713593638 0.9989233388391664 14.869428938293971 0.058020009027858525 0.9979006881729168 -0.02876763371786339 -3.5514384164397934 -0.9975912553613395 0.05905126261496408 0.036396977510279635 89.79451418097476
0.034051551986157766 0.02478849473741009 0.9991126883456634 15.49753961434378 0.062117500554252206 0.997706879542072 -0.026870685461048094 -3.6159131928643684 -0.9974878514478467 0.06297736642752412 0.032433659911918364 89.94417450795518
0.026638727866202524 0.020929613610903647 0.9994260764583568 16.229511905655198 0.06300047935909048 0.9977579723075979 -0.022573891545203378 -3.6769789160110915 -0.9976579725543933 0.06356565606612921 0.02526041848717571 90.18893265888562
0.022492553210497555 0.020803644518321094 0.999530594299044 16.89929077771429 0.05955940274567097 0.9979796370146462 -0.02211163056305773 -3.7130484342818466 -0.9979713594557137 0.0600287893032728 0.021208048148364644 90.35552523530538
0.02468472454998106 0.019364086279407486 0.9995077783845467 17.7934426706493 0.05016941890271822 0.9985283988163786 -0.020584136028879277 -3.731695004919325 -0.9984356664677501 0.05065283519600094 0.023676904195708504 90.51979512302137
0.02416066077342507 0.0199795950671896 0.9995084834950514 18.355067715924772 0.05093625041553283 0.9984768775057107 -0.021190229710354138 -3.759154324661062 -0.9984096383359358 0.051423180653333025 0.02310616800256256 90.60425913328294
0.026943228694404717 0.02231167509719867 0.9993880254902051 19.00377851590086 0.046865991505000384 0.9986231679211124 -0.023558091894999397 -3.8111078413511685 -0.9985377834600706 0.047472035269626865 0.025860466841779003 90.68758624383942
0.03380516653187145 0.024424551052355182 0.9991300061554945 19.83084301775644 0.04259102988071695 0.9987577894927798 -0.025856500947861537 -3.8511785768740316 -0.9985205236037491 0.043428053655318426 0.032722900242004194 90.63509740870829
0.03637966596899982 0.02861086179345185 0.9989284525366744 20.761450094301793 0.04162596682104872 0.9986789893973782 -0.03011968019926196 -3.8916839924896163 -0.9984707480847157 0.04267709862568757 0.03514064765055255 90.62740026194548
0.038756189547665576 0.028681001539387917 0.9988370558251208 21.507494942596466 0.045384145496860866 0.9985057974775425 -0.030432454418327027 -3.9080469146675285 -0.9982175474314943 0.046510805976101015 0.03739661046224664 90.63807105068238
0.03429039057020448 0.0284116391255179 0.9990080281588114 22.2357833296814 0.041889064390982556 0.9986764112962211 -0.029840027347636664 -3.955657221988335 -0.9985336704092691 0.04287073282759036 0.033054859696969786 90.79545227744754
0.035998565142706045 0.029369844788289804 0.9989202021224071 22.87517041239587 0.03950089753688373 0.9987449629516274 -0.030788203186725357 -3.9823061376248776 -0.998570880700374 0.04056657236368041 0.034793241568181 90.76547056455264
0.02933692353256977 0.02971595046981455 0.9991278069188643 23.606838098705932 0.035611432520912936 0.9988922235282854 -0.030754586898974985 -3.9950006525771347 -0.998935043811895 0.036482612600964096 0.02824618801167636 90.89732003567975
0.03851877357102374 0.030089038555919177 0.9988048217286877 24.74847420048355 0.03754997393906916 0.9987968210085492 -0.03153691178456205 -4.013784597456809 -0.9985521522723427 0.038719851578742026 0.037342579124071545 90.78201275154673
0.03655464064143991 0.02981836039656019 0.9988867311764054 25.39008407508935 0.032915303603678676 0.9989763219769414 -0.031025586230453893 -4.047939500058969 -0.9987895011218116 0.03401278214541289 0.03553573122225489 90.90216091856831
0.03947813400684068 0.03256342402589136 0.9986897222453951 26.24078273892062 0.029291923120472955 0.9990014456169445 -0.03373149883742726 -4.06717335450976 -0.9987910692734164 0.030585191488025035 0.03848485849244623 90.85708269911537
0.03351897848245807 0.03176994407165124 0.9989330205291151 27.11928779316721 0.026610814888402827 0.9991117903232067 -0.03266855282003098 -4.095915505565953 -0.9990838017298149 0.02767743150103885 0.03264377248963802 90.94841784097552
0.035470551068332454 0.03244645198492806 0.9988438651982406 27.89829141001439 0.029123144616291195 0.9990146596413713 -0.03348621221737973 -4.105552455467439 -0.9989463205261763 0.03027724473058639 0.03449064815789452 90.81038645379695
0.033121466416935065 0.028802013001575918 0.9990362153347481 28.917319885422778 0.023498144495509948 0.9992858148609612 -0.02958825444219066 -4.143187877716085 -0.9991750816839646 0.02445550072003949 0.03242100771926336 90.74791075559706
0.03151744833799386 0.026880879060213424 0.9991416672289614 29.712047593561863 0.011207625200434845 0.9995658392490816 -0.027245832359724137 -4.221570351826833 -0.9994403706777536 0.012056720099167428 0.03120248454025042 90.75366136159305
0.031198172436674297 0.024026257293288597 0.9992243916770581 30.638022839332944 0.011114236486315097 0.9996407938294559 -0.02438328462931151 -4.277035840918595 -0.9994514280552386 0.011866325726798457 0.030919923312593602 90.69953208512167
0.029837766430847727 0.023256228208619556 0.9992841626116343 31.480640911978405 0.014703330975613027 0.9996107831288056 -0.023702862299887297 -4.3313799720483335 -0.9994466141258003 0.015400041753950199 0.029484201166634565 90.60117998683131
0.023481503587318493 0.02350043972320466 0.9994480272107461 32.224331008656286 0.020082607952920783 0.9995107129835803 -0.023973749062578657 -4.35864587123389 -0.999522519436192 0.020634458667157712 0.022998056982653954 90.54575050887739
