0.9999899678408926 -0.0025079281538607145 -0.003711401886331844 -0.0007744853159546878 0.0025041550056302707 0.9999962434742001 -0.0010209048441464654 -0.03312365381339615 0.003713950090991413 0.0010115996607375961 0.9999924915964856 0.9994509611434401
0.9999891655113387 0.00014791238831841176 -0.004652630188197387 -0.060422112179853174 -0.00015869808886561713 0.9999972012403626 -0.0023178289827929526 -0.040961243820464406 0.004652276308801098 0.00231854121756682 0.9999863902579615 1.8566697114136104
0.9999936624204431 0.003325478260685848 -0.0012713431033210731 -0.13560630419891007 -0.0033347647043375263 0.9999672551563287 -0.007373463194780307 -0.01685259756018934 0.0012467811818297114 0.007377656094978688 0.9999720074718236 2.6767679747132918
0.999978116068558 0.0038971315598451597 -0.005346003140935216 -0.16556885230471455 -0.003935503165473856 0.9999664361732781 -0.007185982309179966 -0.03425233237321199 0.005317818990166538 0.007206864263919551 0.9999598901499347 3.535499616159041
0.9999503481970338 0.0024107564126699885 -0.009668991371865695 -0.18050906492715207 -0.002481390664386325 0.999970276614339 -0.00729990330159315 -0.0488782681228885 0.009651105688010005 0.00732353339315693 0.9999266083156495 4.395680838636191
0.9998981165977011 0.0026432506910490953 -0.014027460573965655 -0.21277859479305244 -0.0027615896766373695 0.9999607076600925 -0.008423583464568774 -0.06804069505612173 0.014004643759402904 0.008461463331536339 0.9998661278348524 5.254258995811204
0.9998117806357755 0.0050916522426077224 -0.018721067794346197 -0.23961420954674953 -0.005264418497355798 0.9999439062634309 -0.009190768439871513 -0.07973126893875843 0.01867322146296291 0.009287594094865853 0.999782502045382 6.114299243544982
0.9997560108376862 0.003311777205211542 -0.021839206159091476 -0.28294132424120105 -0.003479191090445524 0.9999648216477893 -0.00763221437468667 -0.09930233372695663 0.02181316169821383 0.007706334968585905 0.9997323633743582 6.972429149574722
0.9996641650534531 0.002071645927943952 -0.025831480622156556 -0.32861270289494593 -0.0021896954105176656 0.9999872852166662 -0.004542536627212437 -0.12167072735039006 0.0258217416529711 0.004597574159232332 0.9996559908137685 7.831231239241942
0.9995679675407732 0.002020679512974578 -0.029322263226325338 -0.35553134671211134 -0.0020854309129054323 0.999995453954306 -0.0021778541340218317 -0.12979664630580945 0.02931772918074599 0.0022380627845130013 0.9995676374466398 8.691369704700186
0.9967726837399619 -0.035396450094576835 0.07205073400414425 0.5165539409420092 0.04006275592114466 0.9971206804254709 -0.06438419259297179 -0.40968848659802354 -0.06956430505537016 0.0670629554116744 0.9953207359809273 10.406003393497809
0.9983762230916915 -0.028351759954150398 0.049407437422634745 0.5369470736632058 0.03142717166000159 0.9975423020283212 -0.06262338656996062 -0.46673823288481725 -0.047510525640347794 0.06407443617809018 0.9968135315001687 11.272322796212341
0.9982615526662028 -0.03584873116028968 0.046783981688808096 0.573437827606311 0.03883228899981803 0.9971615449144458 -0.06450509030200435 -0.5003263489913624 -0.04433876181735429 0.06620968069725454 0.9968201203740177 12.132153577954934
0.998229096506937 -0.039028271731448586 0.0448939293513075 0.5741232744639742 0.04188301560002435 0.9970376310233316 -0.06451182316157948 -0.5394494490649017 -0.042243152003515215 0.06627787209196595 0.9969065953136075 12.9913397801507
0.9982136526310806 -0.042324802505848115 0.04216769846406874 0.6375063483923532 0.04502903430883271 0.9968431915336864 -0.06539141810779688 -0.5885919129883068 -0.039266904259562564 0.06717337706097315 0.9969683283054154 13.843786646596135
0.9983668674068966 -0.04110088442833027 0.03967764311736606 0.6809254672005585 0.04373332098019722 0.9967309909167675 -0.06793179213094447 -0.654927785784317 -0.036755879804230854 0.06955608560929706 0.9969006752202191 14.704063268067824
0.9984109397774177 -0.040628809209947485 0.039049906465384525 0.6967253909078575 0.043313856606677685 0.9965660224003201 -0.07056963102540086 -0.7261776259588034 -0.03604864988636539 0.07214889368096192 0.9967422093911665 15.571904072000603
0.9985649495630037 -0.03825887607595893 0.0374739897214149 0.70693520040628 0.04091803909227263 0.9964942187075032 -0.07297250276210608 -0.8000657843764275 -0.03455076816916632 0.07440114571649288 0.9966296774303853 16.450493810347623
0.998569887638739 -0.038492532786772685 0.03710127249589108 0.7180825766995953 0.04109622833574691 0.9965446874684842 -0.07217884658899776 -0.8796120147544316 -0.03419472938526242 0.07360034509430718 0.996701414509013 17.338904554950467
0.9985524201615824 -0.040079795688473925 0.0358702406880304 0.7385710740114682 0.04255569745495863 0.996557182961463 -0.07115331125136931 -0.954383322112249 -0.032894935834699796 0.07257679426292168 0.9968202105349533 18.23737656045595
0.9905064908253361 -0.022059994372181174 0.13568437006957487 3.2193422080373946 0.029552482904143505 0.9981328188609525 -0.05345583847334985 -0.9332000875643363 -0.13425178727703518 0.056958165007204346 0.9893089633941127 20.921875560049447
0.9936761126907537 -0.008328166174116573 0.11197510757292758 3.287881136240654 0.017237843540372663 0.99673843908777 -0.07883743270143267 -1.076459739606231 -0.11095332269864673 0.08026908304603705 0.9905787371476729 21.884240218522518
0.9938698685648579 -0.011328471899878857 0.10997431556179765 3.35749018181077 0.020166817407324584 0.9966235829896722 -0.07959103784024446 -1.1344507965105028 -0.10870135157638024 0.08132096625865468 0.9907426086588922 22.794872427266306
0.9941941122195794 -0.012896530665470286 0.10682577743558341 3.500926708027907 0.021522792609057904 0.9965628004543328 -0.07999596332893712 -1.2262382981180697 -0.10542692552773082 0.08183070479601008 0.9910544380236428 23.69740472258571
0.9939937198113639 -0.013623835038994779 0.10858580061130715 3.5603994266067716 0.022166849514403737 0.9967177671242707 -0.07786092396968865 -1.310027652558583 -0.10716863234255661 0.07980027454613248 0.9910331984470491 24.6204351836606
0.9938677474621584 -0.016477488966407734 0.10934071936774928 3.621467103679403 0.024823448526388372 0.9968433292559219 -0.07541334975472067 -1.355152969449741 -0.10775294407928139 0.07766510976836377 0.9911394623194636 25.55351671893736
0.9937320400795239 -0.017747895533546363 0.11037048846281126 3.7178231061011915 0.02572606425901641 0.9971240440187908 -0.07128681825801575 -1.4274910509690222 -0.10878787679300553 0.07367939361680954 0.9913306939760965 26.48306808606111
0.9935039407212468 -0.019076656080895055 0.11218734761159586 3.807439420509433 0.02685337086716298 0.9973087249671683 -0.06822172364747027 -1.505734987229918 -0.1105839782447005 0.07079115973857504 0.9913424208912093 27.419550600925543
0.993313486145404 -0.020092844200553246 0.113686392561275 3.9015948874531885 0.027888850239982603 0.9973358244172926 -0.06740523248362378 -1.57569091284973 -0.11202914921553163 0.07012510923921506 0.991227490932446 28.359135218381244
0.9930414101075927 -0.01894604855143619 0.11623168696965021 4.0067612982775165 0.027224628732316673 0.9971714896880285 -0.0700559757889773 -1.654918950320384 -0.11457564052586248 0.072732849508629 0.9907483813766459 29.29938203358227
0.9765839165173011 -0.07582425900771303 0.20133190444055526 5.788087713485292 0.09167086216328761 0.9932852053553353 -0.07057587301939122 -2.2579674335399877 -0.19462863877129954 0.08737953174594724 0.9769772312607341 29.993478654320512
0.9775225727536149 -0.07072600642850715 0.1986138257318171 5.970817290598243 0.08689719823463747 0.9934717344434055 -0.07391068800235408 -2.3585143622751854 -0.19208981413943876 0.08950835087680832 0.9772869376120762 30.935240732968683
0.9773841176381782 -0.07267801022976712 0.19859051693794738 6.197766376667441 0.08854463967387183 0.9934514002549777 -0.07220915535061119 -2.443673265823483 -0.19204200939810906 0.08816020735267373 0.9774188684826325 31.87449390177894
0.9768112154571353 -0.07382736298987748 0.200971067149263 6.311313863774507 0.08866981671914091 0.9938806406001173 -0.06587059923285431 -2.5705883965886813 -0.1948782003204739 0.08216320778950977 0.9773800153090869 32.836691381888144
0.9766333985216875 -0.07862687568358384 0.2000125478869226 6.490534978494751 0.09249631058420928 0.9938454419387728 -0.060956296359220126 -2.645457635473819 -0.1939887559120103 0.07803237762468822 0.9778953474794467 33.798172679669484
0.9761254915333945 -0.08654491224017138 0.1992209902194806 6.707251534601475 0.1002813683124679 0.993153951072943 -0.05990723359980039 -2.7213201847531114 -0.19267244729869518 0.07845513133978534 0.9781217308793361 34.75156936949697
0.9760033037547169 -0.08818890262999361 0.19909864015807607 6.8848647676163175 0.10263488105893472 0.9926951688857131 -0.06342225840337216 -2.7930965631990885 -0.19205111884572781 0.08233479898489637 0.97792502198595 35.713287200536726
0.9763216784744191 -0.08710717966776728 0.19801090725316173 7.060775615543848 0.10223936960231347 0.992466431167378 -0.06750921647604917 -2.8667443509615085 -0.19063864100495068 0.08615522187433465 0.9778722750439188 36.68052886033159
0.9767854018750632 -0.0869115740513688 0.1957974897175258 7.262259278629073 0.10198531959500126 0.9924419381542752 -0.06824949801787288 -2.9318683162002155 -0.18838596888005396 0.08663358291390012 0.9782665020538235 37.67153608905674
0.9770561877234917 -0.08975496156684008 0.1931456779360382 7.479515524965805 0.1042534317097375 0.9923424818640522 -0.06623911732984053 -2.9997006775218593 -0.18572137197420185 0.08485543920119878 0.9789316250024779 38.707291193367965
0.9748583830982847 -0.058425141635176994 0.2150293834058662 6.041455319823825 0.0684624742252459 0.9968704564956428 -0.03952445558292875 -2.3712832690754304 -0.21204721768029655 0.05325219048150852 0.9758074511310959 38.53395542351109
0.9764467668844549 -0.05258363479709264 0.20925265301166932 6.2281904912039465 0.06109831668375959 0.9975376668835144 -0.034432526003827686 -2.3969332488696837 -0.20692681590191953 0.04640651355272623 0.977255201245086 39.5446917476957
0.9769679981992146 -0.048069311727924724 0.20790111054206337 6.441854142752437 0.05646944457227336 0.9978026454040884 -0.03465663939712444 -2.4530688002474608 -0.20577835727869595 0.045598487854389816 0.9775357004125602 40.55592018863342
0.9769669503929042 -0.04782373795922977 0.2079626599358534 6.622377576153531 0.05595157284974136 0.9978755173134721 -0.03337474257594625 -2.47642387254516 -0.20592474192196666 0.0442418583919974 0.977567214379857 41.57757636522385
0.9773788514349803 -0.04201933978275727 0.20727989736551927 6.804806348427491 0.049888725977063085 0.9982133257287819 -0.03288269085507712 -2.521507526708301 -0.20552784674594474 0.042479776620248946 0.9777288851160476 42.58600002677049
0.9774023060240868 -0.04102921158912219 0.2073676348304468 7.011537001308212 0.049171380278573464 0.9982025419480435 -0.03426164925923694 -2.574996857036304 -0.20558917174865618 0.04368396782388287 0.9776629293447018 43.58839627889676
0.9773873900851825 -0.03969008866502716 0.20769830659935057 7.225616917787356 0.048334379403640514 0.9981564014902412 -0.03670948013412001 -2.622839686325073 -0.20585839178945436 0.04591835173233808 0.9775038759534639 44.576865193806235
0.9774678427516315 -0.036971607137936235 0.20782135754563458 7.423283047816317 0.04622489961315836 0.9981360771434299 -0.03984507699175512 -2.6784403825645153 -0.20596085803430178 0.04855380284142076 0.977354926926452 45.563673829920994
0.9776866031436785 -0.03730604694570563 0.2067296904043053 7.5911083369917645 0.04663301892278643 0.9980936755283039 -0.040427421591636085 -2.73003515450358 -0.2048274092486701 0.049165778054309855 0.9775625088396098 46.55187835301916
0.9778462310814728 -0.03936863681155354 0.2055890531992375 7.788527727045733 0.048368233353231795 0.9980705405392095 -0.038932121828349944 -2.789494325431046 -0.2036596728909438 0.04801360789786743 0.9778637078318141 47.53216026315035
0.9698818507393637 -0.06294912306544909 0.23530109118250525 5.644645706745456 0.07249904406482861 0.9968502092929415 -0.032148854447780255 -3.328843007017783 -0.23253619979709125 0.0482396946291062 0.9713906771459246 48.80897903095234
0.9699229544889829 -0.05436432507148695 0.23726352967720238 5.891366190513366 0.06284890659168084 0.9976206497266848 -0.028338210584591565 -3.348987994612923 -0.23515840894085227 0.04239763434943301 0.9710319064304626 49.77940195482262
0.969950138738681 -0.053992773539975385 0.23723724152475342 6.1337517438117555 0.063609085257963 0.9974270492518861 -0.033063056321535673 -3.392729846468127 -0.23484167567418365 0.04715995998871036 0.9708889357389983 50.72865777202346
0.9699656070365611 -0.051612968237775156 0.2377032239492794 6.364280476103013 0.06169724247502087 0.9974748440979505 -0.035176493042192274 -3.4542040198725203 -0.23528742303228484 0.04878562187218029 0.9707006704753898 51.68385683104461
0.969706446967593 -0.05220941398847879 0.2386285477483071 6.58754197788367 0.06157349269455995 0.9975909974707238 -0.03195163161341623 -3.5111337632975976 -0.23638551501071167 0.045676896308157126 0.9705851376549994 52.640073952212255
0.9695819157738804 -0.05509692701572026 0.23848529773903496 6.836436666285008 0.06366968448492405 0.9975671909778224 -0.02838786293835644 -3.5544595216965367 -0.2363410245425918 0.042708642193835494 0.9707311121006253 53.586120184939894
0.9694017522643574 -0.060990536641532325 0.23778224733350256 7.065398760279506 0.06920003842134821 0.9972554217356112 -0.026324484827095207 -3.576151429245381 -0.2355240908893972 0.04197354237023549 0.9709617007645653 54.531135369091814
0.9692813259787731 -0.06461389459234636 0.2373157300611161 7.307571758130917 0.07302688963676406 0.9969692051990157 -0.026823073552876147 -3.6151871987080506 -0.2348633315330667 0.04332953392839915 0.9710621849247022 55.464908610301435
0.9697245309250784 -0.06565275873997733 0.23521064897654348 7.592138226558158 0.07433454431660608 0.9968338115750309 -0.028226363953550777 -3.6681326185373013 -0.23261278907957525 0.04485607395466212 0.9715344682439191 56.38645221809749
0.969888239232367 -0.06744357217548838 0.23402599849364647 7.841962554184101 0.07577270458008357 0.9967656162964194 -0.026773184529278033 -3.698447212485098 -0.2314633894147364 0.04369977964966287 0.9718616303873782 57.31394589402802
0.9718619047139143 -0.06221512080853346 0.22718652448730875 8.843776381982439 0.06781952698241311 0.9975538011717987 -0.016938876219415908 -3.899219789407238 -0.22557692684697309 0.03186993113382245 0.9737039373258184 57.16258769493216
0.9699584297654356 -0.06836711492640184 0.23346644753285412 9.080822523685187 0.07320560536194852 0.9972433197691878 -0.012111998981177527 -3.9373921677971673 -0.23199479276604773 0.028839188136449694 0.9722894205724286 58.09634310637593
0.9704124351099848 -0.06718911964080374 0.23191664016582125 9.298560702246903 0.07151568730041045 0.9973864057081747 -0.01028903195050224 -3.9694437023853983 -0.23061919316019422 0.026570282467872006 0.9726812467790865 59.024894924778906
0.9710357918660156 -0.06521804948685558 0.2298610383172183 9.497053639344903 0.07038692777231169 0.9974165318369568 -0.014350693959277284 -4.006071690683426 -0.22833127537399484 0.030114249774276295 0.9731176499512365 59.94670034730364
0.9716437955852413 -0.06245615494678075 0.22805166785176142 9.702724699840426 0.06949244421136601 0.9973185103027239 -0.022947531568457875 -4.032588131077684 -0.22600693506668446 0.03814469447798604 0.9733785736212525 60.8505304193607
0.9721106788732327 -0.06089858239399814 0.2264777929136193 9.91750974179316 0.06894267736162016 0.9972339818061408 -0.027772158167515472 -4.079018676479848 -0.22416006615549156 0.042611596936413726 0.9736203143667936 61.74134875824198
0.9727927766355399 -0.055494868551462205 0.22493228601108448 10.121643081046313 0.06338473928523353 0.9975962184701102 -0.02800285199545333 -4.124682068468721 -0.22283758334594136 0.04149824645201527 0.973971923101456 62.6308905596267
0.9733218977939824 -0.053114823469824636 0.22321133215518096 10.348120811788549 0.06046704335603581 0.9978255285851714 -0.026228823296173518 -4.168429919815427 -0.22133282617474623 0.039026017366520435 0.9744171334834008 63.50244472878561
0.9737961275575083 -0.05002255624899879 0.22185320782065646 10.535816667757953 0.057085987140794256 0.9980426095560613 -0.025537023763332976 -4.199765196057539 -0.22014152726407785 0.0375325642188717 0.9747456153258631 64.36774660293149
0.9740954857035594 -0.04728373577480255 0.2211384929475772 10.709003363937322 0.05451825849631125 0.9981551182640003 -0.026723012066541197 -4.240907076151058 -0.21946695473915048 0.03808685094042023 0.974876221662507 65.22121517415971
0.9856508252343071 0.02357054494512576 0.16714329219540758 10.4321509500251 -0.023052200400839672 0.9997215536590548 -0.005040952906397736 -5.229163883439763 -0.1672155697643288 0.0011155987248135664 0.9859197272942033 65.65167314952345
0.9871047355919051 0.041662259318968005 0.15455904088882672 10.560619438270445 -0.04055688103424294 0.9991241463500481 -0.01029949421389346 -5.262471929347521 -0.15485276998752462 0.0038982468786408465 0.9879298676011693 66.48707325765298
0.9871429249118097 0.042797363678456 0.15400399819073268 10.709368577118115 -0.0418588007203852 0.9990799417141729 -0.009333320237507856 -5.3016461442324925 -0.15426174703667894 0.0027668983679836434 0.9880261422020233 67.30431673006319
0.9871475442122521 0.04118133763591559 0.15441445329449172 10.782041557361174 -0.04047138975476988 0.9991507207574736 -0.00773975588363146 -5.300958474471042 -0.15460204580482598 0.001390913490278023 0.9879758462597273 68.12045533887883
0.9870172278918139 0.04369428347806569 0.15455679032672062 10.883787210187554 -0.0434504752684955 0.9990432853298942 -0.004956837317536955 -5.328137065562828 -0.1546255090329577 -0.0018230821674032381 0.9879714714138812 68.92099045887701
0.9869262968160534 0.04430288733345784 0.1549636693772768 10.98927126633327 -0.04476770539913967 0.998997303187417 -0.0004906909040101892 -5.342249485093763 -0.15483002682376198 -0.006453092141475519 0.9879200475724577 69.7108180079772
0.987006314173018 0.04724811466415252 0.15357783513019221 11.10576950015099 -0.0479582102940474 0.9988489191203871 0.0009202377008212745 -5.3612853162147 -0.15335757512423484 -0.008273598534928964 0.9881361250957773 70.48121373326398
0.9870579281442167 0.05006638490744676 0.1523482969709384 11.212938793730872 -0.05007722104422636 0.9987382398797391 -0.0037683065704385344 -5.371755481527613 -0.15234473545263572 -0.003909642467095843 0.9883196832379926 71.2301283129025
0.9869418223399516 0.049419091692209816 0.15330881479097191 11.24571789977994 -0.04827284967202654 0.9987714770768267 -0.011192343915194332 -5.363937170106481 -0.15367358686787375 0.003645538930116899 0.9881149420715543 71.96319512736223
0.9869625947575531 0.04886714217024523 0.15335200998210238 11.330871726521554 -0.046806998028694834 0.9987589766609782 -0.01701797504573096 -5.374141270300046 -0.15399331636463814 0.009618157579725266 0.9880250753699483 72.67400098743349
0.9806177557710727 -0.008611958225480058 0.19574128650345365 12.187387806668779 0.00019852250407391918 0.9990767103750641 0.04296146383628076 -6.486109974721476 -0.19593054293631693 -0.042089915201426416 0.9797140712386531 72.69823784483111
0.9825908116380596 0.013033834638460232 0.1853251629948735 12.302510657968947 -0.022558578400993245 0.9985253072652643 0.04937936098549136 -6.464104086621275 -0.1844082628978035 -0.05270037860799938 0.9814358168874763 73.36109348372983
0.9826032159160122 0.013265472214341184 0.18524294134579614 12.40523129953734 -0.023303372689720606 0.9983691049050842 0.052116055033979994 -6.450250108962631 -0.184249485461413 -0.055526188577565735 0.9813098233938419 74.01252444153994
0.9824688155081402 0.010066085777971101 0.18615504417324374 12.485797433669969 -0.019587299111529812 0.998588059069991 0.04937839604871354 -6.424062314768646 -0.18539515707684293 -0.05215900880901278 0.9812787950080822 74.64061446556836
0.981693394423512 0.0018562460299694542 0.1904590079148756 12.506278573370954 -0.010282001815573002 0.9990109130736613 0.04326055938604827 -6.35029776472872 -0.1901903251585288 -0.044426905253522816 0.9807415002464654 75.24985586854609
0.9809609945835236 -0.0028490472209247294 0.19418395926450102 12.552561598500182 -0.004671447574606512 0.9992569068371245 0.03825979241789468 -6.301169820826291 -0.19414866644729273 -0.03843848420835077 0.9802187400006707 75.84269160437762
0.9802945285395863 -0.0015364988702251537 0.19753550690083962 12.666192066422422 -0.006063981249274881 0.9992644310031565 0.03786588257714175 -6.275990212285864 -0.19744838679198756 -0.0383175691186072 0.9795641369762789 76.415430716377
0.9793727734044709 0.003176825613506402 0.2020368245965478 12.767339349718807 -0.011389015746515069 0.9991547612977146 0.03949751000293926 -6.253107004500101 -0.20174057855166483 -0.04098378649085545 0.9785811505493612 76.97856511114824
0.9788383612240162 0.0014878783942149148 0.20462954042407053 12.91714541074209 -0.010837712853827473 0.9989471008672597 0.0445783989056938 -6.290070436060514 -0.20434775892184454 -0.04585276313136659 0.9778238683611885 77.51385728460332
0.9778460186768559 -0.0019260288042050918 0.2093166361540987 13.091416179442554 -0.008464979917036364 0.9987758559834002 0.048735342613244664 -6.272485429971753 -0.20915426812003185 -0.04942752186455983 0.9766326905287893 78.02908661045662
0.9480247126736615 -0.05911472084825352 0.3126573107078333 14.392006626199313 0.03642892919927505 0.9962943656859323 0.07791322108512487 -7.58480072267133 -0.3161045353635658 -0.06247388799729357 0.9466651657482101 76.39318070882221
0.9604397979477681 -0.06859482600503818 0.26990765895651997 14.586445516825009 0.04544342074676149 0.9948029614564863 0.09111511064712388 -7.578703298293096 -0.2747549636110026 -0.07524505115117765 0.9585655388383066 76.97255149153668
0.9573580967634874 -0.06815045992638016 0.28075076023622125 14.743792161726468 0.044475854228421374 0.9949610139051366 0.08985810591991272 -7.532325386568971 -0.2854599323058241 -0.07353975537547493 0.955565032547377 77.44712333177907
0.9526976085018949 -0.06680856474829633 0.296485889092623 14.877398980082686 0.04184931523578673 0.9950844586544226 0.0897527434607456 -7.495578635063887 -0.3010247524192424 -0.0730994926159367 0.950810476704073 77.91533047247543
0.9458837140486738 -0.07110630609069814 0.31661947623546915 15.017639729386605 0.04432447059502237 0.9948631502683204 0.0910090849567471 -7.455555078304661 -0.32146436941589324 -0.07205002062684877 0.9441766009194006 78.36708161888782
0.9400646856042411 -0.0763404596244339 0.33234097114880257 15.269461963033926 0.04735836833735695 0.9944015152018363 0.09446063472534723 -7.433825664174834 -0.3376915335453678 -0.07305998075980069 0.9384171073585322 78.75087035764852
0.9296589398121882 -0.08040424152687181 0.3595405590079754 15.44707681568579 0.04797717547701503 0.9940059591469733 0.0982361634712651 -7.418430817744728 -0.3652840624233784 -0.07407638709328337 0.9279440945524032 79.16936390839666
0.9171948262906094 -0.0824255006536819 0.3898200706322451 15.629732561080921 0.047082580121186095 0.9939346858059729 0.09938345436195117 -7.367164794510043 -0.39564742040719875 -0.07280025545128138 0.9155125567305766 79.57751304790595
0.9019606522167796 -0.0844198535951099 0.4234858559286983 15.835991684945352 0.04650066078929747 0.9939896179173927 0.09910765872824394 -7.308717698352137 -0.42930719816797935 -0.06969883637059919 0.9004651030493875 79.95889682465433
0.884254709133887 -0.08782529403853609 0.45867235266755435 16.074514073601293 0.04689873455408251 0.9938922323252721 0.09989363954082836 -7.272061310191821 -0.46464407676389297 -0.06682026826144835 0.8829727819574609 80.32480714430773
0.7594773111230988 -0.12051060340820438 0.6392741261426265 16.229906238650294 0.010804529594332778 0.9848928225190446 0.17282763173380186 -8.788569982242336 -0.6504440606458586 -0.12435160882216169 0.7493058129721579 79.60102237229064
0.7378189121872889 -0.12032225604326872 0.6641880814343362 16.567400936970202 0.014388356429464231 0.9865641573290577 0.1627394809899102 -8.7307326156208 -0.6748453363682857 -0.11051569198202021 0.7296369328698423 79.85276319391168
0.7051355040977736 -0.1255646928676629 0.6978663401868777 16.94374544985585 0.016830289161685035 0.9868824550304484 0.16056077142256456 -8.640413489913144 -0.7088728110370109 -0.10147180819382635 0.6979991475026047 80.00702901766175
0.6623329884480199 -0.13141216719420543 0.7375946411999188 17.260964265953742 0.017980720615597554 0.9870016208176421 0.15970126545989224 -8.58324346632229 -0.7489937957684689 -0.09251293324000337 0.6560866185829977 80.2386998739667
0.6287662510296452 -0.13597989229691432 0.7656124806042836 17.664050966471333 0.016975040894249147 0.9867567637009115 0.16131626476317243 -8.573456806228931 -0.7774090619183466 -0.0884339198578405 0.6227476152229033 80.2353594632033
0.5751778402122804 -0.14251845354575543 0.8055178101865051 17.993988424312146 0.01809378281591329 0.9866820016258134 0.1616516089962871 -8.518196402080541 -0.8178282626273973 -0.07840355901745978 0.5700963206171821 80.44887310521446
0.5183426298306926 -0.14938728156620365 0.8420239653397408 18.322109015109298 0.02081203934441831 0.9865360806805759 0.1622141194031358 -8.455321504345632 -0.8549197489346749 -0.06655825735149759 0.5144727604643455 80.62695536561607
0.4609553595221155 -0.15464466139431327 0.8738450579079083 18.674880319467942 0.02386211050720893 0.9865031117742842 0.16199447565209207 -8.373731904193392 -0.887102449669698 -0.05382043442682985 0.4584240445571417 80.7643838610786
0.4018067616508388 -0.15741021893382934 0.9020938694320398 19.02619846767897 0.020989719894403056 0.9864392904839292 0.16277886179819656 -8.333206757287744 -0.9154838927858979 -0.04647094968650568 0.3996619732784361 80.88476822588918
0.3421308564449155 -0.1583630027835958 0.9262114426078051 19.397925245786013 0.017600324066525543 0.9866030026539441 0.16218737234129718 -8.277675447924745 -0.9394874696668508 -0.039187683059656905 0.34033457043825854 80.98178548051227
0.1918106730151826 -0.26997457435685973 0.9435689666994646 18.872368944861314 0.05629177402541033 0.9628642907853003 0.2640522556381461 -9.888607811421187 -0.9798162592519758 0.0024671301857063332 0.1998849953701176 79.95385662643783
0.15094582030824194 -0.2787474956981238 0.9484277478930573 19.263133966950278 0.089641211810665 0.9593276648904104 0.26768430010186933 -9.786847165271066 -0.9844693049946188 0.0446123863734792 0.1697937646248412 79.9574639542161
0.09243584289761629 -0.2831230785654337 0.9546187392521891 19.624849716640636 0.0973059442721582 0.9567029812740141 0.2743190821483567 -9.670434243547394 -0.9909526568696968 0.06753316226154764 0.11598320498177568 79.9739077391389
0.04542307940657946 -0.2737096049244137 0.9607391925123825 19.975158436420454 0.10062475347178854 0.9580940444263569 0.2681985477654333 -9.583010744408789 -0.9938870171432796 0.08449174046536506 0.07106154337732855 79.89175052663022
-0.0031868705649111336 -0.2613925393481849 0.965227322566612 20.341505339134983 0.10106378880429981 0.9602059449958843 0.26036638375005494 -9.512617133502594 -0.9948748436102519 0.09837928424047711 0.023357268329344587 79.82068692897536
-0.05528345947352524 -0.2557877891474359 0.9651509446877756 20.707691538009655 0.10429636162522003 0.9598619044469546 0.26036012241356565 -9.410835453238178 -0.9930085639411075 0.11505534022605142 -0.026386750938437523 79.79269795567274
-0.10137886915697339 -0.2568954344840793 0.9611072055861871 21.065471634665908 0.10423277233151905 0.9580246470562517 0.2670661056832749 -9.314582358360232 -0.9893724546704032 0.1272537283303747 -0.0703465320074856 79.72711718797434
-0.14265129515711653 -0.26626801898207847 0.953284821056832 21.419779132373996 0.10004762058188693 0.9543226772553854 0.28152921925089297 -9.217142767831062 -0.9847035501133831 0.1355343858342781 -0.1094958841720779 79.60254040493643
-0.17914936789723795 -0.2667239428943932 0.9469761571807859 21.767560779138883 0.09788029737965843 0.9529406229898727 0.2869209236715624 -9.090542600824042 -0.9789407292409945 0.14409200998855362 -0.14461169140345748 79.4949348247087
-0.2125430185925755 -0.25798360263782216 0.9424807297857963 22.125403775495208 0.10189609213010792 0.953408311382367 0.2839538310987115 -8.988071589053321 -0.9718243934251543 0.15638750767575121 -0.17635275951001783 79.394674077608
-0.394814929388761 -0.2656986204521359 0.879502936107424 21.123833778600794 -0.002823587294448136 0.9576173644051728 0.28802953102847056 -9.9444863097376 -0.9187563327055428 0.1112350056390608 -0.3788318553579408 78.30191763697299
-0.41299604342176477 -0.2525100427117563 0.875027397541171 21.46876258789369 0.012819130516203241 0.9590878991612619 0.2828180891938234 -9.840495874906427 -0.9106425961982977 0.12801984225948676 -0.39286254845311963 78.0871943396696
-0.4357877918231465 -0.2484463830564891 0.8650799935520724 21.820090157772263 0.018863225469842055 0.9584149760647094 0.2847541261856559 -9.732262121288365 -0.8998517540255057 0.14041057083079897 -0.4129790459287121 77.91913032765277
-0.4561793683226522 -0.2512299733263152 0.8536884000730043 22.156060396201628 0.0211834021218272 0.9559837755042263 0.2926538645691012 -9.614103600163027 -0.8896356823954915 0.1515866797418012 -0.43077816928619506 77.71359420246057
-0.4742895764793359 -0.2519349734125999 0.8435509272205477 22.503594898129723 0.02741326578438853 0.9534879600447156 0.3001819829849914 -9.488669563673486 -0.8799419926916134 0.165497671347243 -0.44532304036121156 77.50546413209031
-0.4916844922215515 -0.2479279263196258 0.8347323543865341 22.85861843575614 0.03503285533355256 0.9522019678962977 0.3034536395919426 -9.358713016220626 -0.8700684221117407 0.17844650650900504 -0.45949731790155 77.3015494182073
-0.5060963962641034 -0.24120976427860055 0.8280605577523603 23.22575343806099 0.03822264573548642 0.9528799236561084 0.3009300258301062 -9.223861258661923 -0.8616295416485363 0.1839502669467782 -0.4730294200668095 77.07836971972628
-0.5187354279904616 -0.23741796099039228 0.8213076570608103 23.605794018471965 0.035621032029029075 0.9538307094852505 0.2982249481851751 -9.08579197303949 -0.8541924243545713 0.18395567249211994 -0.4863287085225714 76.84204163282499
-0.5306297207153714 -0.23546268066075368 0.8142416259990518 23.987015597599093 0.03253369176605866 0.9542736146134898 0.2971589260859831 -8.956557088804658 -0.8469791369293568 0.18417164404043246 -0.4987054713333772 76.58914895793865
-0.5419685961681128 -0.23483264123634678 0.8069223453204941 24.380893920297087 0.030373825845151855 0.9540652909948242 0.2980551144041813 -8.81225690406763 -0.8398496719479585 0.18604583072168646 -0.5099406606655168 76.34018160969346
-0.6132041406151165 0.017826132251098192 0.7897233129023377 24.419842846128077 0.21392046875508225 0.9661348221858173 0.14429670269131303 -7.918553669087435 -0.7604069403813216 0.25742131685030606 -0.5962512479240374 77.02996857995763
-0.6242310004866493 0.0023419594793763474 0.7812363107646968 24.826374019614132 0.19272586538665126 0.9695511319289587 0.15108720457484554 -7.838516794665749 -0.7570947092949489 0.24487776093608798 -0.6056752292743404 76.72419559456587
-0.6301524733369853 0.004357970187750773 0.7764591865920084 25.240961568798138 0.192101353387314 0.9697724100322487 0.15046110051108352 -7.775652910008443 -0.7523329916825683 0.24397229522240177 -0.6119416547268791 76.39925295059962
-0.6346321595030409 0.003211718512935661 0.7728076778789791 25.665356867510738 0.19028597276745374 0.9698538105447105 0.15223283068986504 -7.692406790928709 -0.7490215422085337 0.2436663108353284 -0.6161115631697318 76.06574293810435
-0.6388310389331076 0.003944591044766853 0.7693369508200788 26.098199596328502 0.19005373743042683 0.9698035880308608 0.1528416747199365 -7.613922094582463 -0.7455028374086669 0.24385536870029756 -0.6202903179735025 75.71261810797309
-0.6432495239775726 0.005759687216779586 0.7656349495064813 26.543575978120664 0.19062880503199775 0.9696874481192173 0.15286239449947148 -7.526967945336192 -0.7415461607983006 0.2442807380110114 -0.6248489517012062 75.34468028409874
-0.6469598448310374 0.00466928220790103 0.7625097750061068 27.002709230308128 0.18932191903729179 0.9696529334604749 0.1546945364372408 -7.437746904990361 -0.738647527680312 0.24444096717849623 -0.6282105088396754 74.96360959086766
-0.6494655339495106 0.00407562652102826 0.7603801085510706 27.4742894073889 0.18843808433250359 0.9696555284382443 0.15575379463192943 -7.343119834113776 -0.7366719816748655 0.24444129241519344 -0.6305258487783166 74.57314692044343
-0.6517117590128747 0.0036681294699539664 0.758457861710547 27.956782410507927 0.18696542308674416 0.9699072678638018 0.155960964074255 -7.24860707384492 -0.7350617074330146 0.24344698924235622 -0.6327857849971767 74.16368534671471
-0.6551104321373408 0.003685310754845408 0.75552414930925 28.468512341911673 0.1852597157053636 0.970243524678567 0.15590490869783036 -7.159022987407555 -0.7324678555688255 0.24210312121893676 -0.6362993943533614 73.76472363697611
-0.6411809450273487 0.08271155430900924 0.7629192581902909 28.06519684780311 0.25698551929886654 0.9599138541391166 0.11190994371582381 -6.2724893316534684 -0.7230805201390283 0.26781372521880725 -0.6367341438778803 73.70516425261766
-0.6512382635899155 0.07067347071975191 0.7555752673114812 28.57838708910739 0.2559781200266413 0.9577590143785696 0.1310453068378169 -6.160847919147619 -0.714397596653305 0.2787524545416874 -0.6418201796320886 73.27041628640936
-0.6499786240311697 0.06818345425505562 0.7568875774303582 29.11288627506291 0.252650571527965 0.9587028906721351 0.1306003680066971 -6.084345884413201 -0.7167255241786358 0.27611552651515425 -0.6403629744200701 72.81389093602634
-0.6489146268635266 0.0645058741958891 0.7581218894325595 29.688410780852948 0.24985290661289855 0.9592103786199082 0.13224588691123454 -5.992560214010903 -0.7186677480586254 0.2752352480008274 -0.6385626250872083 72.38573435158959
-0.6459078562001062 0.06353522597015877 0.760766926436674 30.25379879549519 0.24894851575461424 0.9595859001723969 0.13122323229483845 -5.897920564771485 -0.7216839182097364 0.2741499138268174 -0.6356210718236072 71.91909885305968
-0.6437962154412815 0.059962759357607955 0.7628439555201998 30.853568413056017 0.24523814727050683 0.96050752858533 0.13146687283962563 -5.814142643524401 -0.7248342459533851 0.27171631349833003 -0.6330762678161813 71.46098701468321
-0.6413076608255615 0.05938101779995986 0.764982600384797 31.463895375305352 0.2440598942944298 0.9610064201800744 0.1300054936134238 -5.722312337513634 -0.7274333317654871 0.27007509159068915 -0.6307933042913841 70.99728554641013
-0.6374079993456472 0.061419533401892955 0.7680746599692465 32.070129844740265 0.2441657829915851 0.9615473295509223 0.1257370408813417 -5.6343834691254955 -0.7308174278068951 0.2676833464192044 -0.6278945080692541 70.50142154841632
-0.6344565543180128 0.062132860197611925 0.7704572592730761 32.693991518860244 0.24410495074048838 0.9618594096416357 0.12344735358778185 -5.551333243533502 -0.7334014273962786 0.26639441391948726 -0.6254249455574937 70.01484182674119
-0.6307286164566586 0.061387222283027676 0.7735716006440795 33.30525213994188 0.24530510133844394 0.9615207230871874 0.12370653309840954 -5.438865011489488 -0.7362111243658337 0.2677863103563479 -0.6215172341502112 69.50566420693748
-0.5975578572284542 0.02047820497078985 0.8015642521880034 34.080056256352606 0.16543084094222418 0.9813145710096071 0.09825654985485409 -6.014289343684004 -0.7845745625048567 0.19131742169861377 -0.5897799589888656 70.05963744028422
-0.598421241099248 0.027981959546361033 0.800692842568973 34.73543275717603 0.17089857113043605 0.9808471395156579 0.09344820645430865 -5.953458407621215 -0.7827424203317533 0.19275865439429068 -0.5917418394615098 69.59558106403173
-0.5965555496921425 0.0306185199588246 0.801987520081851 35.38443300403075 0.17537807016823262 0.9800953215842956 0.09303597751753401 -5.869819836435659 -0.7831755924667042 0.19615215228008 -0.5900511202602028 69.1094747773396
-0.5958374392258223 0.03279366854074683 0.8024352443159846 36.06510665890933 0.17709144416984207 0.9799365687175736 0.09144912078236694 -5.79623582605165 -0.783336687777774 0.19659322621511618 -0.5896903738299262 68.65868523217972
-0.5930952522729707 0.03544598391979334 0.8043516668443098 36.709944156431334 0.17698749506609832 0.9803335029036316 0.0873020599695282 -5.7380535037378 -0.7854383797100122 0.19413862394859252 -0.5877046421203918 68.15519640299303
-0.5936132381609348 0.03454191873481875 0.8040088179430666 37.38615228635387 0.17593585266966466 0.9804807485570993 0.0877728742511483 -5.669946333534646 -0.7852833241738221 0.19355711704565923 -0.5881035140308933 67.69808564140672
-0.5918852972632215 0.036057993684322984 0.8052152606446855 38.045524017254145 0.1773916657729032 0.9803320324373105 0.0864945263681255 -5.583453290044881 -0.7862594939318329 0.19403331484256275 -0.5866405039999063 67.21954593648388
-0.5904422502496913 0.0376541144036266 0.8062010399326963 38.70855527862691 0.17849597998462768 0.9802673165588298 0.08494217571900198 -5.525524097008434 -0.787094107619546 0.1940570940600447 -0.5855123482861505 66.74510858889983
-0.5894112710280605 0.04075125256920935 0.8068046163719741 39.377915834994795 0.18099410788504167 0.9799987382600552 0.08272608971537836 -5.46838053422788 -0.787296314290868 0.19478657146410117 -0.5849980385277167 66.28527139541603
-0.5897603290721927 0.043285587675236846 0.806417455262637 40.03958042002908 0.18324351153566903 0.9796895572176207 0.08142595998096012 -5.415005557005141 -0.7865141891490169 0.1957925672193741 -0.5857138387377505 65.81647635726513
-0.5797847631526961 0.08832250757993806 0.8099683716484024 41.10718414088079 0.24523547184947672 0.9669254929475218 0.07010459638965295 -7.308980796530103 -0.7769872532820196 0.23927855261803857 -0.5822684797361781 65.53542479377977
-0.582110429076414 0.09226939938754787 0.8078575408431453 41.787656333763756 0.24502129936545528 0.9672633658479806 0.06607680338590682 -7.269739661899544 -0.7753141371197467 0.23640630073053695 -0.5856620610532715 65.07844888000558
-0.5855747016595662 0.09431492683139317 0.8051130127833606 42.4376359550508 0.24508661901403758 0.9673238554826539 0.06493926234907035 -7.207004775915005 -0.7726802818479186 0.23534921540332862 -0.5895557046220989 64.59200831530836
-0.5906044093955622 0.09732797613362712 0.8010703443919589 43.090162445347765 0.24490724512849013 0.9674965895452375 0.0630142087303172 -7.161744074447072 -0.7688997807816654 0.2334044007298631 -0.5952440783694037 64.10857807603956
-0.5943067262373929 0.0985889031394284 0.7981727528090378 43.71354750612331 0.24522119695075284 0.9674118113833444 0.06309478395268474 -7.1150583561205965 -0.7659413030481071 0.23322653231088536 -0.5991154353805345 63.59639677485887
-0.600554453580324 0.1028351602042544 0.7929434268033274 44.34215924593256 0.24690370743140944 0.9670814396885918 0.061579609177590575 -7.088205503767886 -0.7605083218094744 0.23276258040244582 -0.6061754478885889 63.09802606717263
-0.6086147227290116 0.1062225331794049 0.7863236564687838 44.97764958544543 0.2476656258482871 0.9669186270836063 0.06107459678074173 -7.052319027417354 -0.7538234919731964 0.23191623928415217 -0.6147885822830734 62.61015607549593
-0.6166428233178515 0.10829279497920029 0.7797591288379905 45.59815366416485 0.24662268496779263 0.9672083422588466 0.06070645702205573 -7.018190838754246 -0.7476154624603922 0.22974049103387642 -0.6231295427675113 62.10912700401383
-0.6238132052073491 0.11152058929677598 0.7735762684905954 46.188297921998256 0.2466837109432977 0.9672688312338695 0.05948239133312613 -6.972355646542812 -0.7416227017589048 0.22793456579984409 -0.6309053827234786 61.581594199958126
