0.9999899678422716 -0.002507928216098922 -0.003711402389042054 -0.000774485315954576 0.0025041551974680667 0.9999963434735513 -0.0010209040988808835 -0.033123653813395486 0.0037139495903456697 0.0010116005091251718 0.9999924915953807 0.9994509611434395
0.9999891655136972 0.00014791259096148243 -0.004652630688924551 -0.06042211261055121 -0.0001586978963780823 0.9999973012383319 -0.0023178282361929845 -0.04096124387435367 0.004652275808408464 0.0023185421968235365 0.9999863902573624 1.8566697114351536
0.9999787899229523 0.0001046675949741814 -0.006512199308832047 -0.13438736260155654 -0.00013117787337205838 0.9999917065815627 -0.004070571611705261 -0.027593440205415952 0.006511719941277949 0.004071340416735669 0.9999704104156911 2.7138179145985166
0.9999437412613457 0.0006898207263576944 -0.010584821030801743 -0.1688147618437157 -0.0007309249583117503 0.9999922058654444 -0.0038799420509573065 -0.04224905150818794 0.010582063171648453 0.0038874613475631697 0.9999363517811707 3.572433286447321
0.9998884970823065 -0.0007821731938030999 -0.014912463300873043 -0.18823452889432318 0.0007225752975081307 0.9999917329637159 -0.004001484994164624 -0.054063947599119686 0.014915471411445669 0.0039902643170195325 0.999880696161373 4.432568157434527
0.9998141767256105 -0.0005351199349813083 -0.01926981030205296 -0.22496519371368007 0.00043646116160078285 0.999986778490289 -0.0051237033608850305 -0.07047010401400645 0.01927229929572765 0.005114341723922756 0.9998010912550571 5.29102405138481
0.9997111807139911 0.0019290337065705795 -0.02395482973069232 -0.2562958363477729 -0.0020703955629554666 0.9999805823622453 -0.005877784282323247 -0.07936876843501886 0.023943028581417686 0.005925683709379048 0.9996956625816252 6.150945619901407
0.9996332983782894 0.00015965454273121567 -0.02707846255979976 -0.3040782889318689 -0.0002769655705038208 0.9999905933494452 -0.004328567291594983 -0.09618148262369165 0.027077519521082352 0.004334480713012498 0.9996238394369207 7.008897380415058
0.999516509227189 -0.0010669835988044607 -0.031074251918207865 -0.35420065241267523 0.0010287720374703966 0.9999986949935397 -0.001245647560930615 -0.11579598446847766 0.031075543605715926 0.0012130775804823195 0.9995162025849748 7.867518438407915
0.9994018524437362 -0.0011061115927925508 -0.03456462942102657 -0.3856171349089891 0.0011454547875539914 0.9999987184802925 0.0011184685793715569 -0.12109979927819871 0.034563351477533706 -0.001157391427300626 0.9994017387522571 8.727526316138729
0.9993111801829802 0.0006618308595397671 -0.037104270137252704 -0.417635513116504 -0.0006432844708140266 0.9999996621326938 0.0005117812045123693 -0.12408300965241041 0.03710460007048288 -0.0004875596486369696 0.9993111683642842 9.586058036995139
0.999230136430022 0.001139918522617224 -0.03921523587316293 -0.4549648982743204 -0.0011256009129281702 0.9999992915569766 0.0003871800986345191 -0.1281905994680345 0.0392156534132284 -0.0003427408729409489 0.9992306117043223 10.445670341416305
0.9990998046300926 -0.004689452732701396 -0.04216146417952587 -0.49393393392258095 0.004651863241007652 0.9999886903411223 -0.0009896248065525163 -0.10466413786474332 0.04216563240957421 0.0007926051435513664 0.9991102199362146 11.304822272221811
0.998995934212239 -0.006877152944432861 -0.044269942384842484 -0.5692835526289401 0.006859244189637888 0.9999763202980424 -0.0005564278803402235 -0.08563025964609859 0.044272725199204575 0.000252211349090059 0.9990193504578713 12.16089432934707
0.9988380346933434 -0.00942290534901555 -0.04726297550575933 -0.5823625998258352 0.009375033318364591 0.9999552914309464 -0.001234458740382876 -0.07904349777693846 0.04727249940737168 0.0007899329298496948 0.9988816182401048 13.016639930450271
0.9987331218609854 -0.007634612927284082 -0.049737948127692576 -0.6169559469976769 0.007479353299518767 0.9999665611949102 -0.0033069262408605736 -0.08860534541140286 0.049761537074652785 0.0029307298537107505 0.9987567275142103 13.879560829831455
0.9987056698706027 -0.006823263133257307 -0.05040265405549473 -0.6798633578314361 0.006547203009787918 0.9999626606059588 -0.0056401697735042455 -0.10148858019375803 0.05043926150391357 0.005302874132555997 0.9987129522285663 14.747914092076458
0.9986446070547073 -0.0041201358576132985 -0.051884224364483665 -0.7493569685730554 0.0037297090828687096 0.9999640153236838 -0.007619534705034928 -0.11597755591738335 0.051913756083602575 0.007415695398903629 0.9986239382034586 15.626666096333402
0.998621228557127 -0.004144375945118674 -0.05233034942154656 -0.8188576750395358 0.00380009459695961 0.9999704894764312 -0.006676783817877259 -0.1352614247552471 0.05235648151001885 0.00646871890655172 0.9986074078872429 16.515667182096717
0.9985411799941798 -0.005496088836271684 -0.053715028449836735 -0.8798295859642777 0.005200188460079885 0.9999705347237353 -0.005646920639550139 -0.14941183925649673 0.05374448712018448 0.0053593555423555326 0.9985402385512233 17.415213320136285
0.9984887769196783 -0.005401210303979335 -0.05468993224995903 -0.9461677970418502 0.005171166409146546 0.9999771811901245 -0.004346967824414275 -0.1541971009128951 0.0547121686959539 0.0040575887302410725 0.9984938233065032 18.31893414737795
0.9984345569857794 -0.0059219301966421676 -0.05561803246804697 -0.9862630701828318 0.005702874966377003 0.9999753478333422 -0.004096454031281969 -0.1753917775568236 0.05564092588849333 0.0037728594369162457 0.9984436155981783 19.23085242655255
0.9983284944412024 -0.008041746385660211 -0.05723239328871612 -1.0684947732511707 0.007760977201853015 0.9999567428998422 -0.005126358563844098 -0.16434762462875216 0.05727114823045874 0.004673611473567591 0.9983476216260199 20.142183356390266
0.9981509359117532 -0.008822161262144386 -0.060140484537314444 -1.0771464726024647 0.008500004646772847 0.9999481349562128 -0.005610464083566611 -0.18823898370505093 0.060186867832581634 0.005088896565463685 0.9981740553692996 21.060338978243326
0.9982623877663018 -0.00926843772420266 -0.058191928570804116 -1.1718400381434702 0.009080065166326598 0.9999526477079752 -0.0035006789209507277 -0.20235012381735257 0.058221624742853716 0.0029662103701887403 0.9982991759469265 21.984087146955215
0.9982766775619835 -0.011844946525013009 -0.057474965087740755 -1.2659186496206232 0.011781469989253638 0.9999295546503851 -0.0014431563323459254 -0.17718481939144312 0.057488016148589886 0.0007635302874176832 0.9983458046628799 22.915154888766423
0.9983242293907948 -0.012926463073194212 -0.0564060184941045 -1.3252416557983606 0.013091044861077645 0.9999110589424608 0.002549264722206035 -0.1799833447232557 0.056368054390081024 -0.003283406307460903 0.9984045584466392 23.850604595995712
0.9984088039811716 -0.01417354374443731 -0.05457994311077802 -1.3925198904346976 0.014491903604773764 0.9998801800396359 0.005441534124456384 -0.1882658167549407 0.05449628301819017 -0.006223842994981492 0.998494476457635 24.79217584146736
0.9984764311718979 -0.015119385059210354 -0.05306806970024168 -1.4557687189601751 0.015465454536250556 0.999861693701051 0.006116631768149296 -0.1882391378561246 0.052968255684131355 -0.006928034691984538 0.9985720638962985 25.736941864860064
0.9986326893040522 -0.014016398362672591 -0.050361611556099056 -1.508470278719433 0.01421764543541918 0.999892298649497 0.00364000838545493 -0.19758531590564085 0.05030517281186268 -0.004351054856048915 0.9987243155247783 26.6848601196013
0.9986561159105825 -0.01425763503138759 -0.04982651399306621 -1.5644727550097852 0.014217889277440348 0.9998982570337477 -0.001152043623159276 -0.18999015337905595 0.049837874943528135 0.00044206807401740185 0.9987571232781269 27.636487635018167
0.9988038795455255 -0.010949529868119848 -0.047654145065962876 -1.6165824730948943 0.010759928065799134 0.9999331488198538 -0.0042334184741000735 -0.22476905831693214 0.04769731808843522 0.0037156004730730303 0.9988548245996842 28.594476176444005
0.99879063521897 -0.012768851927620877 -0.04747865798651053 -1.6277366483164342 0.012627883198766354 0.9999149251731262 -0.003267870426832338 -0.246041427121766 0.04751635049966829 0.002664364177169244 0.9988668069661157 29.564048213469242
0.9988901441195481 -0.014029219548417423 -0.04496287992641244 -1.7576012126941092 0.014165182845355255 0.9998960052842961 0.002706697822511979 -0.3005428391627573 0.04492023570494685 -0.003340601048687305 0.9989848913850654 30.530874358072587
0.9987594854754188 -0.018673819327967134 -0.04616035327302499 -1.8200444262840048 0.018990808297436313 0.9997989297744735 0.006438106910488726 -0.3074194644343133 0.04603085240456103 -0.007306743017192591 0.9989131957107827 31.509690150533977
0.9985238240461586 -0.026473124604166582 -0.04742727097251823 -1.84493349639737 0.02676181843739163 0.9996269141885636 0.005462371646846042 -0.3193033941226565 0.04726497525826198 -0.00672354843348854 0.99885965804216 32.489920296206606
0.9984718012198989 -0.028062535580118092 -0.04760835859424875 -1.909928036745832 0.028161343105525247 0.9996024021651531 0.0014058243542704849 -0.3261282774562157 0.04754998341942294 -0.0027443910919183606 0.9988649898008519 33.46831044181024
0.9984573512367316 -0.02684660130137322 -0.0486022353727231 -1.9779425200533474 0.026755878295027687 0.9996388301797641 -0.002516380491338586 -0.33475120324620244 0.04865224288761216 0.001212103705584703 0.9988149430930672 34.451754224497996
0.998358829412442 -0.02642648466821491 -0.05080637874966465 -2.0259346960794145 0.026297359486630006 0.999649015858168 -0.0032084222972937368 -0.3344547592725014 0.05087333897291263 0.0018670837882757434 0.9987032681956726 35.4639694434976
0.998137497395738 -0.029016930922983034 -0.05366147064639096 -2.06955593125031 0.028959887385530333 0.999578880143837 -0.001840459619172918 -0.334410316655493 0.05369228264093032 0.00028300211853336636 0.9985573890750928 36.5235200972337
0.9981904727118825 -0.024925616200159588 -0.054721963055942076 -2.1297356365036686 0.025030720215023557 0.9996859182938964 0.001236047000340518 -0.34403265260401106 0.05467397216910581 -0.0026035402680420873 0.9985007656217029 37.56637455734155
0.9981914438903944 -0.02442778080969563 -0.054928355706326884 -2.2200042914329545 0.024609603042637686 0.9996936622449344 0.002636115971931849 -0.3581477230695037 0.05484714014510781 -0.003983113357571576 0.9984867183052518 38.60891992927691
0.9981492949233083 -0.023651508932587103 -0.05602312501824355 -2.2793219442275947 0.023986364304980697 0.9996981722328734 0.005312133469065566 -0.3677235359176626 0.05588058134571851 -0.006646093548759778 0.998415239617869 39.6422370178414
0.998107510485748 -0.025682054109567008 -0.05587332976965987 -2.3720020114526092 0.026154971268044037 0.9996278640726466 0.007749247956315626 -0.3418065137191843 0.0556535263025984 -0.009195948361465856 0.998407692366486 40.67564323948494
0.998187694891576 -0.021354680327201305 -0.05626102342883786 -2.4601657978172913 0.021982197154761417 0.999702606881194 0.010558446467654635 -0.3381159072577476 0.05601882518667477 -0.011776052949227723 0.9983601636939141 41.697618064479904
0.9981954923324055 -0.021451923184087514 -0.05608541205186162 -2.523318219570542 0.02204424961945806 0.999707343774645 0.009963827188712452 -0.34194587329724746 0.055855260683186574 -0.011182208848946218 0.9983761559165643 42.720524792887126
0.9982304649376292 -0.020944794008896407 -0.055652977009972425 -2.5755130627357397 0.02143595482331698 0.9997362407274639 0.008243106939281541 -0.34067553367073644 0.05546565343726353 -0.009421495636928106 0.9984160442109915 43.731697284973706
0.9982875116097206 -0.018867905937439946 -0.05537188520881295 -2.643243964836814 0.019235059469352618 0.9997963488064051 0.006105194483262662 -0.346644409319422 0.05524542199393601 -0.007159821150762726 0.9984470346136308 44.737315032799046
0.9982107164374586 -0.019646841516297996 -0.056474477112114174 -2.7398468969735332 0.020000986574000318 0.9997836407474147 0.005712462654415505 -0.34739688082452597 0.0563500321693586 -0.006831786901835808 0.9983876006868999 45.736310692923965
0.9980895822232599 -0.022058230395014367 -0.057711521017740956 -2.8060691573003256 0.022495199418549466 0.9997229123508259 0.006932858122326994 -0.35704070893159423 0.05754260908686425 -0.00821784598404665 0.9983091283866355 46.73576882368988
0.9980072765007874 -0.021739174019365683 -0.05923583085946132 -2.8205583234187066 0.022250879692895662 0.9997204700628458 0.007992501854879302 -0.3732939899922194 0.059045528233549166 -0.009294624805353705 0.998211919512334 47.73315911516925
0.9979059697309752 -0.0222118068151817 -0.06074792564424074 -2.873757148048485 0.022537397610288754 0.9997350479782176 0.004679695915533706 -0.36470938867671354 0.06062789196602318 -0.006038996770098808 0.9981420690342979 48.720726331864206
0.9978590105388166 -0.021021940710850145 -0.061931190226651764 -2.9273391545999212 0.021087237721580273 0.9997775591197174 0.0004008578324053282 -0.3757434182791986 0.06190899362591074 -0.0017059570226205271 0.9980802407572837 49.699739730313034
0.9979097292786604 -0.018060836955235963 -0.062048187758663775 -2.99503904894926 0.018051735794227967 0.9998368039640515 -0.0007073002434801447 -0.40345952050706835 0.06205084242628383 -0.00041425526019087843 0.9980728040189455 50.68150499026302
0.9979362815397366 -0.018250532502827602 -0.06156374977770093 -3.06983244785883 0.018449730231064918 0.9998262276968393 0.0026686823908512523 -0.42537674978915463 0.061504353025212136 -0.003799009458371384 0.9980994854460223 51.66197653385445
0.9978520552994888 -0.02077889917435662 -0.06212497329179337 -3.11676048059859 0.02117015655805967 0.9997599433540691 0.005646249708544385 -0.4348965378525629 0.06199274317126442 -0.0069493175034255755 0.9980523070249032 52.639950826948514
0.9976477194406201 -0.02635877452488039 -0.06327908101736239 -3.1816943091753322 0.02679916285301892 0.9996220997562933 0.006120665693858895 -0.4228116660929238 0.06309384094594378 -0.0078020948698721716 0.997977001416902 53.61030306559194
0.9975033644355592 -0.029731302622476273 -0.06405534137213861 -3.231755724344036 0.030089057820660844 0.9995365101694706 0.004627465714351248 -0.4305733366540151 0.06388807822442358 -0.006543277664829528 0.9979355188601968 54.57440032368121
0.9973283068682326 -0.0304713839502354 -0.06639082913047753 -3.2385024399330953 0.030738372884121724 0.999522952065711 0.003003452757099073 -0.4552094044642149 0.06626764483355474 -0.005036174539897219 0.997789074443548 55.539912311371516
0.9971857082754044 -0.032041781648245365 -0.06777895334044035 -3.279130379054589 0.03239049126253577 0.9994670773557803 0.004051834082701829 -0.4561624131775462 0.0676130112260689 -0.006235824780520164 0.9976920347104357 56.50006200151095
0.9969970383014265 -0.0355499167532921 -0.06879758778529897 -3.356150408180638 0.036179988714679034 0.9993137969962377 0.00793369686165206 -0.45385657182672656 0.0684683433040031 -0.010398968784850506 0.9975989917642462 57.46131299456872
0.9968693439870082 -0.03761504661362104 -0.06954580012152313 -3.427126810883386 0.03860273642825914 0.9991712040581912 0.012912540477695775 -0.46632442350630054 0.06900246197902911 -0.015556775024143295 0.9974950866966104 58.42264893833879
0.9969109004460145 -0.03600411339703392 -0.06980228800385319 -3.495560972581609 0.03715807186588545 0.9991922057030733 0.015304042819328567 -0.4743632812983771 0.06919490058617635 -0.017850486848077517 0.9974433451895 59.37449585856964
0.996903347897837 -0.03371201704715189 -0.07104374597205992 -3.579923848868801 0.034638967576915376 0.9993295650792089 0.011855895930433335 -0.48615802021330157 0.07059643670394197 -0.014280065308144005 0.997402638802381 60.31427835938123
0.9969128113594725 -0.030707242984560505 -0.07226278935644304 -3.6512469331491952 0.031075361900729265 0.9995091395110837 0.00397516267856143 -0.4881267097537411 0.07210525937888394 -0.006208483075027952 0.9973776052008154 61.23886068714563
0.9968805109346384 -0.028957722372111454 -0.07342136030990987 -3.7103184109248186 0.029004820999083462 0.9995791813719843 -0.0004248848343667323 -0.5101166236208736 0.07340277431752887 -0.001706013694617021 0.9973008188721838 62.15424987499918
0.9969442928258115 -0.02338626027058826 -0.0745329371182992 -3.7788714030936665 0.023529542252558728 0.9997225960692592 0.0010447734458018624 -0.5307157231098465 0.07448783553998613 -0.002795306618260554 0.9972179048397471 63.06525463860887
0.996891825890052 -0.02085342705971304 -0.07597250089880674 -3.8204684293827484 0.02119068453631107 0.9997688415552426 0.0036357043019133537 -0.5492988480272325 0.07587912995340453 -0.0052343132448824554 0.9971031846110102 63.96571607022784
0.9968702118841131 -0.01763895621204203 -0.07706261536998518 -3.896640221767353 0.018102720588189018 0.9998219597852545 0.005323555067906172 -0.5538025037276905 0.07695500091243751 -0.006701936654115316 0.9970119422924607 64.84838496533546
0.9968792859535303 -0.014818093402499264 -0.07753781100628912 -3.9834688576664075 0.015249162697547333 0.999871371252959 0.004970310464854396 -0.5672707972827132 0.07745419468180825 -0.00613718637770772 0.9969769224401556 65.71574586886783
0.996755092496629 -0.014097233411101043 -0.07924993583146944 -4.055814432174232 0.014599824338331225 0.9998767917751102 0.005765968973073493 -0.5701100489995662 0.07915889533925298 -0.006904294291088204 0.9968380015190621 66.5707707178825
0.996624539501765 -0.01386275677196091 -0.08091569638320009 -4.113948390069221 0.014432376988927149 0.9998749858703625 0.006459034258409944 -0.5822825145657374 0.08081604888478745 -0.007605038160084477 0.9966999202143434 67.41483856310866
0.9964919583851484 -0.012730027025261421 -0.08271470189878381 -4.162059203438409 0.01335874212930822 0.9998859001073103 0.007052004864034805 -0.6081862185763816 0.08261550025545127 -0.008132230845378037 0.9965482162530828 68.2448164900268
0.9964351871119523 -0.01415426860573766 -0.08316593758864368 -4.286513298770096 0.0148636635508494 0.9998581870898374 0.007916894015395427 -0.5985935523324162 0.0830420940910096 -0.009124822718963088 0.9965041643737163 69.05486702116018
0.9964352508598627 -0.011418090386685736 -0.08358478719979819 -4.377916748273722 0.012388698649552407 0.9998616143510257 0.011102805030794048 -0.6156622663305606 0.08344645582418803 -0.012098733788006324 0.9964387141561794 69.85705207565263
0.996441418999073 -0.010604126224492938 -0.08361847645368213 -4.463944457686002 0.011949109145934445 0.9998068994962834 0.015600720398013359 -0.6190746269883894 0.08343690606522529 -0.016544371448753772 0.9963756158791902 70.64941787760856
0.996325497046907 -0.007455207297577318 -0.08532246102189048 -4.534356031017183 0.008989974982383265 0.9998043779794881 0.01761777732785572 -0.6267754431405206 0.08517443445104103 -0.018320088896873046 0.9961975163426185 71.42560217182933
0.9962158372190375 -0.004457314586435208 -0.08679940383428772 -4.609198981824592 0.005648586209557165 0.9998931366402308 0.013483647516015737 -0.6260043785252599 0.08673003601872568 -0.013922918028528453 0.9961344561572418 72.1785305199085
0.9962760188296085 -0.004972311213159407 -0.08607769128295804 -4.7536482660598365 0.0054899157878819695 0.9999682398714532 0.0057775489677674334 -0.6108318639095994 0.0860462383237744 -0.006228592905171022 0.9962715749188716 72.89801272127974
0.9962595802674915 -0.005401572598065695 -0.08624192856977524 -4.841386894619404 0.005397265295651176 0.9999853945797849 -0.0002831154176187274 -0.6109479582875165 0.08624220690923 -0.0001834136610647728 0.9962740835745122 73.60861371725217
0.9962363117376929 -0.002440983230130497 -0.08664439547243073 -4.897309208869112 0.0023460217874210834 0.9999965307222155 -0.001197799627967899 -0.6337851423464714 0.0866470273988407 0.0009900224212759743 0.9962384824976779 74.3042887889947
0.9961626659411871 -0.0003573758347280238 -0.08752036178743308 -4.9579627248961655 0.0005950762684593681 0.9999962052393416 0.0026898684523769707 -0.6450876638225592 0.08751907717283927 -0.0027316276138001534 0.9961589987950283 74.9814966552707
0.996067399787424 -0.00015243561223972352 -0.08859859065448104 -5.037065289547679 0.0006117990282434773 0.9999865121457796 0.005157637840757619 -0.6632973654028357 0.08859661834784434 -0.0051915594857213036 0.9960539586317353 75.6363233887841
0.9961027897866159 -0.003214538901075947 -0.08814134873703137 -5.131779955818046 0.0033450963970616194 0.9999935159531189 0.0013335602149817567 -0.668287770821613 0.08813649930318121 -0.001623204042698066 0.9961069843445418 76.26311060455994
0.9964207234033752 -0.011092599992111882 -0.08380152018843574 -5.280556379983068 0.010526814044111705 0.9999187391709442 -0.0071903563203863895 -0.6261282902723837 0.08387447858782447 0.006282458133192141 0.9964564235279435 76.8575335500522
0.9966663185092715 -0.01550694065776071 -0.08009858332492319 -5.399229193761202 0.014463447079338217 0.9998030212631139 -0.013591442980022633 -0.6086019295116483 0.08029357538286176 0.012387633534186577 0.9966941805925569 77.44211119760342
0.9969327564983204 -0.013941370688713116 -0.07701114212385715 -5.446997974509323 0.01292907640827655 0.9998235457472694 -0.013627776885722389 -0.613988527105723 0.07718755083492491 0.012590295972254306 0.9969369928365277 78.02454558050329
0.9973010804759094 -0.008928515342228814 -0.07287547891260267 -5.504194035479191 0.008175235448220398 0.999910098487499 -0.010628284697097309 -0.6210393681752934 0.07296382944277727 0.010003827092386295 0.9972843145952227 78.59423281763283
0.99747067180373 -0.010416177491718016 -0.07031188479145375 -5.505775331008872 0.010025736375368854 0.9999323136677549 -0.005903615918266081 -0.6851790542280533 0.07036862583248292 0.005183756312020354 0.9975074867770017 79.1475468928335
0.9977612470329128 -0.013523409629422193 -0.06549511773927588 -5.479554682983396 0.013384414170762492 0.9999071461850816 -0.0025605589275780136 -0.6936915989203192 0.0655236703538264 0.0016782133331486873 0.9978495042291217 79.6909276748453
0.998172882585241 -0.018261932473897693 -0.057596854300481753 -5.484504900798457 0.01833981808502983 0.9998314719274904 0.0008239036493081461 -0.7079723925428473 0.05757210734447062 -0.0018787138198927329 0.9983394831205831 80.22269272762456
0.9988025684470991 -0.015143772802192722 -0.046519834176207586 -5.540678790279725 0.015193048235198582 0.9998843298647966 0.0007058167367362579 -0.7137595880563157 0.04650376918923445 -0.0014117493164145405 0.99891701699939 80.73221534657561
0.9994191911931909 -0.010111790436336174 -0.032542768075882 -5.536378355961768 0.01012917165714464 0.999948630436149 0.0003692845684421247 -0.7150059688571742 0.0325373655401469 -0.0006987009598117908 0.9994701755804792 81.23421879484343
0.9998816778356449 -0.005295178293653827 -0.014442692693478245 -5.5521817308979715 0.0053143389095792115 0.9999850485346151 0.0012886078772078521 -0.723270450228131 0.014435654835669344 -0.0013652084279097752 0.9998947685219218 81.72198969317677
0.9999435375875728 -0.00653639875123256 0.008378371838956698 -5.556125085315703 0.006521731140222956 0.9999771547746402 0.0017767816539067643 -0.7265320914712573 -0.00838979497902476 -0.0017220395378997673 0.9999632222898449 82.19659845818269
0.9996050602823147 -0.009484697472173816 0.02645304961212705 -5.433313896982364 0.009378876705106043 0.9999475234382564 0.004121533977423812 -0.7502354542111126 -0.02649075555256003 -0.0038718062385281363 0.9996414602865861 82.63955697680993
0.9983430456421557 -0.010714783236667242 0.05653632463431572 -5.3918641184231735 0.010307180547006195 0.9999187807650646 0.007496258985762231 -0.7781549836660591 -0.056612059202272864 -0.006901108134736319 0.9983723003459524 83.09183546816348
0.9959030788013776 -0.009906379599818846 0.089882810751026 -5.3408100767090545 0.0091514028287162 0.9999193339543307 0.008807803576060702 -0.76964052199092 -0.08996282265585587 -0.007949165210340198 0.995913300909104 83.53902485166226
0.9918380839182084 -0.009013283792146772 0.12718479775456812 -5.258585729676309 0.007977442035838745 0.9999307543022208 0.008651416805936108 -0.7531778888582671 -0.12725398110875716 -0.0075661956003997225 0.991841207153336 83.96863953209994
0.9859595818998957 -0.009584988086791844 0.16670880396135554 -5.141862264767061 0.008165189925302225 0.9999243422765999 0.009199966758637901 -0.7591803508238029 -0.16678438935725526 -0.007709586634490739 0.9859631510829507 84.39149078704085
0.9776815922911006 -0.010171193361849627 0.20984575795184143 -5.004275366638713 0.008385665098823044 0.9999206873542167 0.00939678740597518 -0.7592135461544737 -0.20992471201836863 -0.0074273701036348715 0.9776892442162137 84.80086352524418
0.966693200629984 -0.007977710995492748 0.2558136018973548 -4.842057055697814 0.006413439795595168 0.9999552919415939 0.006948518202392006 -0.7584913157031269 -0.2558576237788365 -0.005076440215771103 0.9667010495386359 85.18083244653874
0.9535356845664191 -0.008369938638332986 0.30116378313094744 -4.576728852266601 0.007556565370254912 0.9999639770336283 0.0038656119659384062 -0.7279756893118834 -0.3011853193272571 -0.0014102348280406085 0.9535644879998376 85.50061423743982
0.9342234666183626 -0.008550592707685909 0.3565857209438418 -4.400924005315625 0.008173810335481386 0.9999633079302337 0.002563516969059095 -0.7329219972321022 -0.3565945922811715 0.0005197668343137941 0.9342589855065446 85.8564733859765
0.917644622056392 -0.009156887062824474 0.39729644787180224 -4.042843814460851 0.008039913247106284 0.9999576570133012 0.004477049922432765 -0.7729577630678253 -0.3973206606834922 -0.0009141114692357041 0.9176792950331004 86.03747482783726
0.888913358882492 -0.010121796697439305 0.457963478586312 -3.84712047643946 0.00919028879296081 0.9999486850405379 0.004262144808972498 -0.7800684543825008 -0.45798316452917126 0.00042013962572678954 0.8889606776470822 86.38264477956447
0.8557809403108482 -0.011974302916494503 0.5171997146230132 -3.635629981018729 0.01186733525509467 0.999923405422457 0.0035142059723921037 -0.7767475323144196 -0.5172022317765359 0.003130392628963204 0.8558574095900933 86.69663583021864
0.8198893353063652 -0.012961449492694838 0.5723752381012276 -3.381418246975339 0.014472144413945738 0.999893444535083 0.0019122273514915458 -0.7559697084846598 -0.5723390908254954 0.006715683346160862 0.8199894695635589 86.98807312139567
0.780603098146178 -0.012056746788226838 0.6249106815830887 -3.124076442589901 0.012290432741300582 0.9999167096050486 0.003939431018497216 -0.7752806722357954 -0.6249061917021042 0.004605291466112508 0.780686185945811 87.25818676281153
0.7388159349802479 -0.01000233221742933 0.6738329739623188 -2.8363739349346684 0.009004075550114633 0.999947107786235 0.00497073974035661 -0.7812559760375914 -0.6738471197851609 0.002394781857722004 0.7388668452079428 87.51870241502532
0.6937220934805491 -0.010287478411576461 0.7201692308862451 -2.541329058379085 0.008190113308032626 0.9999460135254515 0.0063946912975303884 -0.7890087920479119 -0.7201962087243814 0.0014621294329727175 0.6937688280745475 87.7636424910649
0.6469030983220361 -0.013085080855178403 0.7624598650469341 -2.235245315230687 0.011525499447288727 0.9999063349752344 0.007381336970067697 -0.7825214220925596 -0.7624851108342035 0.004012721694536366 0.6469932534865823 87.9819872743562
0.5996130968348308 -0.018183655784370735 0.8000833461397012 -1.9143320822781227 0.016445093791870216 0.9998106990439805 0.01039831506966785 -0.7706129262000956 -0.8001210489634225 0.0069224807325606345 0.5997985614134289 88.18577954235076
0.55962292140354 -0.010200391821712052 0.8286844999984587 -1.5601127732028073 0.012814270692422474 0.9999112160534366 0.0036543779829578183 -0.7887679965674856 -0.8286482850440207 0.008573914929070232 0.5597038904491103 88.29457890472177
0.5170873585306304 -0.0006131531701084075 0.855932322796395 -1.2027607881978004 0.006834780095627023 0.9999708191939947 -0.0034127021808890547 -0.8274858487719177 -0.8559053390585126 0.007614775352628068 0.517076408527985 88.41870781861078
0.4709542551250151 0.0006369348237304222 0.8821573149345623 -0.8580975625873113 0.008130745822739125 0.9999541288730105 -0.0050627178959248105 -0.8314490989745764 -0.8821201621956137 0.009556906604052076 0.470927426038192 88.58136063180802
0.4295628744692174 -0.005262651864661989 0.9030215270495854 -0.5030045448384732 0.010544562451008361 0.9999440752689701 0.0008115036768857312 -0.8415618903886182 -0.902975386752301 0.009173376141052708 0.4295943006451835 88.70603322186331
0.3923262572721545 -0.019786034820102806 0.9196132075819092 -0.12149872943405743 0.013819509718033128 0.9997825691823972 0.015615232207089755 -0.8556453838127716 -0.9197223108123364 0.006582338880177613 0.3925143474626594 88.77759479279698
0.35800893400212946 -0.025004060680089826 0.9333832149185743 0.25438854703586977 0.014146174218789982 0.9996718939306684 0.02135392633221514 -0.8369249415956047 -0.9336109944348546 0.00555890587859574 0.358245145031264 88.86153615648486
0.32524728370899747 -0.020699737771962046 0.9454023199403517 0.6282717112029503 0.015470159410517638 0.9997430658965099 0.016567326917373924 -0.8420492230411313 -0.9455024477005545 0.009237047580698972 0.32548391224486123 88.95611587842181
0.2952409513800011 -0.008537048784804999 0.9553845910902372 1.00094360143371 0.01639603523581854 0.9998580957388056 0.00386761107299865 -0.8449730029097723 -0.9552821314443106 0.014522643822816247 0.2953389996122002 89.06615061409296
0.26866442239463 -0.003024044625965364 0.9632289954900016 1.3863831911079691 0.017713095547429586 0.9998414877542777 -0.001801557574404557 -0.8549263284284229 -0.9630709602025672 0.01754578352202493 0.2686753740811303 89.14555938208257
0.24293407225585145 -0.0034807051360646003 0.9700364596516138 1.7788207401198477 0.019897192532175208 0.9998010573552885 -0.0013955069207897597 -0.862562368338669 -0.9698387176569789 0.01964002044275906 0.242954974238034 89.24195862017753
0.2198621389205218 -0.010407218182232213 0.975475340220707 2.18618200526938 0.024464469252458907 0.9996874270829027 0.005151492702848679 -0.8620992203177589 -0.9752241432683544 0.02273187062391936 0.2200480010003169 89.29915401059426
0.19920430474132478 -0.014713378066408937 0.9798474215215546 2.6057494392373135 0.032518743366791523 0.999435856665291 0.008396412131433781 -0.8588241572979828 -0.9794182846477686 0.03019080849496759 0.19957036553779106 89.36129233340527
0.17920581990322576 -0.013964034031323135 0.9837124002123322 3.0297019174692137 0.03924743558469088 0.9992047637160852 0.0070341286149036095 -0.8546565966334082 -0.9830284395239264 0.03734763607838381 0.1796113434700868 89.43047079301331
0.1624207189368775 -0.009888619964228634 0.9866719467768474 3.4759855583550183 0.038953262164374475 0.9992345406379384 0.0036022444532357346 -0.8538286909755007 -0.9859524093113162 0.03784901572406323 0.1626815701869561 89.49107568663878
0.14755935868913958 -0.008562522675827907 0.9890160379101712 3.9408200074218467 0.034251873314800785 0.9994069552634949 0.0035421670618468707 -0.8556835762935516 -0.9884599358788825 0.033352975524914896 0.14776511702354309 89.54885121531126
0.1334732009834109 -0.009032684968305112 0.991011159778008 4.414003241055084 0.030424871592679856 0.9995244877539732 0.005012541231511017 -0.8675782896892194 -0.9905852975932051 0.029482350354214825 0.13368453772168043 89.59415581071688
0.11994678989297013 -0.010805111867822481 0.9927214211718574 4.89850932522493 0.028745896960473825 0.9995593131207935 0.0074062783221836076 -0.8664177137576107 -0.9923640667629583 0.027648311178062917 0.12020452149545732 89.65117382577215
0.10848097259382956 -0.01429648110020486 0.9939956195095335 5.395573056546666 0.028482657640721543 0.9995307796147904 0.011267599691313876 -0.8676474738756152 -0.9936904028915776 0.027089319496594585 0.10883726196971931 89.68537554248717
0.09805228374709059 -0.017299153657540756 0.9950307989755757 5.907317793072376 0.029618835710316274 0.9994567064810602 0.014457399984770393 -0.8639364272846652 -0.9947404054441304 0.028054075510565647 0.09851138348291837 89.74405498146383
0.09010384644599957 -0.01821039512081376 0.9957657756953654 6.43535721198954 0.02992174426095202 0.9994309719221822 0.015569892439703486 -0.8713360994004662 -0.9954827904469399 0.02839214455115959 0.09059745252066331 89.79598647436099
0.0846513783360249 -0.021421832974642823 0.9961802300438106 6.979245004453002 0.03045613528228612 0.9993573604917383 0.018902111057092785 -0.8595512858618475 -0.9959450627265978 0.028739712994061375 0.08524939570141314 89.84558588860511
0.07914086070262127 -0.022491649638554052 0.9966095781214684 7.541778345504092 0.031078433937420782 0.9993151320449725 0.020084764116958972 -0.8555054367179034 -0.9963788712689838 0.029383542374336116 0.07978565689975549 89.88829814691489
0.07310198588755279 -0.02242263247026118 0.9970722774037375 8.124603189271943 0.031750385406873756 0.9992928012711465 0.020144733641238713 -0.8456597384005443 -0.9968189467931574 0.03018481208747712 0.0737622080706591 89.92813891230605
0.06857668999950092 -0.024892962265280524 0.9973351387900729 8.726560762323128 0.03225768164238581 0.9992212731127277 0.022721999333866445 -0.8359047161388148 -0.9971242046825357 0.030613522969859936 0.06932626977466748 89.96792557648135
0.0654733558141638 -0.026471609473817177 0.9975030298442995 9.344581597978927 0.03248024132096427 0.9991748853446861 0.024384058845857738 -0.8220078653423679 -0.9973255604877338 0.030802636060669738 0.06627913039302792 90.00926373976154
0.06265764620733089 -0.02774513629115788 0.9976492508403815 9.983355918536084 0.031627793886154276 0.9991666498201365 0.02580093862319974 -0.811515542022536 -0.9975338099661889 0.029936821798205435 0.0634829415181642 90.04508450521948
0.05825890425428966 -0.0288927416220396 0.9978832148003092 10.635154532889391 0.03039521145510594 0.9991690118761966 0.02715541762868749 -0.8026372171073345 -0.9978386799456602 0.02874882933085323 0.05908868684632103 90.10952223568233
0.05713773515946829 -0.0339272415489248 0.99778956817444 11.307291992057833 0.03062587222221127 0.9990116357228083 0.03221501925329328 -0.7873969460195166 -0.997896455135243 0.028717485462827017 0.05812030778295957 90.15751659860943
0.05742777539821413 -0.037247238456837514 0.997654496680549 11.991532333652794 0.03117852572534887 0.9988832584507528 0.03549838451990234 -0.7545683677722619 -0.9978626910283874 0.02906680605319545 0.05852495151274822 90.20164901092429
0.059787906452731146 -0.03913415492011213 0.997443594971679 12.697672247041796 0.030848798171815354 0.998826375777073 0.03733928844322762 -0.7423994022402897 -0.9977343122762506 0.028537501129455682 0.06092497343896315 90.24459900368011
0.062208875068134994 -0.04228297058718768 0.9971669907081667 13.414821563709255 0.03146983449635529 0.998688522189761 0.04038421568959628 -0.7050815334462235 -0.9975668926841638 0.028868426433423102 0.06345792121687553 90.33241293211518
0.06627510126686774 -0.04223967146006789 0.9969068272953551 14.151527523473419 0.031090685588401692 0.9987058577638873 0.040248958414332965 -0.6743111304037793 -0.9973168905727596 0.028327015780540976 0.0675025854207234 90.38680138258147
0.06996063589403913 -0.044990376889831554 0.9965345838252778 14.905641229316712 0.029245838946034622 0.9986455250242816 0.04303249847783631 -0.6499136471908947 -0.9971209507023975 0.026133911614508395 0.07118165012801543 90.4732729034143
0.07323738026698022 -0.044763988122930976 0.9963093259306923 15.671887767216312 0.02788153890803522 0.9986936129552538 0.04282157056663847 -0.6170635127902866 -0.9969247242995622 0.02464250006997352 0.07438978530515734 90.56198706248125
0.07751909565126809 -0.04157994549336034 0.9961233354646627 16.457110071672556 0.025332538444410906 0.9988895162210596 0.03972400537443292 -0.5952072571788544 -0.9966689782999072 0.02215496595378939 0.07848632963630424 90.62651812212543
0.08098218181494202 -0.03997197693597005 0.995913615173928 17.24800688905947 0.02400006808616682 0.9989840130850873 0.038143650568459836 -0.5746685048510971 -0.9964265567317843 0.020813040629148023 0.08185922692354632 90.71001162080596
0.08583106754704854 -0.0395157067509772 0.995525659397885 18.048667648248884 0.025377971874679807 0.9989756551393444 0.037464633169597215 -0.5317496243789744 -0.9959864388571115 0.022048794952891897 0.08674596671826168 90.76262715017334
0.0868965851108617 -0.03850625737938292 0.9954727788426527 18.83996503465727 0.030048089600948777 0.9988993798070365 0.036015845243763604 -0.4923239091901416 -0.9957640763792459 0.02678240399472535 0.08795797561720156 90.90821216118836
0.08837205138147013 -0.032790101303104696 0.9955475837673364 19.645046792676435 0.03434254666563023 0.9989641235792901 0.02985413106401874 -0.4742271337923695 -0.9954953390263352 0.03155137172896144 0.08940659546947881 91.00162912691273
0.08887225027301004 -0.03054631954070774 0.9955744307881987 20.457774498212473 0.037324097526304445 0.9989297618029351 0.027317441433502905 -0.4424347818793696 -0.9953434758289557 0.034731158155677753 0.08991724058429168 91.06506043327107
0.08851691120941901 -0.028652118870659975 0.9956623997250403 21.269788370533554 0.03749903801045077 0.9989734576587095 0.02541363685597943 -0.4164985042987236 -0.9953685641902917 0.035086849069286524 0.0895004627671758 91.17596589526488
0.09080276313536191 -0.025728993377485364 0.9955363774729775 22.088744417524197 0.034592488449353816 0.9991444160220375 0.022667059692115226 -0.41531360648824095 -0.9952679126495905 0.03237985225027098 0.09161509445996166 91.22579143024666
0.08991327258672811 -0.026880050914959753 0.9955866953809637 22.901176441910323 0.034094284521600085 0.9991328883993991 0.023896673232190302 -0.3955151175696774 -0.9953658539329714 0.031795191168939016 0.09075175474258851 91.32855115024074
0.09141865673379412 -0.025152643463571774 0.9954947390670763 23.716578923933756 0.03433436071098901 0.9991661911579732 0.022092397928746187 -0.3607848689636509 -0.9952204684769926 0.032160021356470676 0.09220602173146969 91.40188124018296
0.0926248293906658 -0.023374594202454965 0.9954265774719985 24.529816393327465 0.03412603168872174 0.9992115940803532 0.020288029843767475 -0.35421712955915075 -0.995116101237207 0.032090786859403336 0.09334947620343144 91.48425410156582
0.09309021090031634 -0.020185446581826097 0.9954529432297724 25.33809964711503 0.034537863892597255 0.9992582350058853 0.017032782808796634 -0.34636384024114497 -0.995058464911625 0.03279523622723727 0.09371831264478579 91.58138206124468
0.09201138310424707 -0.017813960757366097 0.9955984983564264 26.146292057036874 0.035379382683819204 0.9992671564632213 0.01460990305970594 -0.34483793206676316 -0.9951292401794672 0.03387938629948376 0.09257419080406172 91.66690985215165
0.08773671515541247 -0.01136012839527643 0.9960788211076566 26.95263712966656 0.03359109162500571 0.9994000289854947 0.008439231143090486 -0.36381660986663994 -0.9955771729892099 0.032718947822652285 0.0880656659459686 91.77335875652942
0.0831970771488329 -0.006677731502330163 0.9965106400086671 27.758187498741215 0.031047892715744596 0.9995094655315926 0.0041056878032762565 -0.37181494328461334 -0.9960493334729017 0.030597977297842863 0.08336358723802043 91.87387254362304
0.07883599421827488 -0.004345884589982255 0.9968780269183964 28.570036686774092 0.02925535186595975 0.9995698806803106 0.0020440220443320384 -0.365901962638233 -0.9964582331451851 0.029002877854907343 0.07892921779150908 91.92934618251269
0.07214734332138452 -0.0019884771003032286 0.9973919028431767 29.38068204763383 0.027175545466094957 0.9996306762956865 2.7170637745236028e-05 -0.37545332577362395 -0.9970236960976883 0.027102711440676296 0.07217472829623939 91.99204870129773
0.06745186934575138 -0.00123647231924471 0.9977216632775479 30.188226209716632 0.02703473224629271 0.9996343213854656 -0.0005888640930137944 -0.3904989056712687 -0.9973561894198801 0.02701286072242836 0.06746062455815292 92.01405540726655
0.058734838467574525 0.0015965784617684566 0.9982722426196513 30.98925307699144 0.027024766925312346 0.9996296782215209 -0.003188790874508216 -0.4208839421808811 -0.9979077516097514 0.027165370528290572 0.058669934616494515 92.05365727481094
