0.999996173487818 -0.0024153971473904437 -0.001348653316770289 0.0028769226835680946 0.0024193875499245246 0.9999926775201993 0.0029650414893041305 -0.015127381278851056 0.0013414818691588402 -0.0029682928769140817 0.999994594816996 0.9998814357970233
0.9999937447474688 -0.002740206108385064 -0.0022364559276648855 -0.009817569394671632 0.002748507198626504 0.9999893143323919 0.0037171131414490692 -0.04804101038925502 0.0022262466425974677 -0.0037232366989979815 0.9999904906221798 2.5231954364549662
0.9999916316164961 -0.001729558875300921 -0.0037074681286740165 -0.02227258218866552 0.0017428730975041513 0.9999920336428223 0.003590967164877991 -0.08210729886176404 0.0037012282211210563 -0.0035973986419540176 0.9999865797274013 4.0369322770951985
0.9999874895641949 -0.0011085373489529132 -0.004877689493897923 -0.05574730073734557 0.0011237457475478444 0.9999945128820464 0.003116312303664249 -0.08219732849680597 0.004874208714760535 -0.0031217544336869544 0.9999831482294278 5.549857130789577
0.9999771664824432 -0.0020019147166107903 -0.0064543661362013545 -0.067232757403338 0.0020275679387577066 0.9999900621603566 0.003970459608214686 -0.11731120281606464 0.006446354163322525 -0.003983455534266766 0.9999711878890761 7.085483581666323
0.9999776606330574 -0.0025828742389823185 -0.006164980717828112 -0.13434641354388072 0.0026121558915074223 0.9999853242734309 0.00474635433694062 -0.14368260174607325 0.0061526316676221516 -0.004762352194755024 0.9999696321055292 8.567765066931708
0.9999662443397077 -0.0032683498023827477 -0.007538438734164728 -0.14634963055147232 0.0032989696379311212 0.9999863450136054 0.004052972535383874 -0.16592347431239848 0.0075250900638705424 -0.0040777047342971575 0.9999632720030719 10.067983960194164
0.9999603136795466 -0.00442462687784456 -0.007732640563873861 -0.19068183536173042 0.0044598854126845855 0.9999797104469939 0.00454841915731125 -0.19091499054961503 0.007712359432085083 -0.004582725317819704 0.9999596582628172 11.562177455558588
0.9999525005438759 -0.0032942064136641924 -0.009173049786351514 -0.209031837415682 0.00333186243038046 0.9999860736761437 0.004092816536733768 -0.20285396872694494 0.009159440419407087 -0.004123185403830454 0.9999494507275976 13.05538492232623
0.9999426055707439 -0.003621897331384574 -0.010083025475778875 -0.23496421111838456 0.003664067174754082 0.9999846055264847 0.0041669320164064595 -0.22429108384567903 0.010067779106194823 -0.004203637682123813 0.9999403828603163 14.543921379263395
0.9999422716918411 -0.0018193420249542692 -0.010589771239020931 -0.297823079012579 0.0018694865194614362 0.999987079176676 0.004727208476241442 -0.2369690809925988 0.010581035105966443 -0.004746733013107439 0.99993265285475 16.02750015382874
0.9999427854606231 0.0006094729122788138 -0.01067962191421489 -0.3261780471995298 -0.0005431419197781807 0.999980552963025 0.0062127844662725916 -0.2656025949095544 0.010683201865794644 -0.006206628596352366 0.999923570571749 17.50994127805153
0.9999372069352205 0.0009567849165098268 -0.011165425350840415 -0.3582188225792614 -0.0008775664385525788 0.9999744257811416 0.007097721994250382 -0.28602242869679373 0.011171931960751056 -0.007087478134085064 0.9999123739704582 18.983629576771175
0.9999444467909072 0.0005548308914476534 -0.010525942788364504 -0.3814611741141579 -0.000480570981135106 0.999974989537016 0.007056156797777714 -0.29612524853068195 0.010529595602792223 -0.0070507065694132755 0.9999196043581061 20.457141378003303
0.9999197671895476 0.0023676447045113277 -0.012444011012638482 -0.366360434641915 -0.0022768999408208203 0.9999707525263843 0.0073013570463538475 -0.3118959713923786 0.012460935368594004 -0.007272437718611925 0.9998958129601349 21.919303801358215
0.9999154581942097 0.003133936718572745 -0.0126196224966288 -0.4015384920784927 -0.0030357172578546936 0.9999650127647413 0.007794720157743008 -0.32537035955272703 0.012643610441392212 -0.007755751869147837 0.9998898876704949 23.376256169146227
0.9999043578182968 0.006373160818570358 -0.01227428230249217 -0.4356465837779515 -0.006267869773159482 0.99994339567928 0.008597629854212375 -0.33385147687334366 0.012328382882014089 -0.008519874328446907 0.9998876050611182 24.828518006569606
0.9999050709468321 0.006974355357419933 -0.011883073381201545 -0.4327209139851303 -0.006884552700230318 0.9999475612060101 0.0075814093529868775 -0.3635811722582814 0.011935326930030401 -0.007498880283285528 0.9999005524547177 26.269598447626375
0.9999074221990869 0.007337338103553433 -0.011459078217114184 -0.4627868399109518 -0.007275278147783966 0.9999586933304953 0.005448115238604377 -0.3746187407617786 0.011498580740583133 -0.005364242940508688 0.9999194005352487 27.702771865350094
0.9999228846943018 0.004678391348119366 -0.011503794660794767 -0.47791795044113344 -0.004608468057684209 0.9999707920957132 0.0060972925028830414 -0.4133850356357607 0.01153198537917472 -0.006043807563808151 0.9999151392656013 29.128115484145535
0.9999405685984324 0.00396000384467903 -0.010157638461613513 -0.5216669252460155 -0.0038683994659229415 0.9999518172409011 0.009022121391525783 -0.42239637714894074 0.010192877739620753 -0.008982291810619533 0.9999076075850659 30.549287280422657
0.9999540127646624 0.002379822474462063 -0.00929025202978839 -0.55850000021332 -0.0022844879081248643 0.9999447660955461 0.010258940579109256 -0.44073573183692777 0.00931415432801057 -0.010237245875494757 0.9999041180810427 31.960366430319155
0.9999679815477643 0.001655724397928963 -0.007829076769784964 -0.6439276081924656 -0.0015794695519967246 0.999951355414855 0.00973612192969426 -0.4609281675012168 0.007844817093050824 -0.00972344489952487 0.9999218536899339 33.35242958197676
0.9999738391795799 0.001967647899234272 -0.006960553707546151 -0.6825885561011374 -0.001911841736279272 0.9999660511465853 0.008015073938092206 -0.4871344283289438 0.006976088992122013 -0.00800155710167685 0.9999435530478018 34.73615244913926
0.9999739703708974 0.0030836290639414546 -0.006523021035849478 -0.6749897752053169 -0.003035393397582451 0.9999680740795607 0.007391698355048803 -0.5055427535134017 0.006545606739238782 -0.007371706275496966 0.999951305310416 36.104239101926574
0.9999806827525836 0.002889976109756836 -0.005502922249290396 -0.6880158669786276 -0.0028550927350583016 0.9999758489567758 0.006336398549670652 -0.5173779789242308 0.005521101986937288 -0.006320564948053805 0.9999646833264408 37.46084230185937
0.9999872729455901 0.0033072722992110856 -0.003809972917160267 -0.701084971182717 -0.0032781491163772526 0.99996555611582 0.00762497973107327 -0.540210462055254 0.00383506000104293 -0.007612393310900572 0.9999635712317135 38.79523829112309
0.9999871195389068 0.004496934492403456 -0.002353366795868701 -0.7143675640911086 -0.00447445610008711 0.9999451359910009 0.00947123231186285 -0.5372271864068086 0.002395829477945316 -0.009460580749169256 0.9999522775729001 40.11936575105547
0.9999917215276519 0.003987614690999339 0.0008098180833526411 -0.7271319841066651 -0.003995667418509232 0.9999400114667832 0.010198436081183395 -0.54305810185993 -0.0007691021005730027 -0.010201587959164317 0.9999475666734637 41.42277020499468
0.9999877292408184 0.004248671206622599 0.002547579217757008 -0.7004638377726832 -0.004276453627455557 0.999930342572079 0.011000996964947673 -0.5631171910989148 -0.002500662344625272 -0.011011757201525323 0.9999361419140312 42.7049301709864
0.999975464664368 0.004180063300191259 0.005621132845174206 -0.6863830825819096 -0.004242529117137525 0.9999288695452521 0.011147052628598471 -0.5885934841616395 -0.00557413813692484 -0.011170627590412424 0.9999219699972809 43.96811428131102
0.9999480998359506 0.003879688741231458 0.009420490063906462 -0.6984732614095374 -0.0039670851350649475 0.9999491042832307 0.009276371608446339 -0.5896247117399214 -0.009384022058863014 -0.009313262502397132 0.9999124978200588 45.20943408741327
0.9999102642773177 0.004147168856851545 0.012738302566210563 -0.6674165666889696 -0.004241732987231292 0.9999635818694808 0.007405581137775996 -0.5937621749610279 -0.012707127689901341 -0.007458949338497209 0.999891340604445 46.44251449586568
0.9998289666120389 0.005266331382638535 0.01772859882612766 -0.6541840420352183 -0.005395158362685022 0.9999593330627301 0.007226650901770342 -0.6050112735314314 -0.01768982164246394 -0.007321063755435794 0.9998166193359745 47.66271592058157
0.9997265411893687 0.0053034414312568235 0.022775343009677415 -0.6149204892121835 -0.005470219562765989 0.9999586350144112 0.007266701744572101 -0.6195164191388108 -0.02273586460803957 -0.007389300988837434 0.9997140985284532 48.8717413529243
0.9995564013476037 0.006699155744766242 0.029019332729010094 -0.5906897647659803 -0.006885755171526863 0.999956225966243 0.006335023666236161 -0.6301872921348132 -0.02897562597673886 -0.006532033654149838 0.9995586755179119 50.069648285592976
0.9993875102223814 0.0077662145806246564 0.03412169534834845 -0.5194817056322302 -0.007997361737723627 0.999945955277484 0.0066429456324754756 -0.6351837667536059 -0.03406826407000675 -0.00691176065059223 0.9993955078845858 51.253386567799765
0.9990161445125431 0.009256378689304219 0.043371212634530525 -0.49821810110641557 -0.009608482689727202 0.9999224964219837 0.00791695675866968 -0.6648404706276032 -0.04329457314366136 -0.008325899518511645 0.9990275570324886 52.4307453842097
0.9985205430866846 0.010800205833365186 0.053292401200395315 -0.4282098679660006 -0.011249276671041758 0.9999036430560434 0.008133779673139361 -0.6611880342409728 -0.05319942488643911 -0.008721247457444032 0.9985457233409674 53.59345824571076
0.997733050102573 0.011483517509431468 0.06630903925217478 -0.38123744928666814 -0.012067090495781035 0.9998918480751607 0.008406989548815793 -0.6650749913614289 -0.06620533256452824 -0.009188088944664389 0.9977636162138757 54.74171283952531
0.9965258312353866 0.01358328079214207 0.0821690989506804 -0.3162455889420695 -0.014357142683687693 0.9998579030174999 0.008834377155497142 -0.6837379007543493 -0.08203743130168543 -0.009983399039137428 0.9965791453557105 55.872783611602294
0.9950111842139963 0.015963860938334264 0.09847789855911304 -0.22947189922536265 -0.017064676173999548 0.9998008577422914 0.010346094563445013 -0.6962094140724209 -0.09829313361641705 -0.011974973975920712 0.9950853540388762 56.9912631404433
0.9930879938013498 0.01707954367508262 0.11612287919181744 -0.10938481462665019 -0.01841860309546003 0.9997755620366384 0.010468075360561864 -0.6895649838525959 -0.11591803840480959 -0.0125345419612554 0.9931795891612244 58.09900842031069
0.9907235273208259 0.015075319921801689 0.13505415028516976 0.034054000692155875 -0.01650015755940918 0.9998193281576844 0.009436939834577262 -0.6889798219120465 -0.13488749835878844 -0.011577813764933914 0.9907931775387433 59.188456444179906
0.9879258474281075 0.012744677837651548 0.1544023588510999 0.2058065572456803 -0.01437922441585589 0.9998517289337316 0.009474072197836237 -0.7021554239153214 -0.1542587368308543 -0.0115798676609598 0.9879625263830691 60.26047331676477
0.984405248292731 0.010496719084708308 0.17560216363467993 0.3887657805488187 -0.012300434724171663 0.9998821488548771 0.0091862777233332 -0.7095017212724157 -0.17548506044481169 -0.011203003606788763 0.9844182507595128 61.31965395888014
0.9805473321743525 0.005108284349909036 0.19621627637797265 0.634294583881261 -0.007740068108280838 0.9998900513080701 0.01264818645678967 -0.7124226309148662 -0.19613011168975322 -0.01392087375666625 0.9804789626828959 62.35475864298368
0.9757149313793076 -0.00035567027901689687 0.2190439147885125 0.8770602043776025 -0.003026022498388725 0.9998813681922217 0.015102738116381662 -0.7105033764047538 -0.21902332266520866 -0.015398799976190921 0.9755980067094855 63.378726310407856
0.9701689570556578 -0.006195952488111125 0.24235055851342016 1.1342783072551363 0.002393500858392279 0.9998694283267845 0.01598115813749117 -0.7204174713073924 -0.24241795708893837 -0.014924358285628648 0.9700570134650996 64.38611576566237
0.9636675708303771 -0.013614184802308013 0.2667572917281313 1.4284150101936024 0.009832932788442036 0.9998314319039084 0.01550552085170716 -0.7118957795226889 -0.2669234466334009 -0.01231916186890042 0.963638898204613 65.36663221637797
0.9561288549541745 -0.01767610640591769 0.2924126380746441 1.727013399160411 0.013331662017200147 0.9997692557027125 0.01684345865267893 -0.714185909462792 -0.29264292151335974 -0.012206171143102806 0.9561437899159589 66.33672765022345
0.9473355235059023 -0.019046707206426636 0.31967578643301764 2.0605693599878925 0.01370517564514282 0.9997264811325864 0.01895075274545265 -0.7187199886448106 -0.31994933046394997 -0.013571509380039991 0.9473373530790513 67.28403599640768
0.9376475464882411 -0.023289778974877662 0.3468063447036304 2.4205729141686376 0.016603389257029345 0.9996147995527694 0.022239152485011494 -0.7126678454422071 -0.3471907343662231 -0.015094327092685234 0.9376729597093358 68.21608886156729
0.9265173410671494 -0.027437634036706498 0.37525026955267093 2.7947287690429077 0.02038343610685874 0.9995332296078636 0.02275606207438072 -0.7106908870342182 -0.3756995238675886 -0.013434997139723813 0.9266440507765242 69.12702008600462
0.9143657639078914 -0.029666118742923794 0.4038008650346739 3.1923900221239276 0.023756082157493218 0.9995248648256245 0.019639070711079783 -0.7124590547156836 -0.4041916604207215 -0.008364567774282992 0.9146359758389482 70.01019839137975
0.9009155830311685 -0.03257866913251014 0.4327698061706092 3.595782210355235 0.02896648055089465 0.9994687483889825 0.014938673602463157 -0.7045741833813266 -0.433026621879186 -0.0009226653336297061 0.9013805694034362 70.88095936122896
0.8867872064593938 -0.036350968398587036 0.4607461504124028 4.053749903128148 0.03397939538270232 0.9993321089278373 0.013443836254960515 -0.6941439683783847 -0.4609271646902195 0.0037340544089698377 0.8874300243663787 71.72057700451118
0.8704072793116325 -0.035157839895667856 0.4910753976797488 4.5303455661003555 0.031566896244405514 0.9993799185044117 0.015598381937152066 -0.6979539294304167 -0.49131934541885347 0.0019247815434900687 0.8709772926285906 72.54812112018897
0.8523925228460529 -0.032153085344573416 0.521912934927546 5.027767007590795 0.0262193361159219 0.9994803087342188 0.018752568218585956 -0.699256197746726 -0.5222447064449534 -0.0023003381010094455 0.8527924891440664 73.36317578597155
0.8332094275997327 -0.030898276750945027 0.5520935476138384 5.575403236609825 0.02408788754686275 0.9995179712563941 0.019585677214849072 -0.6682804022947313 -0.5524326415341955 -0.0030202035242444776 0.8335519875395966 74.12970937536667
0.8113031513479941 -0.02556832061656841 0.5840662542863004 6.078881924356997 0.022663834696196275 0.9996677156392481 0.012280427024582968 -0.6680908716229509 -0.5841862264806237 0.00327403259900235 0.8116129630039642 74.91221857064329
0.7900226003386711 -0.023047333569125444 0.6126442983769047 6.667896384260084 0.025951208792651122 0.9996546312866141 0.0041416072854885706 -0.6517322713987367 -0.6125282244242448 0.012626898375316437 0.790347778357966 75.6235023441756
0.7678278176844493 -0.022300519294996046 0.6402679495898218 7.26166307583844 0.028285933557562343 0.999599472508679 0.000894720555729176 -0.6167651339810133 -0.6400315213743044 0.017423587447715674 0.7681509957053901 76.32170523765882
0.7457044089824763 -0.023710943562242282 0.6658548167111227 7.913695469588753 0.02815731835355238 0.9995952532733202 0.004061410863530841 -0.6108394476156221 -0.6656816805705456 0.015720075980701038 0.7460701495197382 76.97354645076909
0.7216445044065524 -0.02318456888244134 0.6918754145926366 8.565191112736704 0.02770485349254472 0.9996055644753212 0.004599626519340405 -0.6408366876735205 -0.6917092238453749 0.015849013714228928 0.7220021150371785 77.61160943642471
0.6988682115318314 -0.024261506872979302 0.714838793033029 9.285109194007402 0.03256553108684637 0.9994674301950227 0.0020837866256679283 -0.5973362585507298 -0.7145087186979063 0.021822815208256005 0.69928603432958 78.14679423069943
0.6751959344215228 -0.024348722955379723 0.7372363807871444 10.003974844067521 0.0350670591525849 0.9993845646939721 0.0008906266313044404 -0.6034550861809566 -0.7368044187591634 0.02525136712904077 0.675634165527533 78.68803320627028
0.6483852858329764 -0.022017908603894083 0.7609938350755717 10.68020367538041 0.03538075637344311 0.999373147741851 -0.0012303051598926233 -0.6104081856939935 -0.7604897916433364 0.027722252312144972 0.64875778941466 79.2775087048505
0.6189572109724839 -0.020409672996626393 0.7851594060875096 11.357051028887984 0.0362493628580241 0.9993393962982663 -0.0025989798137960344 -0.6303556713422918 -0.7845877609786834 0.030070188798720286 0.6192881012390319 79.87504660255269
0.5905951548931858 -0.017231253427301852 0.8067839343793385 12.085673405331555 0.04007605169607386 0.9991646300036745 -0.007997012633417786 -0.6582484247169914 -0.8059722533047522 0.03705571555033814 0.5907922909249448 80.4045747030044
0.5623388280096633 -0.013952341903830223 0.8267891133680906 12.858667697878055 0.04808339401435252 0.9987175580800427 -0.01585012110278045 -0.6494076353014859 -0.8255077405650242 0.048667970350511416 0.5622884808326084 80.87499357152488
0.5305191935807279 -0.01038112445482931 0.8476092695590457 13.613446405465188 0.05596807022132101 0.9981720760164078 -0.0228052987900139 -0.6379475128543892 -0.8458232441581089 0.05953771003449619 0.5301304033015726 81.39948990233415
0.5000353021661463 -0.0049482548355583526 0.8659907975318021 14.419550270746324 0.05756681589770891 0.9979617952702634 -0.027537550950011768 -0.6597054392714724 -0.8640895545572824 0.06362208700631145 0.4993009331835039 81.85712594590652
0.4677902134780377 0.0009036111039097788 0.8838389805083893 15.235159993762267 0.05382032771825017 0.9981146076455597 -0.02950596767344447 -0.694395713855468 -0.8821993473690993 0.061371112842498125 0.46685956604267353 82.29843361184075
0.4353979859085535 0.007045806629196959 0.9002104134271017 16.07462443914438 0.04887831097879506 0.9983093424462338 -0.031454209163968905 -0.7113521190742375 -0.8989101760368652 0.057695869813316536 0.4343174464412921 82.71405412682269
0.40172530682296403 0.015337520084671334 0.9156316785188472 16.9298821124516 0.045718561626201665 0.9982770195324878 -0.036780498799826034 -0.737420438933959 -0.9146182761025602 0.05663702632543691 0.4003318925601645 83.07586098975598
0.36707739955512186 0.025579671258551824 0.929838529148505 17.797149208280878 0.04273061522180004 0.9981028238630093 -0.04432659569057083 -0.7701908337835466 -0.9292084143283509 0.05600386964303666 0.3652879174369697 83.43631040280897
0.3327948677226623 0.03220797621007059 0.9424489613249597 18.700064619237505 0.041393202994604014 0.9979543165407176 -0.04872149755108947 -0.7979816215016439 -0.9420903241002402 0.05522525116469826 0.33078085037361593 83.69704089327517
0.29745275323708636 0.037107338659856 0.9540150538859296 19.60224439944682 0.03866866006778747 0.9979562485235618 -0.05087298100525821 -0.8485538686757563 -0.9539531405264261 0.05202279741003048 0.2954099131083357 83.97928117262857
0.26143999674338586 0.04103592663220771 0.9643469266280408 20.51791408640068 0.0371324942053894 0.9979286508066499 -0.052531753943543126 -0.9071241572673034 -0.9645052130376992 0.049542513305835124 0.25937467095049194 84.22934001490326
0.2250409487696039 0.041802703091740834 0.9734520614436837 21.44479126937394 0.03748611333321501 0.997968101018898 -0.05152145259002304 -0.9450652173798084 -0.9736279385289014 0.04808537577021141 0.2230166451053952 84.47360699493976
0.19020390853833438 0.04252921662687733 0.9808228925574072 22.389606949203305 0.03724404988832694 0.9980294864072348 -0.05049776680772374 -0.9813304089983466 -0.9810378962734564 0.04613469404710274 0.18824513003730747 84.64463305521923
0.15418587790565455 0.037298656114562866 0.9873374956867743 23.34033199378261 0.038019158136778954 0.998323167370104 -0.043650849764189634 -1.0470958301809654 -0.987310112714858 0.044268089457028544 0.15250925521371494 84.79374936657936
0.11942364356342117 0.03849623959075233 0.9920966868667348 24.289238868294557 0.04224019025029573 0.9981462598620314 -0.043815634499575255 -1.087634524333169 -0.9919444337691745 0.04713898026913427 0.11757616289646906 84.9414697144448
0.08562025262279915 0.03828256132876495 0.9955919945654085 25.244664143756708 0.047950968953388254 0.9979452524482038 -0.04249679155287611 -1.1137791329429019 -0.9951732898933892 0.05137819200988646 0.08360863032601636 85.06394391185596
0.055752915872816104 0.032597838003029844 0.9979122176823926 26.20819086591939 0.05351754748011847 0.9979325281814249 -0.035588495663740144 -1.1327927114981493 -0.9970092700087517 0.05538998244233895 0.053893086538167906 85.12633555806605
0.02970406869903737 0.0316111911498987 0.9990586575903111 27.17766642059548 0.05188424369671416 0.9981036282413605 -0.033123591262090475 -1.1676387941980577 -0.9982112469606496 0.05281931356541211 0.028007613174935286 85.18541289316161
0.008298771256438364 0.03230719165326067 0.9994434331253211 28.159810484818383 0.05007337690505951 0.9982106344854607 -0.032683113105401895 -1.1937353511379007 -0.9987110629811551 0.05031674241857965 0.006666190847923267 85.18174917353976
-0.011903199692561591 0.033978970158601976 0.9993515616211728 29.142003686141297 0.04709939998715087 0.9983322097896936 -0.03338330666744071 -1.2524698036081163 -0.9988192831328001 0.046671495405549636 -0.013483735435068922 85.19635498624346
-0.029728328439932405 0.0344158061247692 0.9989652542609804 30.12228346691129 0.050153799492274005 0.9981995747133018 -0.03289688727625724 -1.2935143482639873 -0.9982989646817468 0.04912393847166526 -0.031400885128286246 85.20481364604021
-0.044919246644150625 0.032605633904222414 0.9984582788287839 31.10516959793272 0.0539635368121365 0.9980871521037287 -0.030165763560475307 -1.338907131422434 -0.9975320536081227 0.05252532192357218 -0.04659283364518241 85.17015022979245
-0.057003304352173066 0.028993696939663326 0.9979527993202146 32.091500899070596 0.05836297889454881 0.9979655849288567 -0.025660355374265958 -1.3761507455620228 -0.9966666373404295 0.05678077874931818 -0.058579488654520145 85.1028372898242
-0.06351868703233361 0.023535666139833603 0.9977029867406846 33.07903286784102 0.06126830367027508 0.9979280797353783 -0.019640329610923202 -1.398153834060132 -0.9960981735567266 0.05988004755356827 -0.06482906525242117 84.98709245103623
-0.07043380877989336 0.020154971971458366 0.9973127176426024 34.07121163607346 0.06563074224050063 0.9977231485308568 -0.01552818398463299 -1.4335994065906634 -0.9953550543668875 0.06436067114710778 -0.07159622008511933 84.92026867662766
-0.07410766728901562 0.0189536463713757 0.9970700146527395 35.06404757329514 0.07031997245786258 0.9974299377935749 -0.013733922172750684 -1.4512089822035694 -0.9947678900741104 0.0690961538896061 -0.07525001835314857 84.8399110571615
-0.0762227281618545 0.015997456723931998 0.9969623755745505 36.064287211327056 0.07419256987442115 0.9971904432080935 -0.010328723120005944 -1.4620486451821546 -0.9943266858970368 0.07317992452041891 -0.0771954607957618 84.7533097436012
-0.07901395938876726 0.01451674134756155 0.9967677060075895 37.06865153219082 0.07685943850392586 0.9970063204675814 -0.008427552493115434 -1.471048905690877 -0.993906142920227 0.07594511945045865 -0.07989315752524645 84.6885634343502
-0.07916959422954904 0.013697011762031936 0.9967669579771882 38.064371196139184 0.07927591649855407 0.9968252359963494 -0.007401211314845972 -1.4983784332789118 -0.9937039319700985 0.07843367101962638 -0.08000408462063553 84.53060771394303
-0.08241093593078215 0.012849214166986896 0.996515497486225 39.07255609768687 0.08267058877586769 0.9965587878922262 -0.006012987294064151 -1.5234519563439115 -0.9931636377709645 0.08188699512174978 -0.08318958620881205 84.47285771283106
-0.08460675635715038 0.01079115058031049 0.9963558848650648 40.08454035507348 0.08385921957839598 0.9964708486440583 -0.003671388169605134 -1.5170382358284487 -0.992879311935955 0.08324301094833728 -0.08521309525931138 84.3675713059733
-0.08616483251140321 0.010741188141866337 0.9962228917394746 41.104802954075126 0.0826767842093592 0.9965699332618554 -0.003594087951574012 -1.5215575928610148 -0.9928444847966233 0.08205482920440242 -0.0867573196107726 84.25857726695433
-0.0891235455739408 0.011386919594472616 0.9959553872054601 42.131105973841684 0.0825798906162704 0.9965764030440258 -0.00400431736486107 -1.5303911381393247 -0.9925913334752252 0.08188901610095226 -0.08975874408030837 84.2266697552835
-0.09136190806952837 0.011684047980593408 0.9957491081974535 43.155150859671046 0.08321162050838456 0.9965236356187751 -0.00405830769083757 -1.550564455486444 -0.9923350381631473 0.08248713036545631 -0.09201654015813224 84.15160385618599
-0.09354252433070472 0.012889781726994181 0.9955317430678537 44.18197131765204 0.08626536565601317 0.9962606631054475 -0.004793519671044665 -1.5517053625456851 -0.9918710011035029 0.08543152038754641 -0.09430466962698204 84.0657839760738
-0.0951671601160201 0.014853007851980845 0.9953503913969047 45.21260491872686 0.08929555544336674 0.9959850907400238 -0.006324775947506076 -1.5516302145735694 -0.9914481909880635 0.08827846385919065 -0.09611137058253137 83.94164912954
-0.09636804309925158 0.016749752600284686 0.995204726665573 46.24821766662156 0.09346280205974214 0.9955929495890073 -0.007706058907427106 -1.5826594225471973 -0.9909479829437836 0.09227201372296921 -0.09750881333821558 83.8261783029258
-0.09748013161469163 0.01947197120017702 0.9950468673704388 47.28535832564819 0.09794230353166945 0.9951430613428531 -0.00987889743830144 -1.592364041980757 -0.9904064464245392 0.09649419567391575 -0.09891379641733347 83.70200245276052
-0.09964162284231963 0.021708282872637482 0.9947864592682103 48.33213430666802 0.10136206658750606 0.9947824911017925 -0.011555380576060308 -1.5990637773181708 -0.9898470985230242 0.09968222435337214 -0.10132212806869734 83.60668851278308
-0.10191343553178298 0.023815473106436322 0.9945080578369813 49.38146000425255 0.10019403987965077 0.994875554280143 -0.013556762968779786 -1.619231006018223 -0.9897347149770462 0.098262173477374 -0.10377734374676054 83.50092883533519
-0.10460975556163098 0.02707934287385826 0.9941445119207489 50.44472480427539 0.0969475842174442 0.9951459086118263 -0.016905218650700656 -1.629830855855794 -0.9897767247999563 0.09461146739515809 -0.10672723644992148 83.41088719394666
-0.10741550016497245 0.02635976161780595 0.9938646164108009 51.506454191755495 0.09514419045600955 0.9953330441047404 -0.0161156530011886 -1.6611472357570085 -0.9896511978201059 0.09282938263635164 -0.10942216400239359 83.32383424216134
-0.11060063503328442 0.02663588351418565 0.9935078418628847 52.570805900615134 0.09439599002721966 0.9954032661698401 -0.016178216857833064 -1.718570095639656 -0.989371970796124 0.0919938444018798 -0.11260654268852874 83.25497112179488
-0.11231376854680739 0.025557807077428902 0.9933439578310932 53.633090879915905 0.09701316886083769 0.9951754782135199 -0.014636002755343071 -1.7456349014763906 -0.9889257112960427 0.09472362989185519 -0.11425134075280795 83.14614397789943
-0.11289711649924457 0.02454084330510107 0.9933034736566825 54.69552391983402 0.0990890527654833 0.9949894128404632 -0.013320206931906754 -1.773087934328579 -0.9886534280060866 0.09692169697889466 -0.11476315309744874 83.01164251727404
-0.11171004414212647 0.02491287320929018 0.9934284158506048 55.767408216228475 0.09982188996550743 0.9949106542779741 -0.013725168145167466 -1.807302443019608 -0.988714547441004 0.09763267256730744 -0.11362835183154503 82.87270006448323
-0.1103305511257855 0.0261633081643741 0.9935504282019224 56.84307779130873 0.0993157377410958 0.9949403089836106 -0.015171214173532756 -1.8301306806189397 -0.9889203980731782 0.09700135496732343 -0.11237072964204564 82.73180596932481
-0.11008896548896956 0.03074860867698235 0.9934458945377692 57.92413647962847 0.09981396738302138 0.9948104853196091 -0.019729929553864572 -1.84772531769892 -0.9888971592601631 0.09698773820745064 -0.11258678655090495 82.6209298399645
-0.1094728241958706 0.033465867537514085 0.9934261618836916 59.00658868388941 0.10161772839235371 0.9945734042672822 -0.022306516609920685 -1.8799306603899655 -0.9887818455245568 0.09850776230406329 -0.11227947364401279 82.51782739555941
-0.10949511921412598 0.03586156373549242 0.9933401078148452 60.0966762842863 0.10186752022915559 0.9944919225515239 -0.02467436240967258 -1.929629497289261 -0.9887536736673284 0.09848738105068397 -0.11254512893091226 82.43135399032302
-0.10868162702868607 0.039067472280414364 0.9933085317516163 61.1905392571267 0.1022226070706077 0.9943695254592487 -0.027924635405364433 -1.9558145721244506 -0.9888067771562231 0.09850370270995491 -0.11206326555537069 82.29721417297068
-0.10911259766701133 0.039216130567373955 0.9932554247772389 62.302600910882546 0.09739527962657847 0.9948353549652874 -0.028579290233268696 -1.9869743638396118 -0.9892464811849515 0.0936200385303084 -0.11236852459811336 82.17925516057653
-0.10970889142402135 0.03710057068111744 0.9932710151339004 63.40996096683092 0.08874183916994496 0.9956780314685586 -0.027388746931543483 -2.014815245672497 -0.989994366207828 0.08513991605607077 -0.1125270946767854 82.05441101978158
-0.11021738871979678 0.03177901428397424 0.9933992269608348 64.5225739044194 0.08220664456095032 0.9963555483022991 -0.022752776419913828 -2.057014258787267 -0.990501991322486 0.07915627339868068 -0.11242814166750388 81.91808691999267
-0.11092087280718699 0.023451191284457627 0.9935524164258593 65.62756969230001 0.08210352416178933 0.9965204167321525 -0.014355149046276132 -2.100727709502298 -0.9904320124551194 0.07998187709299755 -0.11246032860614441 81.78424727009784
-0.11010758587481677 0.017839324343232158 0.9937594681485545 66.7327938721799 0.08690063179575677 0.9961827876471967 -0.008254318295922821 -2.1138188929525117 -0.9901134277073053 0.08544947104833155 -0.11123751927555055 81.62976458696126
-0.11018538110778106 0.014785179646448663 0.9938009774238785 67.8469219704896 0.09162959827831604 0.9957822772248448 -0.004655435398518812 -2.1320535035368073 -0.9896783308274859 0.09054863239015433 -0.1110753986830586 81.51113333827075
-0.11062984763804745 0.0138835190300935 0.9937646035154342 68.96794679301863 0.0967031687396058 0.9953083137551533 -0.0031397012735478536 -2.1265902051434202 -0.989145860814922 0.09575285097174456 -0.11145337624195674 81.41596110071151
-0.11003870369600034 0.017388736708279635 0.9937750842182889 70.09783022455991 0.09463912202984787 0.9954874584458158 -0.006939498945705704 -2.134816842671063 -0.9894114009199179 0.09328639725481427 -0.11118779313090969 81.29964338778157
-0.11059085601606661 0.018742430296353 0.99368917997333 71.23806424407223 0.09044862923098024 0.9958629712101302 -0.008717110900438805 -2.1465445370696363 -0.989741738048801 0.0889138002737482 -0.11182855441025194 81.21193801023415
-0.1089245272284852 0.02054170780629328 0.9938376568007175 72.37357420776458 0.08956269842777562 0.9959229675100445 -0.010768742080914715 -2.1425432779630555 -0.9900070557417139 0.08783781091528886 -0.1103201981454888 81.04944471455067
-0.10856255437548389 0.02243862687722964 0.9938362452036119 73.51076122941487 0.09054149357459533 0.9958130634384508 -0.012592878386304757 -2.1648157953207563 -0.9899577817910935 0.0886163117557713 -0.11013962562828454 80.93844775856464
-0.10712876582203298 0.021029160757851485 0.9940226377326843 74.64900243881239 0.09607645602481493 0.9953164220261567 -0.010702084517892898 -2.1725634357722576 -0.9895922100194353 0.09435568050135298 -0.10864741626901527 80.7940553280031
-0.10602380960100556 0.021025538115692875 0.9941411775454106 75.79111638032663 0.0986864187830362 0.9950629703133264 -0.010520258091221748 -2.1898033355692346 -0.9894543660752926 0.09699284436580503 -0.10757529120724027 80.65868529605432
-0.1057954035241256 0.020574259455671803 0.9941749517936574 76.94727029624 0.09731795505258702 0.9952006686924604 -0.010239366736110806 -2.2231263963782277 -0.989614343174926 0.0956678048349294 -0.10728989046003254 80.54595865081765
-0.10583031231639001 0.01955446327006849 0.9941918176521375 78.11522562107434 0.09018408864712502 0.9958750313162072 -0.009987598787022003 -2.2440386966379586 -0.9902862087042779 0.088603301107611 -0.10715725632924535 80.43173120533577
-0.10447122722599372 0.02009886278681347 0.994324695795893 79.27452958669174 0.0891287847491205 0.9959619081550446 -0.010767413941282961 -2.262522108029867 -0.9905260331818794 0.08749807551507939 -0.10584073945048136 80.28325128794428
-0.10429411284526575 0.02435907216403866 0.9942480454779318 80.43608585225684 0.09305571623973281 0.9955534161052513 -0.014629740351735789 -2.2765524614908363 -0.9901835040541319 0.09099467723155487 -0.10609710062275915 80.16303942466486
-0.10421871030760785 0.02523069632301134 0.9942342152122757 81.60182276606602 0.09579075636237269 0.995285183140411 -0.015216279413827806 -2.310523159170618 -0.9899305992933715 0.09365263575691485 -0.10614419504633084 80.0491058824151
-0.1023104983876016 0.026783989893473727 0.9943917648783869 82.77538551384666 0.09528497904112565 0.995304779753788 -0.0170049433297734 -2.325411850193402 -0.9901784357825629 0.09301082348121059 -0.10438222954315997 79.87937911952382
-0.1025998868285976 0.0278292185374709 0.9943332439858772 83.9418178599606 0.09156723792740791 0.9956285702410044 -0.0184171381044249 -2.3542511779061193 -0.9904992196670803 0.08915876129382917 -0.10469961283867014 79.76942906913354
-0.10110191154589121 0.025936895748643565 0.9945378238733755 85.10584413486635 0.09009966588323487 0.9957908737287205 -0.016810292587950127 -2.3708154808314417 -0.9907877944794671 0.08790798164853048 -0.1030132561776457 79.61711585020153
-0.10035019692196952 0.024709730158390956 0.9946451977280694 86.28136823758285 0.09061905732957064 0.9957635186718349 -0.015594911690098473 -2.4002845912828232 -0.990816847064286 0.08856886652650149 -0.10216422742755925 79.50541926700426
-0.1000641463662258 0.023510636423135934 0.9947030806794191 87.46258947897726 0.09130275661104433 0.9957197836342776 -0.014349880238014798 -2.411363431995849 -0.9907830101728703 0.08938323363075604 -0.1017824259095342 79.40752126959448
-0.09958480099315269 0.024211800358918185 0.9947343656720348 88.65690577747317 0.0919647263242826 0.9956488686726732 -0.01502728740096919 -2.4139742520569767 -0.9907700825737751 0.08998399321106634 -0.10137811590488965 79.31084561635191
-0.09825991878448567 0.021998568526938947 0.9949175108433819 89.84807414782637 0.09241849475248527 0.9956368543824639 -0.012887047016490261 -2.4306983034733864 -0.9908601365420561 0.090682507564368 -0.09986426105672404 79.18637957210198
-0.09788052831065684 0.02324470236753377 0.9949265741885888 91.06391875266961 0.09089931717678938 0.995757103852536 -0.014321459858994176 -2.4438080227584287 -0.9910382012386864 0.08903636301567136 -0.09957814901306272 79.08667341821665
-0.09945524989850982 0.02457324277698652 0.9947384636778573 92.28599581291749 0.0897047392545981 0.9958457243341112 -0.01563179516469818 -2.488241087512928 -0.9909902688840491 0.08767809911771512 -0.1012464115894828 79.03081623626494
-0.0989751608604953 0.022551255628684545 0.9948342376875472 93.50707873610514 0.08881805230021636 0.9959530916648696 -0.01374018708097186 -2.520433917765424 -0.9911181923051486 0.08699931076026562 -0.10057756600563919 78.94695057213504
-0.09721455735817368 0.024483490317816402 0.9949621553424826 94.7333327335585 0.0904272645202892 0.9957798028354414 -0.0156682492795906 -2.5349802253726614 -0.9911469314228957 0.08844853287008628 -0.0990182579161818 78.83419258499295
-0.09623510645261502 0.024117437552032044 0.995066307074316 95.9612628040189 0.09333532805851777 0.9955201922505676 -0.015101764825214572 -2.564242576158022 -0.9909729162909817 0.09142152934249337 -0.09805499081968277 78.73718029038993
-0.09534345284123363 0.02715290825486166 0.995073940748163 97.1962217717287 0.0926819022443989 0.9955278630713202 -0.0182849327017373 -2.591524740651065 -0.9911204220460103 0.0904820060672703 -0.09743363731286639 78.64285128319585
-0.0949354791506473 0.02912045640406625 0.995057312825871 98.43148109571895 0.09178469431939518 0.9955703310819598 -0.02037855879878361 -2.630452005805519 -0.9912430704358656 0.08939639191924668 -0.09718774888350055 78.54948573372342
-0.09309711911759799 0.0311543136461732 0.9951694012085156 99.66480223342475 0.09315019082714614 0.9953989936843989 -0.022447387419388714 -2.6681163239713586 -0.9912900525884742 0.09061044152483357 -0.09557079939149733 78.4151356243287
-0.09428223368627658 0.031485583967520984 0.9950473960624138 100.91233000516867 0.0928073085023814 0.9954252037216456 -0.022703901926597426 -2.7019654086375597 -0.991210201672511 0.09020710503029984 -0.09677299430480868 78.35585071015926
-0.09485083568534082 0.03413976973150578 0.9949058232559089 102.16180100118795 0.09089042361605815 0.9955344677633589 -0.025496161255750837 -2.727159366951855 -0.9913335714403483 0.08800908826824812 -0.09753024460496292 78.24513335394529
-0.09611558186588902 0.037605939910511976 0.9946594343609666 103.41451251607153 0.08994870839297946 0.9955256465532936 -0.028946791202501397 -2.762816911309498 -0.9912976469159029 0.0866861023353595 -0.09906812260157935 78.13655919716076
-0.09719703056783341 0.03725147212847059 0.9945676785751544 104.66634345334892 0.08924770056067227 0.9955996734989407 -0.028568127099433707 -2.80276297516852 -0.9912555599810869 0.08598614977464142 -0.10009393012395927 78.03508227925224
-0.0977996746763845 0.03710305838431844 0.9945141471623892 105.91494374271961 0.08876764271189516 0.9956469442073019 -0.028415979878095198 -2.869803130897875 -0.9912393904807038 0.08550161138361222 -0.10066748820465535 77.8881882705166
-0.09860700681206103 0.03737606973560735 0.9944242001626148 107.16601640584024 0.0877393027136904 0.9957292277954787 -0.028724893101089 -2.9005112303552036 -0.9912509636650408 0.08441761856947567 -0.10146521890419075 77.74816670237622
-0.09982409883278529 0.040037577163987044 0.9941991470773561 108.41525980706798 0.08373292346558127 0.9959838219814218 -0.03170210798573137 -2.9355813091806895 -0.9914756410624117 0.08008257467214709 -0.10277564059600383 77.58739087021215
-0.1040937112120019 0.04135478279583724 0.9937072424837747 109.66133516242564 0.08424854757475361 0.9959106584467512 -0.0326211952964345 -2.9849081188194146 -0.9909927757141562 0.08032273857427322 -0.10715210615160121 77.47662080142183
-0.10824780101278816 0.046845410758226486 0.993019498239351 110.8893755637152 0.09112443756882051 0.9951514471396938 -0.03701261713625517 -3.0515113673072305 -0.9899387609613298 0.08648181743389578 -0.11199170634110517 77.33202785267952
-0.11479632364534295 0.0462054635676845 0.9923137922601496 112.1269662170119 0.0942942482081973 0.9949141448130936 -0.0354180592940844 -3.0985792458666284 -0.9889036347553565 0.0895036289059255 -0.11856938376377335 77.16735679864847
-0.12388149283805854 0.04563012994572216 0.991247229751865 113.35386102599583 0.08991693472969477 0.9953487141633843 -0.03458152386679468 -3.1542546130402322 -0.9882147138051635 0.08484591006311021 -0.1274081932856084 77.00947531655862
-0.13291522816268805 0.04666276190646769 0.9900282484728561 114.5737243037003 0.08634729827060826 0.9956382890215993 -0.0353347029839514 -3.245731558644639 -0.9873589449657194 0.08078975235390952 -0.13636468014410383 76.77488067235093
-0.14671266659273588 0.04818001867266471 0.9880050020434813 115.80324611711275 0.08780986249371472 0.9955042526958351 -0.03550648715727627 -3.2980201901405968 -0.9852739829661976 0.08154734002536095 -0.1502837493104609 76.62157759688652
-0.16241069806422936 0.04645112114984039 0.9856291717648383 117.03223488480637 0.08773997462823209 0.9956142748236069 -0.03246401670905527 -3.370065528046864 -0.9828145613525057 0.08120658293136812 -0.16577401299743028 76.45796458872537
