0.9999982765528649 0.0010505880328982812 0.0015307376773500282 -0.004601631182416115 -0.0010432982364217598 0.9999880477044119 -0.004755626957217659 0.003586845294627921 -0.0015357148469581636 0.004754020731228335 0.9999874203480846 0.9999829796208002
0.9999832001388946 -0.004293089048426662 -0.0039019312394838602 -0.12261725428093617 0.004257701281334574 0.9999500827700956 -0.009032742097466118 -0.2513288057921612 0.003940514152395689 0.00901597537967177 0.9999514924233115 2.02627230029915
0.9999998637442686 -0.00021212946500686735 0.0004888202128746401 -0.19471784304360032 0.0002145997635620133 0.9999871279820488 -0.005058863923992798 -0.27935193904857064 -0.0004877409929459291 0.005058966802196539 0.9999869977969985 2.881731314187642
0.9999938248419602 -0.003168543767638282 -0.0015107023160037634 -0.18964475397837785 0.0031701669153833593 0.9999943621530987 0.0010733558050384307 -0.29178089490410375 0.0015072923916580902 -0.001078139317816881 0.999998195388584 3.79670567222062
0.999965895159898 -0.004325016369384203 -0.007031650819101127 -0.10232954975831254 0.004337142883014446 0.9999890893933568 0.0017102550108199816 -0.2929943713213821 0.007024176681070173 -0.0017406948878038594 0.9999737336177128 4.827790274130937
0.9999818970399734 -0.005420035491231262 -0.0026014877541837996 -0.1866243248120077 0.005414560369801742 0.9999830989091205 -0.0021069435128391314 -0.29679111601849156 0.00261286312351555 0.002092818222023581 0.9999943073682891 5.679852601532703
0.9999220025030995 -0.012055802809255058 -0.0032564889598497406 -0.20643491244476994 0.012036656901648657 0.9999105318688176 -0.005836123580916591 -0.2624456351596379 0.0033265562605508114 0.005796469611135861 0.9999775935734317 6.609547577705738
0.9999707306634407 -0.006827138448305142 -0.003446603989412213 -0.19392004789453682 0.006803949148257692 0.9999544308041562 -0.006695485097264629 -0.28494764802246303 0.0034921573741066286 0.006671836832441134 0.9999716013657882 7.511286414393324
0.9999548652772698 -0.008560233184153719 -0.004115297313318528 -0.20395493639096363 0.00853374532757033 0.9999430225935229 -0.006411360598480353 -0.2523882767516008 0.0041699449225902985 0.006375950352295194 0.9999709605591028 8.368892201059223
0.9999602746511779 -0.005987791425651967 -0.00659750412262937 -0.17840440027700172 0.00596187139521258 0.9999744418261418 -0.003941390267250892 -0.2615537452237644 0.006620935254433659 0.003901898236297872 0.9999704421134693 9.395675299352135
0.9999330474245373 -0.009055546825560687 -0.007201205535974797 -0.20146798451486614 0.009033068649391513 0.9999542026577872 -0.0031478614789492146 -0.2693705145681786 0.007229381035044945 0.0030825994957556667 0.999969109919651 10.29060657109802
0.9999332686734158 -0.00979841531475351 -0.0061122664779830445 -0.2881747574670306 0.009803201105363254 0.9999516175563838 0.0007535588753377616 -0.26296636938105 0.006104586633549559 -0.0008134308140512287 0.9999810076420144 11.093135690046296
0.9999648891783487 -0.007304035354504662 -0.004090550523733681 -0.32970391024071133 0.007312320890677874 0.9999711840385208 0.002014344958874569 -0.26719337409981125 0.004075719237067752 -0.0020441882648899574 0.9999895539673941 12.088054682077441
0.9999207999733506 -0.011036083581960976 -0.006033521523628048 -0.31022243639650154 0.011049767595800434 0.9999364151507197 0.002239476308956644 -0.2841038578861773 0.006008422088332716 -0.002305970696674001 0.9999792451988003 13.044651562229403
0.9999698510906758 -0.007720294582479966 0.0006699087204343259 -0.4036728690151089 0.007719218606133848 0.9999688848573461 0.0015930651033058563 -0.32239966622576444 -0.0006821880789474907 -0.001587848512850495 0.9999984887462993 14.195900041051953
0.9999046231324803 -0.012148432221286776 -0.006550934157687205 -0.33520819478194375 0.012144988786458786 0.9999260086389635 -0.0005651273960765087 -0.3191172594678419 0.006557315163213324 0.00048551007484545143 0.9999783923674556 15.02184680271979
0.999930541365036 -0.01056488259872142 -0.005201699735035982 -0.4069063252766002 0.010548787242218059 0.9999394689325446 -0.003111894441744913 -0.30509424064141893 0.005234261678553755 0.003056804937298129 0.9999816196170768 15.835694771604793
0.9999815114503503 -0.004594834268366968 -0.003954615959622006 -0.468430870418301 0.004581864318953064 0.9999840889395346 -0.0032823165759323543 -0.3160916115453057 0.003969634407527516 0.003264134669515639 0.999986801472375 16.71107488561287
0.999911482024972 -0.010142327614788052 -0.008600201785659865 -0.4053088583046558 0.010108376641153187 0.9999409237748331 -0.003981988519806148 -0.3085426920595813 0.00864008097496389 0.003894700156289904 0.9999551061430583 17.5519967715581
0.9999535902830896 -0.0077538020418067245 -0.005698808122105893 -0.4947838678680964 0.0077437855080839295 0.9999683828239172 -0.0017775633057719878 -0.31153805579946026 0.005712410724194018 0.0017333484094570195 0.999982221810624 18.390251379157053
0.999784953524785 -0.011328598909042767 -0.017364888462119185 -0.3714780156995577 0.011323170860430498 0.9999357270018794 -0.0004108873399343391 -0.33926623851990073 0.017368429977587987 0.00021417089096992443 0.9998492034575674 19.317777272765092
0.9996878915690806 -0.013631687006408943 -0.020932423565389217 -0.34409373851282904 0.013641594872538118 0.9999068319604634 0.00033058998181272043 -0.31433594409176807 0.020925970122032695 -0.0006160411375728972 0.9997809318438253 20.157126560058348
0.999652634804154 -0.011972446306375714 -0.02347674762491127 -0.36312275973673164 0.012009108259264356 0.9999268157050242 0.0014212413902617634 -0.318180520591223 0.0234580172560338 -0.0017026854193717019 0.9997234851172491 21.179999079404205
0.9997233163750351 -0.005436327387148688 -0.022882041044168855 -0.38030872672685895 0.00546913368858314 0.9999840268535517 0.0013713656453491917 -0.3260263665731627 0.022874223662718855 -0.0014961340424415317 0.9997373428006461 22.03139515881429
0.9997079486476182 -0.004121894247819349 -0.023809616474403498 -0.41829873881597035 0.004178318379723028 0.9999884800852931 0.0023205234850069397 -0.34769341680299864 0.023799781836872834 -0.00241933303173914 0.9997139161077829 22.83719852779505
0.9996211592705823 -0.0014649772937861591 -0.027482456285705958 -0.41007902876533775 0.0014936738180647978 0.9999982396099613 0.001023653265072544 -0.34314974677274773 0.027480914108817325 -0.0010643178931699492 0.9996218804788002 23.60596570154026
0.9995922308565713 -0.0070903812032318304 -0.02765805149791481 -0.4750580979200264 0.007130682774387141 0.9999735613341625 0.0013587661311895466 -0.3142737718392063 0.02764769049109765 -0.0015554356458667787 0.9996166500670862 24.48343473840869
0.9996158013814188 -0.010216322018376314 -0.025764349630165783 -0.5076579939854927 0.01036576367115708 0.9999300948454365 0.005673441157898959 -0.3425159240885952 0.025704590946636557 -0.005938332681494087 0.999652090656865 25.315386835322393
0.999436854212462 -0.00954266701622233 -0.03216931540032126 -0.4592367811649205 0.009682862649898046 0.9999441834133616 0.004205067205886177 -0.3283173374363169 0.03212739795737694 -0.004514193622044484 0.9994737626476932 26.12327268043546
0.9994411472007326 -0.012166204925897425 -0.031133232446263093 -0.48484730456395386 0.012218440943419739 0.9999241794203831 0.0014881210911909313 -0.31636952317357947 0.031112770842838307 -0.0018676918212795304 0.999514307094234 26.967762468266002
0.9995366856641155 -0.00958708693662417 -0.028885455757871725 -0.5831426108808767 0.009588894449909135 0.9999539636946371 -7.593334932161312e-05 -0.30096554545554577 0.028884856287551684 -0.00020108377228770613 0.9995828933928258 27.718927749835434
0.9994419026234959 -0.00799551228377627 -0.03243182692480849 -0.5941104719887365 0.00799322462429567 0.9999679997425975 -0.00020017333269473547 -0.29437256024520625 0.03243239250273984 -5.917559017337584e-05 0.9994740819049361 28.462566520180957
0.9992904795900077 -0.01051089452272506 -0.03616515591080635 -0.5718233716633463 0.010455022294487797 0.9999437985168658 -0.0017336809382779968 -0.28557892741853214 0.036181350328708936 0.0013543413813521736 0.9993444622201328 29.370268726602927
0.9992198935228744 -0.010164455288392965 -0.03816011156811495 -0.6131104927466475 0.010108854861344331 0.999947504687922 -0.001649694308046726 -0.28026338996827455 0.03817488113065796 0.0012626502886689548 0.9992704444475206 30.26724709717448
0.9992669178252973 -0.006716973467801269 -0.03768907065165375 -0.6861509313160186 0.0066470496560152754 0.999975880309618 -0.001980286995885181 -0.2897043285473163 0.03770147009948252 0.0017283121365734753 0.9992877078310779 30.84451323422932
0.9991626634841644 -0.006535124933665875 -0.04038766875987812 -0.7488218650281929 0.006558008593041982 0.9999783161374534 0.0004341346666554601 -0.30754179874252613 0.04038396287457181 -0.0006986366788446115 0.9991841511146599 31.609283840119208
0.9991116137492588 -0.008790811705128194 -0.041213680245277974 -0.7399391483353843 0.008849934678842382 0.9999599534542117 0.0012523103983112236 -0.2869581269287766 0.04120102720731762 -0.0016159393781714213 0.9991497515094259 32.45187468331401
0.9991456888181895 -0.00349820179089024 -0.041176016919477115 -0.78681731275687 0.003584940963861338 0.9999913856574874 0.002032884625798266 -0.3009184302054154 0.041168556496940484 -0.0021787649041596887 0.999150028442439 33.1252669352437
0.9989613961818066 -0.0060900399418379915 -0.04515401461495683 -0.8120371274116642 0.006240019070199415 0.9999753554691028 0.0031812846066890674 -0.3046296460919941 0.045133535441901046 -0.00345974627267801 0.9989751640217416 33.81399079217044
0.9990099154244254 -0.005342920259255932 -0.04416385018149694 -0.9166311442433195 0.005516129488635323 0.9999774181105656 0.003801022554637921 -0.32198954276193964 0.04414255080061172 -0.00404087669479841 0.9990172898908504 34.33874939818534
0.998976411631632 -0.00209487374769899 -0.04518329612611755 -0.974883080767589 0.0022422420474565246 0.9999921860842356 0.00321112050115154 -0.32299424335594173 0.04517622382642889 -0.0033091493463946586 0.9989737514105775 34.96687966777912
0.9990987068571421 -0.0047891062416553845 -0.04217413350577417 -1.0735528386075395 0.00493193692909657 0.9999823131097029 0.0032832859277067065 -0.30175234503212994 0.04215766982100148 -0.0034883307181339403 0.9991050884385881 35.70674172869227
0.9993500672029558 -0.004027297791838846 -0.03581983090672834 -1.2635934299406246 0.0042608954710003834 0.999969994905138 0.006447505485701749 -0.2819873292333888 0.035792793838172375 -0.006595944600195246 0.9993376820517331 36.24970572208229
0.9991747877439442 -0.0013459848855944512 -0.04059267666958057 -1.237912095784371 0.0016463007782150612 0.9999713811769698 0.007365748131115297 -0.2745052068083607 0.04058160525244385 -0.0074265028567997325 0.999148872321171 37.020357598943775
0.9990642747632628 0.001637318552421235 -0.043217028084602684 -1.1742025126242788 -0.0013242900702773392 0.9999725582226515 0.007270795776245948 -0.3088893701329465 0.043227752068894475 -0.0072067657489175135 0.9990394920686545 37.83960881492695
0.9989797068934654 0.0031370269675464264 -0.04505009311452012 -1.127738346304073 -0.0029273978980779124 0.9999844312856112 0.004718448021800454 -0.3018329020201131 0.04506420081023147 -0.004581758528281396 0.9989738197715986 38.545680216007206
0.9987984957263601 0.005124977118780138 -0.048735269532946074 -0.9661716262477704 -0.0049285660980853485 0.9999790936035586 0.004149460065915 -0.3324363911536366 0.04875552627669898 -0.0039042834077780827 0.9988033382265127 39.296353809621614
0.998937244452995 0.005219707189677486 -0.04579215167601684 -1.0171814451082681 -0.004998415362060048 0.9999750986333705 0.004945683825046737 -0.32678135178946444 0.045816834454346846 -0.004711543881550553 0.9989389811718479 39.94568179188981
0.9990931621017746 0.013693932980444487 -0.04031223378522173 -1.0380938438520315 -0.013482602018075187 0.999893746541339 0.005509545683215085 -0.31040435980026265 0.04038340199997711 -0.004961040264589579 0.9991721780370584 40.56347219158104
0.9992440324256804 0.012119054780931914 -0.03693600074813389 -1.069230039737256 -0.011754717436985928 0.9998800811303195 0.01006524807492181 -0.3129313734518553 0.03705355597169731 -0.009623474174306371 0.9992671670645367 41.084903959665425
0.9994600625167372 0.014792114095275168 -0.029335996446992016 -1.167659795763924 -0.014489083582908924 0.9998395469394382 0.010515453775670721 -0.31215102131927325 0.02948683629809817 -0.010084731762660892 0.9995145032442749 41.730576537380934
0.9994715303350886 0.02105394717538435 -0.024763023383699696 -1.2359932586024711 -0.020759564307503763 0.9997112885538352 0.012085564256775224 -0.29609680640994357 0.02501032065091216 -0.0115651162737186 0.9996205144973029 42.22838307882849
0.9994921053280976 0.02611589972255781 -0.018255537032020895 -1.216659995563186 -0.02581475692184431 0.9995297107540065 0.01654135846643148 -0.32704552345649557 0.018678938669448603 -0.016061705928371174 0.9996967239851794 42.85303265760405
0.9994742069802377 0.031220876867978666 -0.008738963751032964 -1.335220295260874 -0.031104429971341746 0.9994293396363864 0.013157897607369082 -0.30522660685034797 0.00914476861593843 -0.01287916774599792 0.9998754538112321 43.375036623283954
0.999464101869475 0.032662711303786895 -0.002124477387271516 -1.3716111213667435 -0.03263502528076849 0.9993954230653413 0.01197131565439245 -0.2952324927643002 0.0025141965956228403 -0.011895575795569798 0.9999262866115273 43.88860216819291
0.9992841614673434 0.03729539804361676 0.006334435602428255 -1.3842337076972437 -0.03736235670991889 0.999243196446215 0.010803456431055321 -0.274923676728502 -0.005926738075149412 -0.011032400200536663 0.9999217597117106 44.443722484499304
0.9990190300301675 0.038795182365774485 0.02134955837262631 -1.6175016039394188 -0.03902339112762016 0.9991842210301289 0.010378329984533812 -0.252059802651027 -0.020929534265460507 -0.011201289374378162 0.9997183924344735 45.09391157120993
0.9984835186242521 0.04906909836117793 0.02495476409279652 -1.4708146937206914 -0.049367776972579304 0.9987143432800479 0.011496783138765307 -0.267886566766108 -0.024358566622949888 -0.012711319343832713 0.9996226355868157 45.43018490637329
0.9980577421489246 0.049231843072813156 0.03816895922589576 -1.643612492786397 -0.049556404415714635 0.9987422152019262 0.007603815500010393 -0.2535698904711796 -0.037746629712381095 -0.009480571196096074 0.9992425411166597 46.06635715987199
0.9976290190411008 0.046644380401411445 0.05060212741999006 -1.8841093883369482 -0.04711401809204917 0.9988562771735832 0.008127595058877283 -0.24288754253961378 -0.05016518120073119 -0.010492402504909862 0.9986859700574883 46.57052912726238
0.996448591294618 0.04784521570260798 0.06928948021188425 -2.1914918090885207 -0.048584218695525774 0.9987782078600103 0.009018827270670195 -0.23359322460991452 -0.06877335784865447 -0.012353181846557202 0.9975559661929932 46.97153890086016
0.9964877199405388 0.04612001960346762 0.06989428326856752 -1.9287941290192907 -0.04691135951281397 0.9988515889880428 0.009722251394044059 -0.2541475699185719 -0.06936566846138796 -0.012966948620825078 0.9975071791407488 47.29533373815667
0.996773790359133 0.05417084743048598 0.05922519449935791 -1.3176153304475986 -0.05481771199221411 0.9984524587876503 0.009351306611280377 -0.28756407015916596 -0.05862701257993633 -0.01256773564050576 0.9982010034265388 47.49046981066517
0.9962751234843197 0.05129893940949151 0.06931409550698801 -1.2535826561080932 -0.052146839496782324 0.9985843195338775 0.01047793765633854 -0.30575178935811376 -0.06867850507757212 -0.014053428008488987 0.9975400244769548 47.70890580878113
0.9932330466672841 0.06336049848034617 0.09733284793747576 -1.9527013341941521 -0.06440719242392787 0.9978942474624994 0.007646550975545291 -0.23490922927953198 -0.0966434506132235 -0.013863751291567663 0.9952226632847747 48.31405591241594
0.9929229276521362 0.06285689923710158 0.10076299762584044 -1.606769471917475 -0.06397949044423652 0.9979194286676277 0.00794506176558948 -0.2576375156943877 -0.10005399968021363 -0.014335607745358008 0.9948789116277639 48.51179130865278
0.9925711655387011 0.05642406657290012 0.10779120798597681 -1.5129749853815766 -0.057232235521686055 0.9983509522067653 0.004416212674998882 -0.2710909863222272 -0.10736432771243551 -0.010552543949580476 0.9941639299973735 48.69566784801044
0.9933289198979031 0.05622650299572392 0.10067983326192745 -0.8082888029622614 -0.05661100423390046 0.9983956527817608 0.0009637369117724381 -0.32079500179720594 -0.10046417661180736 -0.006656899504442049 0.9949185943053078 48.674551471950345
0.9907930160031355 0.05922667451115156 0.12174379746678991 -1.0424691322875348 -0.05909103138775484 0.9982412084866488 -0.004727522488402777 -0.29542711968556806 -0.12180973261063763 -0.002509974737006664 0.9925504659559071 49.04310501543558
0.9859507940116983 0.06296149913506864 0.15471590956071135 -1.4569463146272328 -0.06295443660187325 0.9980039176593751 -0.0049501478741603945 -0.27373536816681276 -0.15471882469718934 -0.004859455963021327 0.9879467621181995 49.77749943423273
0.9838830846254031 0.06233340023668064 0.1675971387997142 -1.4300956084166574 -0.06213846561092829 0.9980467372443691 -0.006412307126665554 -0.26081203736782305 -0.16766955576681114 -0.004105273448614687 0.985834889556209 49.84957707401593
0.9821388937249559 0.06582033526274983 0.17626975143599427 -1.1383837506258894 -0.06567824851715212 0.9978185076717602 -0.0066466760259827895 -0.28974363704305967 -0.17632278893465467 -0.005049134967482051 0.9843196144662616 50.020429496719785
0.9791186103505221 0.060812947503889554 0.1939812036574522 -0.9882189040666788 -0.060623221902944766 0.998136539541721 -0.006919855990264059 -0.3133896359734942 -0.19404063595453128 -0.00498441114377595 0.9809809708514028 50.21742548248598
0.9752903039771499 0.061987636437674035 0.21205305980427977 -0.7471324923304242 -0.06135821818504726 0.9980698644612211 -0.009553927027776563 -0.3332391067476892 -0.21223609150492118 -0.0036933505011853005 0.9772115850751357 50.283468702609625
0.9703227997460148 0.06179537813782239 0.2337844775304333 -0.9060883525795418 -0.06068851171810593 0.998085218093438 -0.0119324906161644 -0.3067432466189962 -0.23407430420072492 -0.002609668910161388 0.9722153773254144 50.766628158782275
0.965517271097225 0.07359352453858435 0.24972102779137348 -0.7528758172640746 -0.07296302937296222 0.9972646973163821 -0.01179389749918238 -0.35242640088266497 -0.24990602954608784 -0.006833197233170369 0.9682461429242402 50.86310176627799
0.9599612732232979 0.06954972342880365 0.27136213371840595 -0.5171661932404714 -0.0677953539539236 0.9975731636389342 -0.015846180332480773 -0.3247160457557028 -0.27180579791756565 -0.003185377390936819 0.962347033433233 50.92710381992602
0.9506620460610793 0.07065406796308461 0.3020759832946593 -0.5066410518599693 -0.06866137779050549 0.9974910842903439 -0.017224366499823462 -0.3230558477240096 -0.30253519591116923 -0.004366406985082018 0.9531284043164313 51.466868666876046
0.9435717905236284 0.07691744897083855 0.3221120465938625 -0.3825880448063105 -0.07499371483247323 0.9970140291766305 -0.01839687015191869 -0.3164423086954977 -0.3225653993446574 -0.006797617429886595 0.9465229668737228 51.59963582880477
0.9338067839222607 0.07625311973284529 0.3495576891442627 -0.19910718325596263 -0.07416610115998606 0.9970574325114793 -0.01937296347495 -0.33180145477187123 -0.35000649574861525 -0.007834732444253385 0.9367146989696469 51.8493714756666
0.9207981019321256 0.07739630971235109 0.3822837724781851 -0.31077782478078914 -0.0750366983098683 0.9969571767933872 -0.02110263128796544 -0.3412608116533259 -0.38275397188839866 -0.009254055833258881 0.9238041819327075 52.06125644120731
0.909638241470552 0.07659098825703611 0.4082796513573627 0.019922359343762575 -0.07355137790109931 0.9970220873218574 -0.023164987491889947 -0.3660776914224644 -0.4088382234770653 -0.008957779354267108 0.9125631075557237 52.33814400205229
0.8958306139845095 0.07090730346254784 0.43870246799021484 0.21469931496684735 -0.06662569788484923 0.9974602683871162 -0.025169473051357492 -0.386616905996224 -0.4393731510645242 -0.006681279579748159 0.8982800030291058 52.462246596075545
0.877572554660126 0.07158766709633137 0.4740694065467805 0.3871899267069131 -0.06455090670487416 0.9974286034673883 -0.03112522791571176 -0.38229434060657025 -0.4750787782698318 -0.003286969179659608 0.8799373171102406 52.714941838591606
0.8577756789850086 0.068808934967447 0.5093980462327503 0.4609444546553494 -0.06052086668987001 0.9976260625115204 -0.032847178930447044 -0.38393532146732234 -0.5104491304333518 -0.0026537048097422405 0.8599040640339988 52.970288166098406
0.8366683191523578 0.0758744535688268 0.5424291188794725 0.6964907302389014 -0.06448879000049772 0.997115967807249 -0.04000510120607 -0.3845839133025326 -0.5439003026128967 -0.0015096009882175762 0.8391486928852965 53.16740072628976
0.80646365885576 0.07603646190285795 0.5863744447157608 0.6684158164943126 -0.06358369932651703 0.99709848004814 -0.04184686383121239 -0.4223149608584472 -0.5878551795565491 -0.0035358863838630874 0.8089586790336205 53.53120008545737
0.7858561003267072 0.08099975550998713 0.6130818935981956 1.1282947976659363 -0.06677207106196961 0.9967026638244361 -0.046094121709599534 -0.39363175041516213 -0.6147942467722537 -0.004713406357397749 0.7886736714823238 53.551863656345574
0.7507048907626439 0.08300980148675836 0.6554019136930529 1.2852960668021676 -0.06917956811093039 0.9964974367151733 -0.04697217340121146 -0.44575481259679023 -0.6570057833877815 -0.0100781886866519 0.7538183622911472 53.98552748720457
0.7222704535760119 0.0862755696121198 0.686208459240298 1.7508300815458064 -0.07081642323589667 0.996199112969632 -0.05071210042787495 -0.4861806742559307 -0.6879757525771896 -0.011966985306683664 0.7256352105601642 54.13268955617396
0.6839574501999109 0.08521539936176299 0.7245278926583628 1.8128212021365844 -0.06918714511134298 0.9962544277033494 -0.05186161993301314 -0.4971688608636122 -0.7262338240662078 -0.014656884871204945 0.6872917175953065 54.32839694005075
0.6451498515130126 0.08413604698589408 0.7594095910522419 2.324498747753511 -0.06621630124350888 0.9963355385572313 -0.05413196274475607 -0.5275167462840734 -0.7611815066682092 -0.01536207646390063 0.6483571700519866 54.629254221662926
0.5964755446680592 0.08294469982537787 0.7983340310200122 2.3789410598497533 -0.06353393722191224 0.9964039008582135 -0.0560542512464541 -0.5389494517691019 -0.8001128398137207 -0.01728632497614045 0.5996006259677684 54.86788997029269
0.5515674055666849 0.08474298650984834 0.8298145256360988 2.833056888074065 -0.06557768876000718 0.9961518451434402 -0.058141191030330636 -0.5866486183288309 -0.8315486844915028 -0.022348544952776973 0.5550023748047224 55.02776845033178
0.5064650578234489 0.08557750852392311 0.8580033676142996 3.3848180922727833 -0.06297744673844968 0.9960760699937167 -0.06217442957662625 -0.6319038775796355 -0.8599577155011755 -0.022545697354214238 0.509867383826688 55.246719148764484
0.45225557728727933 0.08122321323313204 0.8881823280013905 3.6381323323820243 -0.057729586925197314 0.9964218390062051 -0.06172617576015969 -0.6542759564307798 -0.8900182206108501 -0.023358403519089355 0.4553265381302065 55.45304815161294
0.39640544662387245 0.07914508518090876 0.9146578152442513 3.958076212981197 -0.05610533232746561 0.9965031263063472 -0.06191157324295161 -0.6762109275792235 -0.9163597260159279 -0.026775110133337502 0.3994599217276386 55.71606382660404
0.354718686113939 0.07687632456980327 0.9318073137783317 4.377617074316805 -0.05448811836274556 0.996619541021349 -0.06148109147822775 -0.6919509449361758 -0.933384120699143 -0.028963950788298484 0.35770860529354886 55.69564051066763
0.30331606431665004 0.0764809658267649 0.9498158862577065 4.84045597660274 -0.05280095520176929 0.996591004839865 -0.0633858697504521 -0.7177089749504719 -0.9514261208778925 -0.03092524878390326 0.3063205029925932 55.86834121278359
0.25830380009216636 0.07642843863104307 0.9630358544164754 5.404754908662591 -0.044390352241826615 0.9967513661910575 -0.06719790982958454 -0.7917198456329202 -0.9650434717966475 -0.025392038120871832 0.26085751061446505 55.940281585732365
0.21836984678597468 0.07084307768359356 0.973291379746285 5.7978762340129855 -0.03415980968714955 0.9973048262806059 -0.06492682508562643 -0.8043344150499318 -0.9752681874189605 -0.01906939685936818 0.2202014369121648 55.874741375108286
0.166451480352418 0.06873095863297855 0.9836514457119572 6.301090655428542 -0.02213479925406096 0.9975764551969957 -0.06595839040772801 -0.8597294939725952 -0.9858013606619878 -0.010794061500020704 0.1675695499832393 56.123478377793305
0.13373184306545655 0.07138403766406042 0.9884433931297955 6.946536029096705 -0.02690346405106994 0.9972959194619077 -0.06838349186720531 -0.8973762498877722 -0.9906524848815985 -0.01744750954844718 0.13529081364460657 56.04750590181072
0.10152932775706464 0.07186941183057087 0.9922332320593249 7.434810754257116 -0.015022081661740683 0.9973837262959779 -0.07070540429618781 -0.9246651340324589 -0.9947192961519629 -0.007726740437112425 0.10234342867603656 56.092448487249456
0.07083382487132428 0.07189931688654222 0.9948935710194715 7.944043931966011 -0.007300997938129853 0.9974090691376223 -0.07156134721996074 -0.9206776959692078 -0.9974615873885347 -0.0021947533216331557 0.07117532190154435 56.10981756869428
0.046720333048455805 0.0703131149815158 0.9964303565522487 8.52972062545958 0.0014319460368695342 0.9975134062133486 -0.0704567326771407 -0.9597933231486733 -0.9989071566721187 0.004718598541320451 0.046503548826686635 56.08013460483028
0.02686425867646116 0.0697790966206828 0.9972007618691215 9.140329055819885 0.007772288534224356 0.9975155599850811 -0.07001055971138341 -1.0108538482578744 -0.9996090308572156 0.009631318170063633 0.02625524028667474 56.08734159620934
0.008842482342646051 0.07106716035283164 0.9974324103733984 9.801503562131513 0.01087400939007631 0.997405082266911 -0.0711616681315882 -1.0438297530587468 -0.9999019299212635 0.011475340366620398 0.008046810567967485 56.136762910155824
-0.006159350310570959 0.07010859475350689 0.9975204488916594 10.315824070658714 0.012124466772508424 0.9974707441052147 -0.07003029462438122 -1.0872697362968213 -0.9999076788104608 0.011663067344110146 -0.0069937500821072906 56.13496759406077
-0.015998933179378175 0.0719522703313602 0.9972798629098727 10.80883714441949 0.014749058542647216 0.9973154352898759 -0.0717182836866574 -1.1152952905517708 -0.9997633827278084 0.013561528749897163 -0.017017165142339735 56.10733284434567
-0.024336933915049756 0.07520907381486833 0.9968708643562172 11.295022379344749 0.017910631314517804 0.9970384148781769 -0.07478451643994483 -1.1187622827014696 -0.9995435454694012 0.016034567426624423 -0.02561185736967852 56.09181200200251
-0.031144860834800864 0.07550819987279783 0.9966587997540338 11.94686927811462 0.019506506883998506 0.996997992856175 -0.07492439265568775 -1.1816868418671158 -0.9993246811784654 0.01710782969773266 -0.03252422672695637 56.05282877059131
-0.03304748648334666 0.07528512392035505 0.9966144124985474 12.612366123748972 0.0226683244264392 0.9969584673364548 -0.07455949946178744 -1.2348712102771675 -0.9991968669500987 0.020127583171817523 -0.03465352157032735 55.98182080595989
-0.037288491294569195 0.07197605275010095 0.9967092486179177 13.335040354541928 0.020716374399944334 0.9972436385771344 -0.07123967588058888 -1.2856021331537955 -0.9990899665874076 0.017991788604995482 -0.03867675913975427 55.94713371218122
-0.0388464749706316 0.06609544085058576 0.9970569826056682 14.132477647512708 0.020710942341825512 0.9976484457913248 -0.06532779467816793 -1.3426234738947114 -0.9990307383463399 0.018112240940382242 -0.04012399009645268 55.87610061934322
-0.04088293950085274 0.060836014027527835 0.9973103102575607 14.829293318187634 0.018100953507749176 0.998025526638648 -0.060137690549638564 -1.388135494367533 -0.9990001710989647 0.01559366679679089 -0.04190337307246396 55.899828661614634
-0.04289918217803136 0.057082363000822305 0.9974475217549216 15.462381228913074 0.022544998484048402 0.9981671219152572 -0.05615397164635805 -1.4405318517136623 -0.9988252038884416 0.020078500127404822 -0.04410744182683186 55.83290911768859
-0.040431227108546665 0.06059542618472008 0.9973433829260788 16.17873639831091 0.02369407820303675 0.9979364197807271 -0.059670990897506736 -1.4747957201226973 -0.998901565213712 0.021218567620724136 -0.04178351277887965 55.757866315744884
-0.036973308503968086 0.06629484053083497 0.9971149740900422 16.84996601705512 0.025244371912319014 0.9975401408373834 -0.06538710855979651 -1.5369775457417685 -0.9989975333660263 0.022753971704824263 -0.03855589712999645 55.72163960651649
-0.030673949348301355 0.0727187877602848 0.9968808161993216 17.628896546478764 0.02639622076732962 0.9970606447279718 -0.07191975885017302 -1.5682871873096549 -0.9991810434197025 0.024107832875227147 -0.032503249663327564 55.65149862741369
-0.028449643760410977 0.07338030944082305 0.9968982820704866 18.382773801334114 0.029619292229599293 0.9969253963685141 -0.07253708273304826 -1.6004724285254073 -0.9991564854378222 0.027463780374142793 -0.03053560469077269 55.62167523560019
-0.028056918506557168 0.06886946660750802 0.9972311786273348 19.109598336797916 0.02825238689360808 0.9972794720190135 -0.06807798377351731 -1.6619947342756416 -0.9992071745972573 0.026264114829396036 -0.029926274956512 55.60915433632464
-0.026403254031883667 0.06384290466393708 0.9976107387276025 19.771143245459267 0.025231724077292624 0.9976827455256921 -0.06317977446969561 -1.7082006168350605 -0.9993330515900344 0.023503298537831493 -0.027952896324334658 55.61253036312688
-0.025054244128740143 0.06311237196183776 0.9976919925614457 20.49717131262599 0.025267341504921607 0.997725888204793 -0.062480054700924104 -1.757051837614157 -0.9993668995847966 0.02364364459387953 -0.026591907620690042 55.61806423662198
-0.0207356851429515 0.06921526606371503 0.9973862968327354 21.136992895595807 0.028494108577000438 0.9972359441274887 -0.0686124943917319 -1.7786428914258015 -0.9993790298234648 0.026996919884034215 -0.022650553619564927 55.56041011641238
-0.016606049057923174 0.07431492086485222 0.997096605859284 21.834268556809494 0.02782496016784386 0.9968817460455742 -0.073835550683471 -1.8249372348082504 -0.9994750249656047 0.026518071026243418 -0.018622030092301185 55.55328746837255
-0.013870335313830882 0.07492293364556799 0.9970928867090737 22.646053857824672 0.028669996752239336 0.9968081650156291 -0.07450276392887287 -1.8964640471844338 -0.999492837709181 0.027553287938219057 -0.015974054992678764 55.557561285946065
-0.006842761211684403 0.0705032278599705 0.9974880971046647 23.423524643133206 0.025207528518091715 0.9972061994971871 -0.07031042200637384 -1.9434182045703383 -0.9996589690375964 0.0246631073734083 -0.00860080263210624 55.47923714960928
-0.005354465759352112 0.06642388218581176 0.9977771209037508 24.07148084321999 0.027912196007942466 0.9974121898652362 -0.06624983726231279 -1.992458801882158 -0.9995961851664747 0.027495435685740567 -0.007194591361037653 55.52050610854725
-0.0017330274063229515 0.06828090832770693 0.997664602486846 24.80758626689335 0.030573642434053132 0.997202972451341 -0.06819623709447663 -2.0386397083694945 -0.9995311894998465 0.03038407448792731 -0.003815719377336277 55.54501407311588
0.0031548229428318576 0.06877837893568906 0.9976269575213441 25.60610294071799 0.035068725898633156 0.9970103135873244 -0.0688467971594197 -2.1160400577137244 -0.9993801042150446 0.03520272781531141 0.0007334803502640771 55.498268937020235
0.005554707646050578 0.07198037303212415 0.9973905870102826 26.41416303984718 0.031479529250992545 0.9968986994861976 -0.07212022374399807 -2.144339675040139 -0.9994891708234219 0.03179801226560931 0.0032716335735008687 55.50317486515016
0.00818340127144839 0.07167182281220053 0.9973946851383113 27.1605563405857 0.028119003964865046 0.9970168197819427 -0.07187541077363208 -2.2170687588747153 -0.9995712793280163 0.02863394891952839 0.006143711058348238 55.55317062476307
0.012179174961109923 0.06832414824316671 0.9975888396191005 27.797635287832772 0.031098150776420842 0.9971540119654408 -0.06867406217815428 -2.268808949548912 -0.999442296653656 0.0318595826952142 0.010019823132060382 55.54654833290099
0.015673922159095577 0.06860277221455725 0.9975209489902663 28.549924075623196 0.038612932420627036 0.9968574427910352 -0.06916389223051764 -2.314880663914749 -0.9991314719926983 0.039601302683955654 0.012975777863362632 55.528022597876124
0.015623635087079691 0.06942529027452941 0.9974648070184828 29.31552221948277 0.03818305762395489 0.9968171720265031 -0.06997831479027032 -2.358897969316129 -0.9991487547364937 0.03917959829152873 0.012923103855782478 55.59018282378964
0.015995242642438286 0.06875455844557236 0.9975053604099838 30.13838481528311 0.03849251564816785 0.9968507813781018 -0.06932670484563502 -2.428861826210968 -0.9991309984611018 0.039505414584399566 0.01329840046675541 55.66064182207822
0.019310031894769156 0.06726545369897122 0.9975482553940787 30.955177862534175 0.04113547114775953 0.9968356935060305 -0.06801371293554562 -2.479901543547233 -0.9989671005413653 0.04234799198173456 0.016482000785170287 55.66547779637174
0.020543916883698655 0.06615116001727923 0.99759810029052 31.490824416095155 0.041426972645401905 0.9968950828651498 -0.06695769337941095 -2.5418332904560357 -0.9989304703403804 0.04270306851679932 0.017739755437734973 55.745422223366596
0.023730654787829777 0.06606183967141535 0.997533286294336 32.234697822520495 0.04348637800003595 0.9968013228030532 -0.0670479025916902 -2.5945902125691576 -0.9987723057036444 0.044970228717962836 0.020782026963197614 55.77727122408459
0.030509318817320025 0.0673209298303605 0.9972647824059384 32.991196511048834 0.042996877620949836 0.9967170108097638 -0.06859937831119806 -2.6304690641237447 -0.9986094031190677 0.044972222404357894 0.02751463936121334 55.69228326898207
0.028206536548323884 0.06607161214583757 0.9974161213296513 33.66324628692701 0.040580552053255954 0.9969145834153158 -0.0671860131661036 -2.6600032197786723 -0.9987781860333429 0.04237081163700312 0.02543835654363698 55.83733900790992
0.03261788511189391 0.06689558600401814 0.9972266787122868 34.36290743351962 0.03849128443500156 0.996933026543303 -0.06813490767747976 -2.687016133027178 -0.9987265565690001 0.04060698133956182 0.02994302428664409 55.85965802314677
0.037309174128023065 0.06568775818578394 0.9971424731608218 35.18814947568383 0.03922249130639173 0.9969717377963152 -0.06714408742566688 -2.740103420636319 -0.9985338805438275 0.041615530851135105 0.0346198303183931 55.83330538963009
0.0445666246774151 0.0647756877724825 0.9969041268796066 35.971965058784306 0.03861542124205342 0.9970379027096192 -0.06651070241640446 -2.8054217207822236 -0.99825993604051 0.041460061416651574 0.041933352033438225 55.78767011025275
0.043804091257607744 0.06648479393221655 0.9968254123807812 36.79522592611309 0.036456558519665415 0.997011928278863 -0.06809928786950932 -2.87535928623741 -0.9983748624950821 0.03932388038689093 0.04124947357488612 55.895512748305144
0.04690657828399396 0.07260503778482261 0.9962571257585546 37.677246673597594 0.03217479092063442 0.9967273300509374 -0.07415420599136886 -2.8912733069568675 -0.9983810622974424 0.035532713550652004 0.04441709791668667 55.883928989072245
0.046736428870960516 0.07381736598283094 0.9961760566021622 38.394546154054105 0.031084345023182386 0.9966750420050837 -0.0753127183997012 -2.9670891450081958 -0.998423601165847 0.034485353896390035 0.044286550737308576 56.02563666706226
0.05330757626086862 0.07640191471218394 0.9956510880104038 39.21407266398549 0.018354850382296128 0.9968250557122977 -0.07747475239825034 -3.023599259277164 -0.9984095157283271 0.022405041755144996 0.05173606811754945 56.01825903847503
0.054892616997837824 0.07675815297119308 0.9955375629679264 39.94398741951697 0.016214742902514807 0.9968405497214652 -0.07775269872070488 -3.072591918205455 -0.9983606483326368 0.02041045876268232 0.05347466007451058 56.17683919666235
0.05809812154731854 0.07607773179800333 0.9954079015261722 40.61747801557251 0.020338674252174872 0.9967946602622714 -0.07737083551893942 -3.1354637509966703 -0.998103750357792 0.024740401731231095 0.056364664879140186 56.242624041223124
0.06059913116620647 0.07641476162136569 0.9952329723363884 41.4068422032812 0.023009946613873303 0.9966931546473868 -0.07792796814839872 -3.2050971320894157 -0.9978969885970903 0.027622649512095688 0.05864053088802701 56.29756649983157
0.07047026738201544 0.07771590385142264 0.9944819607092353 42.4362713271517 0.01980020145818176 0.9966547773500635 -0.07928880312759864 -3.2829727203810575 -0.9973173813779612 0.025278471238798915 0.06869583397274112 56.27610654791825
0.07195003540324568 0.07606498544588175 0.9945036713646315 43.17297248024325 0.01330164962532586 0.9969256849692627 -0.0772126113865228 -3.34731256335743 -0.9973195477050028 0.01878401362192366 0.07071714690051596 56.336675484802825
0.07392523177004513 0.07769528462920634 0.9942327637310232 43.845769331133404 0.0137028060450802 0.9967870492107637 -0.07891378565062478 -3.393512111219867 -0.9971696677507723 0.019457522549446722 0.07262316802756731 56.44613187328451
0.07766415041697103 0.08062263518980829 0.9937145338224046 44.74215334722413 0.010384177050876528 0.996605198550196 -0.08166878055258048 -3.4441294460641427 -0.9969255336934562 0.01666166760708109 0.07656339531804876 56.58607098208302
0.0851296323396649 0.08770082727460822 0.9925027864111475 45.36992394316594 0.008258950856182263 0.9960221204004275 -0.08872023438573304 -3.506865869549573 -0.9963357090446119 0.015749776815970354 0.08406677640055353 56.59416397003459
0.09121871352477837 0.09174087253926647 0.9915962150935171 45.95298280144083 0.0049060483573479495 0.9956937336088819 -0.09257132366816065 -3.5200074118509055 -0.9958188261836887 0.013309080300155447 0.09037591770611854 56.720903421029114
0.09797164593529795 0.09651974003926697 0.9904977758366419 47.015634414983 0.0019742354725778137 0.9952646880839061 -0.09717957045587095 -3.609944704742779 -0.995187276021986 0.011476342781128492 0.09731726977948069 56.84035211389454
0.10261937972548206 0.09229368884798868 0.99042995467686 47.75443647666769 -0.003911713909550813 0.9957158077348558 -0.09238100307158553 -3.6941955638898825 -0.9947130148424168 0.0056058261407111966 0.1025408728745008 56.991050723999514
0.10765532797908144 0.09119899762593678 0.9899966893122623 48.55885247630983 0.0014978836065590436 0.9957674914227941 -0.09189353482264204 -3.756547268368493 -0.9941871312460496 0.011375752848407514 0.10706317977621309 57.15960628699683
0.11671077358113159 0.08671402840073146 0.9893733804086489 49.35734926516839 0.004468821223905309 0.996124970317554 -0.08783298343617743 -3.841228598141767 -0.9931558637072454 0.014672411974755889 0.1158711189471229 57.19947011430278
0.12776100317491584 0.08228461485310813 0.9883859202302027 50.447747274347094 0.0026928941678679976 0.9965198017542509 -0.08330990974908462 -3.905385808841827 -0.9918013092228596 0.013305399451576138 0.1270948968021173 57.27570854790597
0.1356239176462111 0.07667341582183186 0.9877893059634264 51.35030467207129 -0.004175740188864048 0.9970361367895044 -0.07681788564088214 -3.9872023052152983 -0.9907515502547364 0.006293613611622401 0.13554223250846 57.37849802399931
0.1424559756848329 0.07413773660807424 0.9870208872474573 52.0887099362683 -0.0053504062550500855 0.9972337677226224 -0.07413268184971387 -4.044050562935014 -0.9897866328465292 0.005279703096601491 0.14245869300175953 57.483711932403274
0.1511200888475294 0.07139907150664504 0.9859336796207727 52.725752990237254 -0.0011977372530387175 0.9974003037102243 -0.0720459258066463 -4.122058824357436 -0.9885146362984432 0.009706719219893193 0.15081286022557627 57.57614404766518
