0.9999899678408926 -0.0025079281538607145 -0.003711401886331844 -0.0007744853159546878 0.0025041550056302707 0.9999962434742001 -0.0010209048441464654 -0.03312365381339615 0.003713950090991413 0.0010115996607375961 0.9999924915964856 0.9994509611434401
0.9999891655113387 0.00014791238831841176 -0.004652630188197387 -0.06764060286843773 -0.00015869808886561713 0.9999972012403626 -0.0023178289827929526 -0.041909740407194626 0.004652276308801098 0.00231854121756682 0.9999863902579615 1.960409388786265
0.9999787899196707 0.00010466739804580533 -0.006512198808077797 -0.15048689206820526 -0.00013117806673637215 0.999991606585456 -0.00407057235828727 -0.02693686116723169 0.006511720441327221 0.004071339261855298 0.9999704104159132 2.920475748870784
0.9999437412559122 0.000689820473961015 -0.010584820530501877 -0.18897796320862414 -0.0007309251515806841 0.9999921058692602 -0.003879942797840068 -0.043322361619282185 0.010582063671715849 0.0038874602103173635 0.9999363517835685 3.880438641874726
0.9998884970749873 -0.0007821732957591353 -0.01491246279950197 -0.21061472983964696 0.0007225751041784132 0.9999916329673917 -0.004001485740319057 -0.05648607002119199 0.014915471911465519 0.003990263168705879 0.9998806961658644 4.838768257312033
0.9998141767160617 -0.0005351200583755924 -0.01926980980090354 -0.25048043737561176 0.00043646096770995807 0.9999866784953527 -0.005123704107179063 -0.07429252732524137 0.019272299795492564 0.005114340462427209 0.9998010912608915 5.770495253596451
0.9997111807016246 0.00192903334027811 -0.02395482923143403 -0.2846145762118303 -0.0020703957572227824 0.9999804823689712 -0.0058777850298681955 -0.08398745318597384 0.023943029080974565 0.0059256823659343694 0.9996956625891932 6.707363448594598
0.9996332983646968 0.0001596543557234258 -0.0270784620592596 -0.33631831279825297 -0.0002769657639971372 0.9999904933536704 -0.004328568038249178 -0.10217990833220057 0.0270775200209077 0.004334479528142024 0.9996238394472463 7.635723334564858
0.9995165092118299 -0.0010669836601431449 -0.031074251416810483 -0.39047045946910247 0.0010287718455195892 0.9999985949944035 -0.0012456483069368896 -0.12337139382051261 0.031075544106084572 0.00121307670706758 0.999516202599633 8.563376594331563
0.9994018524266364 -0.0011061116475908532 -0.0345646289196574 -0.4244387451533794 0.0011454545967872307 0.9999986184793668 0.0011184678334237043 -0.1291060112013449 0.03456335197829856 -0.0011573920642503276 0.9994017387704318 9.493238608225864
0.99931118016427 0.0006618306298604671 -0.037104269637248756 -0.458843390917081 -0.0006432846618848229 0.9999995621324688 0.0005117804576679348 -0.13231155475987422 0.03710460057107421 -0.00048756035298844593 0.9993111683832316 10.415755043621544
0.999230136410163 0.0011399182467205472 -0.03921523537355649 -0.5000910312874742 -0.001125601104061301 0.9999991915569739 0.00038717935154879656 -0.136850295391003 0.039215653913751675 -0.00034274159211806734 0.9992306117242189 11.365596018800675
0.9990998046098734 -0.004689452423436587 -0.042161463675632956 -0.5401383320530608 0.004651863049186985 0.9999885903421021 -0.0009896255507367221 -0.11267286426422413 0.042165632909819964 0.0007926043103651105 0.9991102199567412 12.24852051456159
0.9989959341913823 -0.006877152414804132 -0.04426994187936843 -0.6199181560178787 0.00685924399803655 0.9999762202995134 -0.0005564286234096437 -0.09251988568078875 0.04427272569950821 0.00025221056960787454 0.9990193504798566 13.15492561107246
0.9988380346714747 -0.009422904562547003 -0.047262974998463894 -0.6338027018188164 0.009375033126427687 0.9999551914345451 -0.0012344594821765821 -0.08552746642737445 0.04727249990750345 0.000789932096124234 0.9988816182631911 14.063374002582831
0.998733121837535 -0.007634612317777081 -0.049737947621784684 -0.6700280657233727 0.007479353106541725 0.9999664611992919 -0.0033069269836121305 -0.09554041501600534 0.04976153757431241 0.002930728805522611 0.998756727536945 14.96700509200655
0.9987056698466643 -0.006823262604383816 -0.05040265355020628 -0.7351205449041752 0.006547202815643033 0.9999625606126508 -0.005640170516719751 -0.10887114448344093 0.05043926200309742 0.005302872847056442 0.9987129522498696 15.865520327129577
0.9986446070295097 -0.004120135597934826 -0.05188422386124374 -0.8058328725017082 0.0037297088877322154 0.9999639153322569 -0.007619535449662567 -0.1236142147212913 0.0519137565823376 0.007415693901906288 0.9986239382239231 16.759683104605365
0.9986212285317108 -0.004144375682678679 -0.052330348918300254 -0.875335571580183 0.0038000944022940474 0.9999703894836396 -0.006676784562474479 -0.14289863597782182 0.05235648200892678 0.006468717504179663 0.9986074079086361 17.648709684102354
0.9985411799683286 -0.00549608843761139 -0.05371502794562144 -0.9356641850310257 0.0052001882659301136 0.9999704347299024 -0.0056469213834461655 -0.1568997534038613 0.053744487619271024 0.0053593542507043915 0.9985402385741399 18.53876497060404
0.9984887768933206 -0.00540120991406908 -0.05468993174584081 -1.0006462727372925 0.005171166215646575 0.999977081194662 -0.0043469685683297996 -0.16158719275542882 0.05471216919526625 0.004057587568616118 0.9984938233308761 19.424011429764878
0.9984345569590566 -0.005921929753956701 -0.05561803196356717 -1.0393295708070551 0.005702874773002851 0.9999752478377744 -0.004096454774929822 -0.18203548749588433 0.055640926387835014 0.0037728583036240057 0.998443615623229 20.30381606122544
0.9983284944140766 -0.008041745729767678 -0.057232392782706955 -1.1178973843562552 0.007760977007966602 0.9999566429065099 -0.005126359306447277 -0.1714834163350702 0.057271148729580015 0.0046736102499599025 0.9983476216512146 21.174542025942742
0.9981509358833202 -0.008822160526005438 -0.06014048403081161 -1.1260848512431865 0.00850000445264562 0.9999480349639613 -0.005610464825793227 -0.1940928140052348 0.060186868331536525 0.005088895299899202 0.9981740553956446 22.043431343223062
0.9982623877389302 -0.009268436944912032 -0.0581919280639123 -1.2141018121105156 0.00908006497325518 0.9999525477135863 -0.0035006796628901933 -0.20720901308954998 0.0582216252422774 0.002966209317175476 0.998299175973872 22.902048360680357
0.9982766775354639 -0.011844945488609464 -0.05747496457891836 -1.3002359258574794 0.011781469797217134 0.9999294546562527 -0.0014431570729151722 -0.18416880379858122 0.05748801664845835 0.0007635294547779779 0.9983458046911022 23.754491800713875
0.9983242293650175 -0.012926461929446102 -0.05640601798445091 -1.3545321020328935 0.013091044671044254 0.9999109589469469 0.0025492639823064865 -0.186730192129828 0.05636805489075321 -0.0032834067352365296 0.9984045584773218 24.610674684692665
0.9984088039565476 -0.014173542477360523 -0.05457994260015109 -1.4134673891138958 0.014491903416194857 0.9998800800447827 0.005441533385281498 -0.19398558240678068 0.054496283519469974 -0.006223843128422455 0.9984944764895751 25.435484853207754
0.998476431148212 -0.01511938369869102 -0.053068069188874786 -1.4685272696943332 0.015465454348013306 0.9998615937073562 0.006116631029475806 -0.193962357852158 0.05296825618558475 -0.006928034754771897 0.998572063927999 26.257930201702592
0.9986326892815109 -0.014016397114502255 -0.0503616110454773 -1.513737418985852 0.014217645245935676 0.9998921986548291 0.003640007646133637 -0.20197999668353825 0.050305173312899285 -0.004351055176138398 0.9987243155532212 27.071103974702737
0.9986561158883553 -0.014257633759497533 -0.04982651348225264 -1.5605529435007301 0.014217889085555636 0.9998981570420613 -0.001152044362484894 -0.19563078694550232 0.04983787544366411 0.0004420672746805392 0.9987571233027576 27.866621327161308
0.9988038795237535 -0.010949528928690302 -0.04765414455754488 -1.6035935405033086 0.010759927872364457 0.9999330488276402 -0.0042334192151836335 -0.22435680553341092 0.04769731858799381 0.0037155993467195367 0.998854824620799 28.657882547062275
0.998790635197634 -0.012768850806387597 -0.047478657476740994 -1.6126272376960746 0.012627883005818751 0.9999148251816566 -0.003267871166966742 -0.24158516472890845 0.047516350999434014 0.0026643631559650593 0.9988668069879247 29.44313294782867
0.9988901440997131 -0.014029218303044504 -0.04496287941565218 -1.7152785272922697 0.014165182655403594 0.9998959052899644 0.0027066970831616435 -0.2846657374232586 0.04492023620592062 -0.003340601468986408 0.998984891410057 30.207359520139363
0.9987594854558726 -0.0186738176172153 -0.04616035275886288 -1.7641115711832243 0.01899080810937208 0.9997988297861405 0.006438106173627739 -0.2900435281711084 0.046030852906257726 -0.007306743041036464 0.9989131957392914 30.972831893872737
0.9985238240274701 -0.02647312211249334 -0.047427270452651785 -1.7834144066917177 0.026761818248871617 0.9996268142166739 0.005462370914005524 -0.299260165089598 0.047264975759820284 -0.006723548515848026 0.9988596580708514 31.733054012884672
0.9984718012014238 -0.028062532929358612 -0.04760835807322183 -1.832771404227859 0.02816134291497823 0.9996023021984751 0.00140582362214921 -0.3044429962661285 0.04754998392022259 -0.002744391572252092 0.9988649898267156 32.476045656572
0.9984573512175261 -0.026846598771462452 -0.04860223485261114 -1.8836992598968518 0.026755878102509293 0.9996387302126404 -0.0025163812241909716 -0.31089966682380105 0.048652243387629766 0.0012121028294279595 0.9988149431165293 33.21242827610731
0.9983588293920521 -0.026426482178651515 -0.05080637822991566 -1.9181951575847553 0.026297359293763062 0.99964891589063 -0.0032084230303833718 -0.3106865890551955 0.05087333947274899 0.0018670828462794033 0.9987032682197582 33.93999005624337
0.9981374973744137 -0.029016928172201275 -0.05366147012481899 -1.9487321581197306 0.02895988719336194 0.9995787801817819 -0.001840460350876687 -0.310655477814572 0.053692283140996694 0.00028300133451475483 0.9985573891017728 34.681727404316305
0.9981904726892443 -0.024925613857727756 -0.05472196253739784 -1.9885231740417335 0.025030720024375532 0.9996858183195927 0.0012360462665889464 -0.3170177975517538 0.0546739726696961 -0.0026035407635520125 0.9985007656510294 35.37126615520279
0.9981914438675575 -0.024427778516893445 -0.054928355188153796 -2.0483455624747706 0.024609602852689393 0.9996935622688917 0.0026361152379635825 -0.3263720655634864 0.054847140645955014 -0.003983113715146837 0.998486718335695 36.062176578103774
0.9981492948997746 -0.023651506716586772 -0.056023124500671075 -2.087809322363488 0.023986364116371804 0.9996980722545014 0.005312132734781788 -0.33274280928108546 0.055880581847039416 -0.006646093640181384 0.9984152396508178 36.749637660962094
0.9981075104626778 -0.02568205169061599 -0.05587332925059247 -2.1482652158385713 0.02615497108066921 0.9996277640990711 0.007749247223170466 -0.3158369457439572 0.05565352680440338 -0.009195948197852905 0.9984076924012245 37.42373618848582
0.9981876948674837 -0.021354678340713584 -0.056261022912960784 -2.2052614942080226 0.02198219696877926 0.9997025068988453 0.010558445732363773 -0.31345103628761073 0.056018825688949586 -0.011776052527638723 0.9983601637307618 38.084424259648515
0.9981954923084196 -0.021451921188008097 -0.05608541153590805 -2.245506843109945 0.022044249433177187 0.9997072437922547 0.00996382645344913 -0.3158917707569089 0.05585526118535579 -0.011182208486722273 0.9983761559528866 38.73629535758937
0.998230464913763 -0.020944792063859425 -0.05565297649437992 -2.278380445305227 0.02143595463616877 0.999736140743585 0.008243106203691987 -0.315091679364413 0.05546565393911585 -0.009421495450730717 0.9984160442458043 39.37315678991361
0.9982875115855977 -0.018867904200312525 -0.055371884694742315 -2.321221221619118 0.019235059281122152 0.9997962488185324 0.006105193746525933 -0.3188670792488541 0.055245422495371135 -0.007159821190713784 0.998447034646645 40.009224581274665
0.9982107164129325 -0.019646839700439213 -0.05647447659750052 -2.3837959748873607 0.020000986385575587 0.9997835407609592 0.005712461918071873 -0.3193544943372696 0.05635003267070119 -0.006831786974757264 0.9983876007202225 40.65632613289293
0.9980895821985756 -0.022058228337070038 -0.057711520501387815 -2.4238545444311175 0.022495199230747578 0.999722812369055 0.0069328573872779065 -0.3251881510041835 0.057542609588432735 -0.008217845918531788 0.9983091284215901 41.26090929172903
0.9980072764752785 -0.02173917199217331 -0.05923583034338758 -2.432558349074736 0.022250879505624953 0.9997203700805749 0.007992501119709672 -0.33495167859382824 0.05904552873527498 -0.009294624632375941 0.9982119195488451 41.8600528489161
0.9979059697047995 -0.022211804739577852 -0.0607479251278649 -2.464033137932637 0.02253739742135606 0.9997349479969072 0.004679695180496695 -0.32987264736269983 0.06062789246709112 -0.006038996922934452 0.9981420690691712 42.444341508389456
0.9978590105118207 -0.021021938753340585 -0.061931189711187704 -2.495114739115837 0.021087237530496423 0.9997774591376277 0.00040085709661027963 -0.33627321550353595 0.06190899412611869 -0.0017059576089591 0.998080240789564 43.012243052809225
0.9979097292510393 -0.01806083529375914 -0.06204818724538484 -2.5328196755413344 0.018051735602577768 0.9998367039774453 -0.0007073009808397308 -0.35170948481140024 0.06205084292624091 -0.00041425597572121523 0.9980728040503325 43.559029681003594
0.9979362815123943 -0.01825053082274795 -0.06156374926426709 -2.5729042435973137 0.018449730041107577 0.9998261277086943 0.0026686816536988945 -0.3634557435989196 0.06150435352583018 -0.003799009835341661 0.9980994854796624 44.084500900893005
0.9978520552723492 -0.02077889724100522 -0.06212497277651422 -2.5972314194091473 0.021170156369606306 0.9997598433698094 0.0056462489728040174 -0.36839073733881844 0.06199274367246158 -0.006949317565423271 0.9980523070611397 44.59147618674539
0.9976477194139701 -0.026358772032640792 -0.06327908049802008 -2.6295085177944846 0.026799162664829537 0.9996219997843869 0.006120664961040678 -0.3623836288447435 0.06309384144726639 -0.0078020948467465824 0.9979770014543266 45.07381575628392
0.9975033644091656 -0.02973129979237675 -0.06405534085035094 -2.6535709738995132 0.03008905763173998 0.9995364102066085 0.004627464983244647 -0.3661143432437009 0.06388807872548456 -0.006543277767706651 0.9979355188970793 45.53721752174768
0.997328306840811 -0.030471381044350754 -0.06639082860822504 -2.6566414247442163 0.03073837269439008 0.9995228521052929 0.003003452026327797 -0.37732629246939076 0.06626764533425403 -0.0050361747938306054 0.9977890744804973 45.97662499955991
0.9971857082475881 -0.03204177858425739 -0.06777895281708693 -2.674478261914194 0.03239049107333989 0.9994669773998511 0.004051833352799717 -0.37774469089916823 0.06761301172694911 -0.00623582491467349 0.9976920347489543 46.398158413724175
0.9969970382737712 -0.03554991333769409 -0.06879758725942114 -2.706232933861444 0.03617998852745668 0.9993136970520136 0.007933696133762318 -0.3767940132823991 0.06846834380563324 -0.010398968502783624 0.9975989918063011 46.79447363834201
0.9968693439593732 -0.03761504299092705 -0.06954579959416758 -2.733656556588664 0.038602736243557687 0.9991711041240459 0.012912539751125898 -0.38161129923029663 0.06900246248159404 -0.015556774226320414 0.9974950867427832 47.165911375337345
0.9969109004179427 -0.036004109935249724 -0.06980228747767943 -2.7597107254059496 0.03715807168237774 0.9991921057653189 0.01530404209201946 -0.38467184266961085 0.06919490108915421 -0.01785048582088165 0.9974433452374815 47.52829735171152
0.9969033478687049 -0.033712013813649105 -0.07104374544760104 -2.7875701393824905 0.0346389673916544 0.9993294651307746 0.011855895201760008 -0.38856685524119966 0.07059643720621633 -0.014280064638228054 0.997402638848399 47.83864463972833
0.996912811329155 -0.030707240050626895 -0.07226278883422255 -2.8105806882550066 0.031075361711486924 0.9995090395512569 0.003975161947969242 -0.3892020018250376 0.07210525987960145 -0.006208483212540214 0.9973776052415635 48.136937221826436
0.9968805109034058 -0.028957719612258827 -0.07342135978901161 -2.8283496110481066 0.02900482080762399 0.9995790814088342 -0.00042488556604822414 -0.3958166501312519 0.07340277481734647 -0.001706014282567147 0.9973008189102205 48.41228973591325
0.9969442927929564 -0.023386258067064222 -0.07453293660152822 -2.848443161687012 0.023529542061807886 0.999722496091718 0.001044772711271053 -0.40185444674772774 0.07448783603997063 -0.0027953070974270923 0.9972179048791405 48.679314119297395
0.9968918258559915 -0.02085342510838762 -0.07597250038395285 -2.860513676435375 0.021190684346849033 0.9997687415715901 0.0036357035661766205 -0.4072468483068683 0.07587913045379821 -0.005234313480328883 0.9971031846529211 48.94060763162
0.9968702118488914 -0.017638954581345765 -0.07706261485754178 -2.8828539745234267 0.018102720399562167 0.9998218597956208 0.005323554330583199 -0.4085677179616479 0.07695500141306628 -0.006701936742937132 0.9970119423360061 49.19948412287158
0.9968792859175308 -0.014818092053536272 -0.077537810495947 -2.908556768688586 0.015249162508734109 0.9998712712591938 0.004970309726065352 -0.4125545679897503 0.07745419518231145 -0.006137186523073931 0.9969769224835294 49.45623811477439
0.996755092459634 -0.014097232132922148 -0.07924993532172767 -2.9310747317206483 0.014599824149915466 0.9998766917803332 0.005765968233955187 -0.4134383008852013 0.07915889583983338 -0.006904294359966071 0.9968380015638624 49.72236936312593
0.9966245394638911 -0.013862755515961174 -0.08091569587369875 -2.94769350326245 0.014432376800858853 0.9998748858752807 0.006459033519209121 -0.41691804688844036 0.08081604938543276 -0.0076050381591019345 0.9966999202604968 49.96366328655579
0.9964919583461567 -0.012730025881166297 -0.08271470139019449 -2.9622620975553358 0.013358741941534823 0.9998858001108997 0.007052004124288112 -0.4247620323469229 0.08261550075612145 -0.00813223079190726 0.996548216300531 50.21499164580632
0.996435187073007 -0.014154267318870659 -0.08316593707901956 -3.001115720864819 0.014863663363514478 0.9998580870952645 0.007916893276423153 -0.421767275122261 0.08304209459184764 -0.009124822566281856 0.9965041644221191 50.4678832699982
0.9964352508201841 -0.011418089373123889 -0.08358478669221665 -3.02822957666125 0.012388698463812473 0.9998615143542053 0.011102804290579645 -0.4268305261030255 0.08344645632556227 -0.01209873333796249 0.9964387142070048 50.705842888582715
0.9964414189592219 -0.010604125292303538 -0.08361847594670514 -3.0551301498023737 0.01194910896245773 0.9998067995016607 0.015600719657619635 -0.42789755952689273 0.08343690656741849 -0.01654437055409724 0.9963756159333297 50.95361299025937
0.9963254970055999 -0.007455206678985569 -0.0853224605173223 -3.077706854429683 0.008989974799917262 0.9998042779841779 0.017617776585981813 -0.4303667419734096 0.08517443495348477 -0.018320087824844247 0.9961975163989538 51.20248803753059
0.9962158371764173 -0.00445731426650918 -0.08679940333201246 -3.1029620777180607 0.005648586025003631 0.9998930366397704 0.013483646772402057 -0.4301065514508681 0.08673003652029654 -0.013922917396467295 0.9961344562110737 51.45655837336694
0.9962760187874484 -0.004972310842284005 -0.08607769078026817 -3.15369386761253 0.0054899155994545205 0.9999681398692656 0.005777548224018222 -0.42477783851510814 0.0860462388239418 -0.00622859304251391 0.996271574966617 51.7092465065069
0.9962595802253312 -0.005401572184138404 -0.08624192806677314 -3.186055789370295 0.0053972651041850036 0.9999852945804238 -0.0002831161614271478 -0.4248206593458578 0.08624220740824205 -0.00018341440296495268 0.9962740836178429 51.97134786716241
0.9962363116947646 -0.0024409831119572402 -0.08664439497165044 -3.2065996233595273 0.002346021595494667 0.9999964307230074 -0.001197800373312827 -0.4332102135224391 0.08664702789761042 0.0009900215619813098 0.9962384825403353 52.226913708175225
0.9961626658974213 -0.00035737592424748784 -0.08752036128824511 -3.229911258615825 0.0005950760784801254 0.9999961052375989 0.0026898677061553368 -0.43755423616491684 0.08751907767228123 -0.002731628101037323 0.9961589988409009 52.48719248333258
0.9960673997430789 -0.00015243572143006074 -0.08859859015549379 -3.2619740361949576 0.0006117988395020544 0.9999864121431608 0.005157637094551597 -0.4449352050144314 0.08859661884770434 -0.005191559727093033 0.9960539586799839 52.75261452231458
0.9961027897430857 -0.003214538704404067 -0.08814134823574048 -3.30192779049724 0.0033450962064035922 0.9999934159521315 0.0013335594701394582 -0.447040321636592 0.08813649980238505 -0.001623204640856892 0.9961069843898961 53.01701393889619
0.9964207233635259 -0.0110925990109345 -0.08380151968110447 -3.3680102402210697 0.01052681384919884 0.9999186391824237 -0.0071903570615759515 -0.4283142266161347 0.08387447908569078 0.0062824567450216725 0.9964564235652614 53.281040478793386
0.9966663184721214 -0.015506939237960576 -0.0800985828141735 -3.425280749063088 0.014463446881241552 0.9998029212901909 -0.013591443719154174 -0.41985615255168773 0.08029357587967906 0.0123876315360062 0.9966941806235238 53.56315277019664
0.9969327564624171 -0.0139413694278258 -0.07701114161414276 -3.4498731514650096 0.012929076210157759 0.9998234457726146 -0.01362777762563773 -0.4226292899713865 0.07718755133182505 0.012590293954220688 0.9969369928657876 53.86300260064191
0.9973010804411183 -0.008928514585784865 -0.07287547840644601 -3.480234048325951 0.008175235251587325 0.9999099985028592 -0.01062828543945819 -0.42637202804702357 0.07296382994034623 0.010003825333548393 0.9972843146242981 54.16540481585005
0.9974706717705075 -0.010416176588454082 -0.0703118842841016 -3.481161540754571 0.010025736181097847 0.9999322136770125 -0.005903616659716735 -0.46399249546216625 0.07036862633108587 0.005183755035519461 0.9975074868083756 54.48994547371882
0.9977612470026973 -0.013523408419086466 -0.06549511722945857 -3.464641782934357 0.013384413978170646 0.9999070461937175 -0.0025605596673277083 -0.4693556417943464 0.06552367085327135 0.0016782124078737394 0.997849504260686 54.83229089645405
0.9981728825598879 -0.018261930795684674 -0.057596853786920865 -3.4679898087650405 0.018339817894147552 0.9998313719402191 0.0008239029120968238 -0.4790143006741001 0.05757210784484151 -0.0018787143883193952 0.9983394831508202 55.19194440877595
0.9988025684266972 -0.015143771444185394 -0.046519833664659095 -3.510641697758657 0.015193048044247048 0.9998842298729297 0.0007058159979094382 -0.48340842070947876 0.04650376968980525 -0.0014117499298511216 0.998917017023735 55.57881636089471
0.9994191911788265 -0.010111789592079255 -0.03254276756778117 -3.5072201054386873 0.010129171466012258 0.9999485304390721 0.0003692838270310957 -0.48440008969073683 0.03253736604085832 -0.0006987016422940008 0.999470175597297 55.97822974921605
0.9998816778294243 -0.0052951779446587235 -0.014442692188741491 -3.5204914353960723 0.0053143387189003 0.9999849485341313 0.0012886071333581607 -0.49134042078516293 0.014435655336720948 -0.0013652090405948576 0.999894768530171 56.38784912864355
0.9999435375930193 -0.006536398295163685 0.008378372344651034 -3.524047055411992 0.006521730949790053 0.9999770547743503 0.0017767809106676797 -0.49428135792530525 -0.008389794477870593 -0.0017220401105857122 0.9999632222869285 56.81579152178794
0.9996050602973777 -0.009484696734703462 0.026453050119852828 -3.4068032417447838 0.009378876515853162 0.9999474234386326 0.00412153323563783 -0.5169101788195685 -0.026490755051155702 -0.003871806592534002 0.9996414602762088 57.23866949115888
0.9983430456725211 -0.010714782398404697 0.05653632514232771 -3.365107884122809 0.01030718035944902 0.9999186807656182 0.007496258244462639 -0.5449951213397548 -0.05661205870092459 -0.006901108179101514 0.9983723003227506 57.69362761164354
0.9959030788482898 -0.009906378866823738 0.08988281125721247 -3.312532620008153 0.009151402641815798 0.999919233954071 0.008807802834181835 -0.5362269609579087 -0.08996282215553862 -0.00794916514168308 0.9959133008699811 58.15414158957906
0.9918380839836319 -0.009013283175530276 0.12718479825805196 -3.2234388154461593 0.007977441848857835 0.9999306543011603 0.008651416063460746 -0.5183889539779686 -0.12725398061055265 -0.007566195559864844 0.9918412070952501 58.6196485549723
0.985959581985224 -0.009584987441385763 0.16670880446232197 -3.0931890094800774 0.008165189738597279 0.9999242422757353 0.009199966016261357 -0.5250870023561028 -0.16678438886196728 -0.007709586567665415 0.9859631510051734 59.09150135552092
0.9776815923981459 -0.010171192688441922 0.2098457584490995 -2.931730666663017 0.008385664912217372 0.9999205873535284 0.00939678666371179 -0.5251259569623705 -0.20992471152727854 -0.007427370050600627 0.9776892441166192 59.5719006137344
0.9666932007596323 -0.007977710573646934 0.25581360238747197 -2.7249689933803705 0.006413439607756678 0.9999551919396502 0.006948517459115007 -0.5242054099056699 -0.25585762329369954 -0.0050764403808387 0.966701049414281 60.056204817160456
0.9535356847188557 -0.008369938208601949 0.3011637836147676 -2.396359958525561 0.0075565651808707085 0.9999638770328988 0.00386561122322745 -0.4864118040405669 -0.301185318849401 -0.0014102353412495862 0.9535644878500439 60.452254631079775
0.9342234667985915 -0.008550592297568238 0.35658572141812445 -2.15978162250479 0.008173810145445165 0.999963207930425 0.002563516226657781 -0.4930679868713163 -0.3565945918133536 0.0005197661531179414 0.9342589853275588 60.931129739352265
0.9176446222571265 -0.009156886619296862 0.3972964483382341 -1.6683012051333346 0.008039913058029525 0.9999575570126547 0.004477049179968609 -0.5480187867642144 -0.39732066022370377 -0.0009141119868746104 0.9176792948347876 61.17956198014685
0.8889133591137959 -0.010121796197212965 0.45796347903907425 -1.388765153147713 0.00919028860377813 0.9999485850407288 0.004262144067091199 -0.5581744198205797 -0.45798316408402157 0.0004201390077082536 0.888960677417391 61.67254072472239
0.8557809405721746 -0.011974302268899596 0.5171997150605643 -1.0656584625217937 0.011867335065542224 0.9999233054252219 0.0035142052318704563 -0.5531008490155789 -0.5172022313484842 0.003130391775961919 0.8558574093287195 62.152243649208465
0.8198893355955148 -0.012961448780708007 0.5723752385215395 -0.6827849025036079 0.014472144223596682 0.9998933445415416 0.0019122266122968644 -0.5218069412964538 -0.5723390904160939 0.0067156821719559084 0.8199894692718936 62.5911833916854
0.7806030984614666 -0.012056746198412648 0.624910681983049 -0.2652505298577243 0.012290432551962388 0.9999166096080847 0.003939430278192472 -0.5531387740624433 -0.6249061913119835 0.0046052905423450445 0.7806861856293933 63.029439935302015
0.7388159353196457 -0.010002331861583173 0.6738329743398167 0.18084890665622444 0.009004075361287148 0.9999470077860901 0.004970738998383224 -0.5624038285909957 -0.6738471194155623 0.0023947811955883124 0.7388668448686635 63.4333845741411
0.6937220938432088 -0.010287478053179068 0.7201692312413709 0.658142132073785 0.008190113119918527 0.9999459135245088 0.006394690555150152 -0.5749455349823349 -0.7201962083771914 0.0014621289066387955 0.693768827712751 63.82962341136584
0.646903098706412 -0.01308508023963393 0.7624598653806995 1.1723182036575468 0.011525499259676372 0.9999062349768848 0.007381336229387587 -0.5640477002028752 -0.7624851105109287 0.004012720956153254 0.6469932531017015 64.19641081945268
0.5996130972390258 -0.01818365467800768 0.800083346453588 1.7123866663794938 0.01644509360578719 0.999810599052001 0.010398314331523079 -0.5440067614377128 -0.8001210486643416 0.006922479745634296 0.5997985610075262 64.53937510220742
0.5596229218205323 -0.010200391527375601 0.8286845002863571 2.337752389278588 0.012814270502942562 0.9999111160571347 0.003654377242919534 -0.5760591004664226 -0.8286482847653369 0.008573913812390085 0.5597038900276871 64.73145777551431
0.5170873589594353 -0.0006131538466987332 0.8559323230558328 2.960788278742813 0.00683477990259621 0.9999707191981522 -0.0034127029239666234 -0.6435628785247893 -0.8559053388009951 0.007614774368899271 0.5170764080936263 64.94787400220093
0.47095425556671544 0.0006369340113802643 0.8821573151699613 3.577823985962911 0.008130745628885105 0.999954028879821 -0.0050627186383408445 -0.6506581144144071 -0.882120161961581 0.009556905465577017 0.47092742558925393 65.23906431795629
0.42956287492249623 -0.005262652094709786 0.903021527268658 4.226564057937801 0.010544562260098325 0.9999439752719389 0.0008115029356861481 -0.6691337597299166 -0.9029753865388964 0.009173375075776978 0.4295943001860866 65.46683591830474
0.3923262577365218 -0.019786033603073988 0.9196132077931743 4.9063914875969195 0.013819509534568335 0.9997824691898387 0.01561523146765098 -0.6942299545925386 -0.9197223106170072 0.006582338104890773 0.39251434699710913 65.59435564869315
0.3580089344743918 -0.02500405894497221 0.9333832151165472 5.586638198604472 0.014146174038220546 0.9996717939448309 0.021353925593022596 -0.6603513983457169 -0.9336109942564931 0.005558905233892215 0.35824514455952167 65.74626511731427
0.32524728418645593 -0.02069973646998106 0.9454023201187028 6.26910779232161 0.015470159227537247 0.9997429659068752 0.016567326178791354 -0.6697050303297143 -0.9455024475393049 0.009237046594913432 0.3254839117644173 65.9189067082343
0.2952409518601321 -0.008537048700803882 0.9553845912444802 6.9613901432071055 0.016396035046455575 0.9998579957469714 0.003867610334793922 -0.6751362978555999 -0.9552821312991702 0.014522642332846059 0.2953389991229124 66.12330931372317
0.26866442287763503 -0.003024045094035879 0.9632289956268184 7.684929934890339 0.017713095355230433 0.9998413877680844 -0.001801558311937249 -0.6938204875536398 -0.9630709600713595 0.01754578175113598 0.2686753735856846 66.27237392684287
0.24293407274235343 -0.0034807055586280745 0.9700364597758847 8.402532835140848 0.019897192340187157 0.9998009573724171 -0.0013955076571983795 -0.7077835858932843 -0.9698387175390538 0.019640018482942133 0.24295497373763533 66.44864750939963
0.21986213941107305 -0.01040721791179034 0.9754753403385933 9.131886923837845 0.024464469063771616 0.9996873271056329 0.0051514919688123795 -0.7069543497987324 -0.9752241431624936 0.022731868373048362 0.22004800049491285 66.55105216902432
0.1992043052348896 -0.014713377364662524 0.9798474216323091 9.851805051084858 0.03251874317977756 0.9994357567092149 0.008396411401619215 -0.701334807399345 -0.9794182845535909 0.03019080551429227 0.19957036502471812 66.65767270533794
0.17920582039858296 -0.013964033403570166 0.9837124003125113 10.572831325133759 0.039247435397038836 0.999204663782848 0.0070341278886315774 -0.6942469363231175 -0.9830284394411143 0.03734763239761631 0.179611342949863 66.77532619098187
0.1624207194329372 -0.009888619743014996 0.9866719468655776 11.304087744092959 0.038953261974997905 0.9992344407043416 0.0036022437267941364 -0.6928903745787315 -0.9859524092370792 0.03784901200635566 0.16268156966489353 66.87463011623724
0.14755935918611957 -0.008562522586130534 0.9890160379904682 12.029551286363853 0.03425187312536113 0.9994068553136011 0.003542166332921902 -0.695785279670229 -0.988459935811256 0.033352972268426574 0.147765116503581 66.96479993820763
0.1334732014814801 -0.009032684830385848 0.9910111598516009 12.769707095089338 0.03042487140395415 0.9995243877919606 0.005012540500581581 -0.7143910538785949 -0.9905852975318903 0.029482347495707134 0.1336845372035434 67.03566563444929
0.11994679039223502 -0.010805111551349304 0.9927214212399987 13.505131735699171 0.028745896772940344 0.9995592131538326 0.007406277590387273 -0.7126294330966348 -0.9923640667080439 0.027648308513362606 0.12020452097779855 67.1222124383278
0.10848097309440063 -0.014296480433352252 0.9939956195745386 14.228620951330248 0.028482657455127437 0.9995306796478506 0.011267598959407 -0.7144193807129926 -0.9936904028422495 0.027089316896533124 0.10883726145181354 67.17199392803118
0.09805228424875463 -0.01729915268919838 0.9950307990375992 14.958914866771863 0.029618835526333924 0.999456606518929 0.014457399253487864 -0.7091234696385815 -0.9947404054001586 0.02805407282193798 0.09851138296376649 67.25573340592686
0.09010384694820607 -0.01821039406037516 0.9957657757540883 15.694320705708922 0.029921744077531776 0.9994308719617359 0.015569891708591879 -0.7194290662705662 -0.9954827904069963 0.028392141834774988 0.09059745200088724 67.32805892095294
0.0846513788390534 -0.021421831592326628 0.9961802301022001 16.43268323301379 0.030456135100548877 0.9993572605360632 0.018902110326303782 -0.7034304277810041 -0.9959450626893992 0.028739710247000817 0.08524939518114608 67.39539330341745
0.0791408612060695 -0.022491648148522392 0.9966095781778965 17.166805056051597 0.03107843375628394 0.9993150320925183 0.02008476338651317 -0.6981504805733162 -0.996378871234645 0.029383539567054424 0.07978565637879051 67.45113400080393
0.07310198639121956 -0.022422630986321246 0.9970722774570896 17.901825910839108 0.03175038522577122 0.9992927013207521 0.020144732911146122 -0.6857337253340269 -0.9968189467619887 0.030184809204649294 0.07376220754887554 67.50137858719289
0.06857669050377199 -0.024892960533638035 0.9973351388430025 18.636043642892762 0.03225768146258776 0.9992211731674653 0.02272199860408133 -0.6738353615549073 -0.9971242046536708 0.030613520047530953 0.06932626925241099 67.54990704736588
0.06547335631882101 -0.026471607583841546 0.9975030298968534 19.375275712599827 0.032480241142007524 0.9991747854027793 0.024384058116218722 -0.6572129487393832 -0.9973255604604312 0.03080263312174273 0.0662791298705294 67.59935278446109
0.06265764671230499 -0.027745134273399998 0.9976492508924757 20.116586185250775 0.03162779370790874 0.9991665498781587 0.02580093789313993 -0.6450363959942412 -0.9975338099401211 0.029936818947987113 0.06348294099620773 67.64092350432344
0.058258904759600515 -0.028892739488854242 0.9978832148510569 20.853083830243467 0.030395211277538338 0.9991689119332072 0.027155416898008582 -0.6350043624263487 -0.9978386799215659 0.028748826602772896 0.059088686325098734 67.7137347000703
0.05713773566569548 -0.033927238912005026 0.9977895682283845 21.595131840676284 0.030625872047207844 0.9990115357917353 0.03221501852284738 -0.6181789161894905 -0.9978964551116277 0.028717482738615043 0.058120307261731737 67.76672106584986
0.057427775905008874 -0.03724723548787271 0.997654496737117 22.338014817841653 0.031178525552014457 0.9988831585299606 0.035498383789829065 -0.5825367751430016 -0.9978626910046363 0.02906680329374288 0.05852495099127652 67.81463583433997
0.059787906959781284 -0.03913415176274979 0.9974435950308377 23.086149724460597 0.030848797999413827 0.998826275860658 0.03733928771303166 -0.5696441057196822 -0.9977343122511962 0.02853749842111737 0.06092497291795088 67.86014011466881
0.062208875575649046 -0.04228296711520048 0.9971669907708886 23.825926596851282 0.031469834325505174 0.9986884222847394 0.04038421495981428 -0.5311487821287472 -0.997566892657904 0.028868423690069325 0.06345792069570008 67.9507247551508
0.0662751017742432 -0.04223966799299437 0.9969068273600812 24.581180982226467 0.03109068541748051 0.9987057578573056 0.04024895768434813 -0.49960365746294744 -0.9973168905443706 0.028327013088261 0.06750258490007734 68.00648257126164
0.06996063640175441 -0.04499037314811474 0.9965345838939033 25.331659397179582 0.0292458387765191 0.9986454251220083 0.04303249774697253 -0.4753237851373856 -0.9971209506717461 0.026133909138754845 0.0711816496091047 68.09253724591112
0.0732373807745394 -0.04476398440431181 0.9963093260007899 26.08281637327638 0.027881538738404852 0.9986935130485902 0.042821569835055494 -0.4431205634181646 -0.9969247242670187 0.024642497740928637 0.07438978478745827 68.17950437184217
0.07751909615812493 -0.04157994209382581 0.9961233355345278 26.84413473337472 0.025332538273191665 0.9988894162976059 0.03972400464142705 -0.42192966112262253 -0.996668978264836 0.022154963870390825 0.07848632912059025 68.24207095958991
0.08098218232138617 -0.039971973697738396 0.9959136152443273 27.60741699810182 0.02400006791413799 0.9989839131536186 0.03814364983471607 -0.40210802901232817 -0.9964265566947671 0.020813038677377667 0.08185922640895553 68.32264924118654
0.0858310680532111 -0.03951570355901067 0.9955256594703722 28.38041745892318 0.025377971702312496 0.9989755552089546 0.03746463243654981 -0.36067186192646805 -0.9959864388178833 0.022048792873813842 0.0867459662029688 68.37344706990255
0.08689658561680462 -0.038506254288525714 0.99547277891492 29.14630873200635 0.03004808942787044 0.9988992798844621 0.036015844513112134 -0.32251198624929084 -0.9957640763403164 0.026782401441339053 0.08795797509848631 68.5143577957544
0.08837205188635687 -0.03279009878420123 0.9955475838360753 29.921849812732628 0.03434254648945345 0.9989640236540196 0.02985413033546979 -0.3050792311767906 -0.9954953389875926 0.031551368697545525 0.089406594947338 68.60434703414796
0.08887225077748091 -0.03054631724629819 0.9955744308555131 30.70720730363555 0.03732409734886375 0.998929661882424 0.027317440706472896 -0.27435755092689906 -0.9953434757905656 0.03473115480587293 0.08991724005985316 68.66564216523673
0.08851691171357152 -0.028652116765668173 0.9956623997907627 31.494670403621225 0.03749903783204821 0.9989733577352166 0.025413636129004418 -0.24920544283243756 -0.9953685641521784 0.03508684568422855 0.08950046224245918 68.77319446394284
0.09080276363889202 -0.02572899156514938 0.9955363775376626 32.3052566401559 0.03459248826954294 0.9991443160840553 0.022667058963556867 -0.2480326533561076 -0.9952679126099001 0.03237984913431481 0.09161509393731629 68.82251077675333
0.08991327309050365 -0.026880048987385396 0.9955866954460624 33.080127805824 0.03409428434240726 0.9991327884617469 0.023896672503391024 -0.22914950117059074 -0.9953658538936015 0.0317951881121122 0.09075175422033055 68.92051964553687
0.0914186572371931 -0.02515264170895754 0.9954947391316395 33.87241175174291 0.034334360530886156 0.9991660912182919 0.022092397200042288 -0.1954039370569383 -0.9952204684369642 0.032160018262047375 0.0922060212090122 68.99177065827398
0.09262482989369045 -0.02337459262582554 0.9954265775358385 34.678049811215764 0.03412603150770649 0.9992114941375184 0.020288029114925343 -0.18889757027669069 -0.9951161011965926 0.032090783771029904 0.0933494756810779 69.07337377467807
0.09309021140274402 -0.02018544532422016 0.9954529432914648 35.49509036269206 0.03453786370994272 0.9992581350607378 0.01703278208012595 -0.18095919474925234 -0.9950584648709606 0.03279523306813253 0.09371831212193524 69.17155406115201
0.09201138360629392 -0.017813959736810995 0.9955984984158082 36.291785826715916 0.03537938249994948 0.9992670565188294 0.014609902331450066 -0.1794549927918575 -0.9951292401395833 0.03387938303283167 0.09257419028036637 69.25586517557956
0.0877367156564651 -0.01136012801964528 0.9960788211600795 37.107005446933385 0.033591091438020027 0.9993999290327643 0.008439230413839765 -0.1986425454775862 -0.9955771729513619 0.03271894467549546 0.08806566542291519 69.36348564487504
0.08319707764920593 -0.006677731594392514 0.9965106400553208 37.92439731742456 0.03104789252656755 0.9995093655716403 0.004105687072670096 -0.20675845270212237 -0.996049333437003 0.030597974366383635 0.0833635867163139 69.46547697314246
0.07883599471838576 -0.004345884914669167 0.9968780269611252 38.74984820081743 0.02925535167573858 0.9995697807161988 0.002044021312782995 -0.20074640699623783 -0.9964582331112022 0.02900287508634665 0.07892921727078854 69.52188001516512
0.07214734382130175 -0.00198847765983479 0.9973919028807956 39.57026072721424 0.02717554527485203 0.9996305763273986 2.7169905109150528e-05 -0.21041285042980987 -0.9970236960667248 0.02710270886728281 0.07217472777665415 69.58533801296221
0.0674518698456899 -0.0012364729533245514 0.9977216633122538 40.40346844638175 0.027034732054740548 0.9996342214173 -0.0005888648257231263 -0.22593657415828977 -0.9973561893912606 0.02701285816160275 0.06746062403846824 69.60804408630442
0.05873483896724679 0.0015965775456403205 0.9982722426478764 41.198891589652504 0.02702476673245891 0.9996295782557625 -0.0031887916072190735 -0.2561090443901291 -0.9979077515855638 0.027165367958881956 0.05866993409641973 69.64736891169653
