0.9997220011079954 0.023566043306793676 -0.0007497356117797463 -0.046988230642247705 -0.023571584194359355 0.9996857891050391 -0.008526633568009034 -0.02874642684017034 0.000548561020757149 0.008541935629421134 0.9999633665372493 0.858517004617714
0.6840116497371818 0.5844985358724772 0.4364510563473875 -0.10333341441333005 -0.5652810417527023 0.8028817983248832 -0.18930969799136715 0.007260041186480715 -0.4610698503033992 -0.11722746897179608 0.8795864446770808 1.7753584143147505
0.6884547251230175 -0.6935930614472775 -0.2120348003700912 -0.2640502115691934 0.6451477429978979 0.7192126482902603 -0.2579099770152945 -1.2797689101133505 0.33138268083970457 0.0407655694367747 0.9426153442353814 -2.071784082098698
-0.6214149556611448 0.21240476831561322 0.7541403498536913 1.8074647216868662 0.26307994336454776 -0.8500951353327785 0.4562096056450946 2.0540273194905225 0.7379921383591866 0.4818946723925641 0.47238239641174207 17.35576401994519
0.980297647093746 -0.05756714912720115 0.1889511747617142 -1.7815764588050955 0.0267615818511944 0.9864762439336493 0.16170478623522327 -0.5788455827480394 -0.1957047287095719 -0.15346218914092247 0.9685809288153411 -0.11792971594176471
-0.09823171097531297 -0.9923369491077831 0.07495272106014367 -0.08338784963265189 0.9951250035089989 -0.09728582879583253 0.01617698694822417 -7.80151506521259 -0.00876118428511817 0.07617641991433427 0.997055863379257 1.4135103071647892
0.192619265857941 -0.9786113424325023 0.07223336405570821 -0.035748478168946995 0.9460227870423408 0.2047490272192034 0.2512343970268236 0.40413699627180266 -0.2606505415628172 0.019941823267855596 0.9652272369073325 2.545588741308938
0.7110926650894248 0.07788928191321184 -0.6987706930167186 1.2263284632043803 0.6864930450284259 -0.2916326861886045 0.6660913416897274 -2.7392935916278756 -0.1519029979415179 -0.9533538881808079 -0.26084831436472034 7.553182860949468
0.32929828561662944 0.7977962283350877 0.5050582314389686 -1.5513049044966196 0.793215180166778 -0.5239006936387777 0.3103832166174503 -0.6760507581973272 0.5122229173347639 0.2984111949292735 -0.8053436792438038 9.495539592133797
-0.2845295706742848 0.07520322359675814 0.9557130314966742 -1.146938153921747 -0.9371691355236359 0.18811912078170695 -0.2938115175043318 -0.30784415818268646 -0.20188346845095528 -0.9792628204710796 0.016952687375121497 8.827551334775956
0.7727011325280602 0.2585369735951507 0.5797340709964454 0.885719394969888 0.4638060852815526 -0.8534909419154926 -0.23756499599900222 -0.8584458994707131 0.433378443217534 0.45245093143065246 -0.7794044390442494 5.923994270837024
0.5687989236909292 0.8159447443088929 0.10345027135168117 -2.5406096439617905 -0.038470453793224654 0.15203498219974065 -0.9876261379552832 6.238741553698313 -0.8215764167702142 0.557780905394063 0.11786709882234211 9.311202996146053
0.6098446647605076 0.508736537216698 -0.6076813478821835 0.06278149424479373 -0.7706838853316477 0.20193041334572936 -0.6043760890837258 1.5090830286047607 -0.18475885297668593 0.8369057556659452 0.5152212363441104 9.545483194686595
-0.18122382092303627 0.9095563834520242 -0.3739854436361516 3.7436074563479687 -0.9026554465359413 -0.30478155439519156 -0.30384428403287655 -2.8255934205643367 -0.3903473729501147 0.2825161755052704 0.8762497012888624 11.50543357906357
-0.737829498578122 0.5763716925076576 -0.3512880628541428 3.087253281153269 -0.5764123370136641 -0.8088260291513711 -0.11640134151147408 -2.861474620887693 -0.35122136718372393 0.11660242983352707 0.9290034577925497 10.898531320507221
-0.8051104547946814 0.5768833192092969 -0.1378506133405473 1.9490558419020427 -0.4955766339850378 -0.5265804700039196 0.6907364247370418 -0.8103730827500527 0.32588488063787335 0.6244346600153737 0.7098453352267124 12.388008121549078
-0.4965633393714227 0.7054182892611055 -0.5057765189965178 5.609027753778064 -0.7305032912947058 -0.024909440699626834 0.6824547319578287 -0.969316096805841 0.4688174393086315 0.7083534124573444 0.5276794971004009 11.253229367770894
0.1586729917033469 -0.6792403521136628 -0.7165580407506545 -2.326145439595833 -0.8428723076264506 0.2847728734856183 -0.45658589943536965 -0.5532220983320304 0.5141878593864033 0.6764147799887664 -0.5273271192271245 11.386839990556094
-0.182378129330202 -0.7865427370245602 -0.5899904582075286 -2.972901769031608 -0.8598314480779236 0.418628642669989 -0.29230111260907626 -1.3514085070033333 0.476894221854529 0.4539830199139573 -0.7526428892851945 11.093425053583763
-0.5301065069316457 -0.40359900823472133 -0.7457177293458148 -3.481299143376463 -0.5040275769444041 0.8572026207496674 -0.10564027953131658 -1.5900142178290189 0.6818675039832021 0.3198617006330252 -0.6578337171959697 10.420483929228093
0.4353901997833116 -0.8474323023011744 -0.3037990568602532 -3.977306535850608 -0.11286692685090996 0.2834166039716422 -0.9523319197718898 -1.7490968504564797 0.8931385283123103 0.44892485073752997 0.027749732150196493 9.836194152978903
-0.08502347612916099 0.0695898064742258 -0.9939458070447269 -6.0305228655219185 -0.30385652025480264 -0.9518501842930543 -0.040650236898697845 -0.47096711533025015 -0.9489163417317442 0.2985606898038611 0.1020749278632413 10.813461181016867
0.27567735897119683 0.3330684246303297 0.901702510956322 -1.8674489634265035 0.7845233806087123 -0.6200045428789972 -0.010836608680003327 4.312411756808806 0.5554503209369345 0.7103941098599257 -0.43222118139603055 16.55090373301544
-0.879218324893028 -0.2597358410086119 0.399390072570472 -4.615228704369674 0.4431032837426585 -0.13783372515611314 0.8858111221620901 7.32387060469377 -0.17502747529679413 0.9557924236491607 0.2362757410021008 14.9703952566948
0.5416672345427326 0.6106065681799081 0.577716388826198 -4.421002278815104 0.4027266751336648 -0.7917704470632758 0.4592502414729927 5.538671173363776 0.7378399773383191 -0.01609900781955595 -0.6747836614712999 16.39114910771368
-0.6346539445156838 0.20453583568773656 0.745237856412437 -11.982551720596058 0.7220416586983203 -0.18677472915186438 0.6661614246220111 4.2415202299232355 0.2754454824731445 0.9608747537893624 -0.029146075471140676 12.8272092312869
-0.7201059902750988 0.4234631545947558 -0.5496601854515002 -7.407332060069515 -0.6216080808941771 -0.7456973950367657 0.2398724427741514 8.55220296897076 -0.3083030271291168 0.5144067959660319 0.8002092799555526 15.336411554102733
0.8333886743717736 0.5450512079488441 -0.09155598365133247 -9.732549428066886 0.034823016801516046 -0.2171104689139005 -0.9755257053449835 3.0432822478585013 -0.5515892266258454 0.8098038188360753 -0.1999177332524793 9.66557637869185
-0.21530613663798032 -0.9594419030247706 0.18197390539918987 3.309882810831347 -0.26784702246422787 0.2372177597118773 0.9338017493206611 -1.662894486753105 -0.9390959695808914 0.15231207830465887 -0.30805809633807835 19.768070867789927
-0.1898781852357144 -0.2650301212833713 -0.9453598836338009 -9.280427789746101 0.7825117196119666 -0.6223949743149493 0.01731775439880545 0.5907770525303274 -0.5929769670413135 -0.7364669244168509 0.32556840417717003 9.359314207452968
0.9234434725820604 -0.3591453247677641 -0.13515468413281728 -11.410335101046297 -0.3613839065269914 -0.695483534837224 -0.6210509841177361 3.17702559476069 0.1290496999178044 0.6223482051615286 -0.772029071009213 10.568632304761753
0.8165587277943258 0.1971972402829803 0.5425357983466983 -12.492829069888465 0.3229808114665219 0.6228976927988772 -0.712517971513886 2.7240683458775257 -0.4784508746855204 0.7570414207496261 0.4449416228923161 8.467428414576025
0.6532613716444744 0.013258315916525265 0.7570163785389563 -13.710821033830346 0.3397922629133841 -0.8986349075834038 -0.2774824696026163 5.738348799678796 0.6766023931241897 0.43849688702614975 -0.5915485455032374 18.576455467935066
0.7818380878466283 0.23869466820928487 0.5759809543385833 -14.837585757009379 0.4670490949631241 -0.8362088034446675 -0.28743691470610233 10.707545980828531 0.4130306856475109 0.49374051121018636 -0.7652620206853668 15.566640614087499
0.4429301765750784 0.20835489093925025 0.8720098039018049 -9.660568899112405 0.3725459508907819 -0.9274490372739761 0.0323697039600323 2.8912438544815053 0.8154890392605254 0.31052620288998184 -0.4884169368118558 16.158626644510083
0.8566101308777976 0.3602925005226085 0.3693350751616868 -12.402067796356357 0.17159604333130773 -0.8740020120415568 0.4546155308173602 4.181742720157516 0.48659416518343324 -0.32605183179132186 -0.8105037454539994 12.932547386702511
0.49381678378373756 0.7811193600360773 0.38209623058898995 -12.218446114813485 0.8046381804464042 -0.2438628462120157 -0.5413763116403185 2.812158580925223 -0.32970044376886365 0.5747899247674794 -0.7489420269716545 13.56932347326914
0.9776854951745709 0.13274055690954262 -0.1628220411264934 -11.428624323306128 -0.2100717261781571 0.62135039037641 -0.7548467143994277 3.19728245047486 0.0009707655651116365 0.772206990987796 0.6353703020159118 11.84994503437242
0.8265318234493294 -0.08771919809684538 -0.5560130278246833 -11.110891535305997 -0.3837264764111549 0.6348791852423528 -0.670583634938317 2.2042204916732 0.4118241568031255 0.76761563456671 0.4910876718490718 12.570928580501592
0.9365036537368614 0.32782858818843463 -0.1244561099500007 -11.825938661308166 -0.2798671665158967 0.4849415001618633 -0.8285566429201592 1.5694491384090468 -0.2112706218192017 0.8107775022699744 0.5458979448294238 13.188470363784367
0.5538500647950615 0.12989539308357206 0.8224216026966765 -12.321636377073668 0.7315989015889847 -0.5474976944690475 -0.40621339434448545 1.1316962265155657 0.3975086828237801 0.826664055954256 -0.3982629604582401 14.107915118257313
0.3550640298779133 -0.7604056618098529 -0.5437947813048374 -5.545416118674988 0.7872209775657831 0.5569357069129139 -0.26477490599712467 3.7210348471637786 0.5041950685669482 -0.33407461420008044 0.7963551249159122 9.394601484258917
0.6846522986942783 0.6718891525310556 -0.282517604059888 -10.799506178543199 -0.08629613122806395 0.4596079992857206 0.8839193768255362 -0.2106991197238739 0.7237431917660495 -0.5807972569698271 0.37265310768677945 15.32562226976092
-0.22527923246642148 0.34447666296452717 -0.9113644145412765 -10.731228931811769 -0.6399705815101119 0.6529952354583953 0.40501219397722454 -0.8442427010264772 0.7346338695029992 0.6744872505403334 0.0733486648657734 16.45514599052131
-0.5988095800837869 0.24722655086978418 -0.7617782612708959 -13.002225552538334 -0.3054489652147675 0.8087723058968159 0.5025816220909554 0.4816824570654923 0.7403566819102172 0.5336350717104129 -0.40878551074067637 16.04729324148492
0.3543811086499583 -0.04845796126103999 0.9338446636472524 -12.450758562186179 0.22039145483829797 -0.9661949181098396 -0.1337721452806222 2.6709628250833672 0.9087582937537817 0.25321770516523 -0.3317215056709027 12.362313599482407
0.694400247158592 -0.3246355022197427 0.6421994140799427 -2.95930080184006 -0.7164517801601512 -0.2286616446615209 0.6590983985461041 -3.3775541288238653 -0.06712036540005749 -0.9177830042876278 -0.39136838603716995 6.652828472750968
0.30240425413394006 0.6437128332940493 -0.7029832539500807 -13.132515919812365 -0.9491569055203612 0.1356741642447513 -0.2840663476364299 5.682771334419829 -0.08748048802280571 0.7531442819334391 0.6520129253368033 11.018029593192082
-0.7128991890225865 0.6709684808057401 0.20390204524765326 -14.080525293744039 0.4441878275299411 0.20704937962870057 0.8716809784947713 3.813322356848335 0.5426526699143476 0.7119914691628039 -0.4456413666550967 13.074255411212917
-0.8898345441292513 -0.28394193297839976 -0.35717147530391913 -13.855619260819653 -0.0074434835196342045 -0.7736469402581523 0.6335732052275355 4.370614147699342 -0.4562226195919938 0.5664339242362606 0.6863042553029447 12.356531747831772
-0.4174863717958176 -0.8896313225639149 0.1850979180810621 -14.021080620390023 0.6523997872965868 -0.43524615004245193 -0.62043154852779 5.0040166202340615 0.6325184953028116 -0.13826387375740212 0.7621046216324008 13.100708087529078
-0.20515650701437765 0.8690990163475557 -0.450086333288816 -13.230810572295708 0.6631761858428373 0.46164644200447613 0.5891348819375368 5.652594821447846 0.7197973007455691 -0.17762168327183256 -0.6710755422983875 13.92730008469185
0.1726056050653173 0.6368632286271577 -0.7514070355823319 -12.925430088632861 0.679825270646453 0.4750034632449055 0.5587569340024539 6.885480721896681 0.7127726892148101 -0.6072700700083433 -0.35096745658472334 10.870481766338893
0.8148125889909046 0.49495358622242813 -0.3018300719071871 -14.291565008892295 0.029803294087701326 0.48419178885725944 0.8744541584695731 4.432261764734127 0.5789578641692867 -0.7215117872140175 0.37977431775697174 7.407007326410195
0.5965546589302104 0.2791665980671567 -0.7524550148894426 -15.089568513487627 0.7784630555206422 0.026802196358234956 0.6271179422244594 5.234950069998797 0.1952378295774839 -0.9598685601653935 -0.2013319078235945 8.315497754402537
0.06379390107548688 0.11341885361697163 -0.9914971012714977 -17.957473155483147 0.997963094581563 -0.00724400089284849 0.06338127723748924 1.7048875980278955 6.225918187885426e-06 -0.9935208543836793 -0.11364995321583543 11.445251119569049
0.057483602074061835 -0.5038065459023013 -0.86190173442138 -16.133464971094856 0.4619935663538396 0.7787517973115314 -0.4243908373559916 -6.884917419415597 0.8850184066674839 -0.37379754211344324 0.27752084132493005 21.283387673411973
-0.9189948121448572 0.22576680566004986 0.3232303895256405 -16.277776793544547 0.3883339373540175 0.660032955148612 0.6430810611555255 -0.529656327977519 -0.06815635223488781 0.7165094888275014 -0.6942397741920201 14.101722757601035
0.5848275498864114 0.09467212159536789 0.8056140057660918 -15.814197582158176 0.788880194611805 -0.29754293523454617 -0.537713901848605 2.442951697910861 0.18879824004237244 0.9500028374087324 -0.24869626750769724 11.559981526350583
-0.10861867150541989 0.9118133320938652 -0.39597781707600743 -14.758110808380628 0.6227045906093595 -0.24809013038655833 -0.7420850894869202 1.8780699521150712 -0.7748812664108146 -0.32718150103675303 -0.5408431272974722 11.681106503930963
-0.08356263313270226 0.94277444960081 -0.3227903708660136 -15.207025162220189 0.9938289131488074 0.10255752165595039 0.04226163912165801 0.95080010838293 0.07294777401257249 -0.31726690960716114 -0.9455264831483737 11.275767121900095
0.38911081266121106 0.8250698607373315 -0.40969806000640685 -15.490131128069514 0.2883598641811622 0.3133030659727093 0.9048147752891323 1.0248621583568134 0.8748950589639618 -0.4702136894593582 -0.11600742237229672 9.955374453101845
-0.4110606396000166 -0.07815106133931704 -0.9082519266058089 -18.017053336627647 -0.8615490828888088 -0.2923103826241099 0.4150756774175024 0.4558858825687224 -0.2979300729115429 0.9531248878408771 0.05282631761951667 21.923421989231034
-0.4535176108921133 -0.2741560384200447 -0.8480331616207804 -20.064429554792465 -0.6185338105429834 -0.5882383289146259 0.5209525828814996 -0.658749478372674 -0.6416679061834765 0.7607983537006081 0.09720166243721107 21.8326039829212
-0.7558258439589676 0.3339062964447682 -0.5632351895951212 -18.101024057768143 -0.653527543845422 -0.3316818351832974 0.6803593974105224 0.5220235397227213 0.04036140531601973 0.8823229258066336 0.4689106647933465 20.142514105012744
-0.3147594763140666 0.9264063647014841 0.206634265094334 -18.117651997318593 0.4697552790615622 -0.03712703833367098 0.8820156239083096 2.079985729833369 0.8247766060360158 0.37469031274527415 -0.42349819323175475 20.204001372077276
-0.23121980973989176 -0.9190972582870949 0.3190574076761008 -15.693543672991622 0.1554728188076771 0.2888234926190973 0.9446741198547264 2.2376312517870947 -0.9603986683642598 0.26803212479188304 0.07611292849250367 8.244553875632215
0.8118600855120711 0.07592314761724522 0.5788945302973793 -18.237644563783608 -0.5632307833331858 -0.1593411528105328 0.8107906522197311 -0.7754763589881379 0.15379950018845712 -0.9842997880101881 -0.08660046804076899 19.317729502580388
0.4140263602530714 0.7711294036925262 -0.4836751138692206 -16.855391666283115 -0.1336798778526738 0.5771045450877901 0.8056550343020947 -1.0565445526301835 0.9003953927430378 -0.26890479132924405 0.3420209787824241 18.983589246478363
0.3602840580465553 0.5935488711354602 -0.7196493139657172 -17.331313343964116 0.5639489150912137 0.47593152142797657 0.6748709566122211 -0.3698030571756287 0.7430726873495951 -0.6489906967631143 -0.16326070203811474 19.28796275289811
0.45789007136669685 0.40001163688592667 0.793931592078085 -18.1526955268682 -0.8425028458891413 -0.08981022739485836 0.5311525936338648 0.06980273223238566 0.2837703952361824 -0.9120991247727002 0.2958877310338759 19.12715359975054
0.6750577180111103 -0.6468551494018533 0.3547893643359929 -17.099335031653 0.42655604480345666 0.734577366229981 0.5276798590663248 0.20368237370432066 -0.6019526708930392 -0.2048768135122435 0.7718020946394262 19.562418227399945
0.14231796049904194 -0.6709146124700773 -0.7277493942927881 -19.513184626186682 0.7953762017305136 0.5151478076518365 -0.319373502332689 -0.20874477313882167 0.5891708545406291 -0.533381963554855 0.6069443014925112 20.596490912034678
0.17114119747814 -0.48116075801577796 -0.8597645116375936 -18.945897520606955 0.6725860848176263 0.6947269516696059 -0.2549164983549579 -1.057636197371787 0.7199573939028927 -0.5346389319620659 0.44251843283078784 21.57911169964941
0.5379958264286901 -0.7417167730826337 -0.4005205603626295 -20.554960948170983 0.7494004050134422 0.6384018677578653 -0.17561915672544642 -0.8877014297796655 0.3859527480288213 -0.20566789679274955 0.8993003905914019 21.480518520174876
0.569333723286827 -0.082183118943843 -0.8179884146422987 -21.690643520530735 0.33962396954766416 0.9296295178879033 0.1429843305407697 -0.9732804330349727 0.7486752772978722 -0.3592142737032685 0.5571807917819738 21.635366246524384
-0.9894833835710144 -0.03765093928365515 -0.1396604468269962 -18.42003174750921 0.026743776636517433 -0.9965024306382092 0.07916865631900893 -2.2841366614099448 -0.14215274899935576 0.0746010221324061 0.9870295251149921 22.354961151378276
-0.945399714372172 -0.2744374792743709 0.17579377131896629 -18.91095223057601 -0.17212303887448765 -0.03760005386216142 -0.9843576054657037 -1.2330951007225979 0.27675447521878926 -0.9608695571819791 -0.011689932732093483 22.661637382494785
-0.48981914338568444 -0.7559215871649823 -0.43434981389530697 -17.67043052164303 0.04250347231588503 0.4769104913523924 -0.8779235946704662 -2.1205468301392214 0.8707873802565165 -0.4484851583898775 -0.20147059609282766 22.966142766478402
-0.5155878198763947 -0.36164542188823107 -0.776776537250186 -17.71773362652773 0.2569165235436543 0.7996006336769913 -0.5428008166478725 -2.661768181524369 0.817412441748564 -0.47942821720319884 -0.31935166294230094 22.809214617740693
-0.31310767854078897 -0.21653665661639546 -0.9247029025477268 -18.264540744060263 0.44005590882660783 0.8297536454222448 -0.3433069836389644 -3.124801750038462 0.8416141507517481 -0.514413028849279 -0.16451400245731312 22.659204710501655
-0.5405639640771076 -0.6772837722348688 -0.4990764396448203 -18.823520611902506 -0.2580706362863734 0.698110141141511 -0.6678635920022336 -3.5311396682095992 0.8007434966504502 -0.23222601642082666 -0.5521602393049719 22.479462140321317
0.48353305056595275 0.17084277812735998 -0.8584920117112974 -14.035213162832017 0.5169301158920949 0.7357425057974412 0.4375685322857301 -3.127018245787788 0.7063844875803615 -0.6553592223541438 0.26744204116257114 23.68550209801179
0.6979336527144938 0.2617040767948555 -0.6666330269327773 -14.06569177721413 0.507131789238439 0.4766535128103866 0.7180659977114487 -2.7915612605992677 0.5056737730517807 -0.8392332243866842 0.199954070558979 22.747550878383144
0.601418298871901 -0.013980729272328796 -0.7988119734900347 -15.639008705088976 0.49199517224036876 0.7942517323892044 0.35651779210709555 -1.7847178495504998 0.6294734150654813 -0.6074279585315133 0.48455597707596093 24.175243133302864
0.24229950122081395 0.178703278357275 -0.9536016411544743 -15.849386896470653 0.581092909051351 0.7603617596491129 0.2901396655294533 -2.280382652165084 0.7769311312840946 -0.6244318479767565 0.08039206723271825 24.022111680419314
-0.06061662318008618 -0.20348779166143396 0.977199234362674 -18.355006672705546 -0.9706107489243223 0.24044118794584307 -0.010139487746321882 -3.5962175107706704 -0.2328956827998524 -0.9490947022209876 -0.21208217074814634 22.834385843315783
0.5321284069216915 0.8270108554503498 -0.1813626298724831 -15.984734923488013 -0.8209089894160838 0.556397512047561 0.128569979712017 -3.275510321906316 0.20723848494632158 0.08046647472435364 0.9749755672849391 23.778264013434512
-0.008083549399644771 0.962731665618783 -0.2703375598099299 -15.887543891248962 -0.9790395838989049 0.047400211758284794 0.19807754310958348 -3.7500593673451537 0.20350958058077442 0.2662723416732458 0.9421692473604113 24.51896770256502
0.9983376960789646 0.022348106397020878 -0.053126328013633387 -16.491519932091837 0.045817227396669935 0.25148463423802947 0.9667762204439277 -4.114912694009177 0.03496607300550879 -0.967603245593271 0.2500426620717782 25.060773512514643
0.6778017756812399 0.6151728803438394 -0.4026749063113103 -16.50443092837363 -0.06160171689213145 0.5932638331436476 0.8026476516876182 -3.639571456066825 0.7326595262188981 -0.51923053798209 0.4400109851668813 25.168392690900745
-0.293044127860733 0.3463484729457659 -0.8911609699793177 -16.44503078812213 0.16950855404389403 0.9361351340356191 0.3080874241673326 -3.5370329404194703 0.9409527029730508 -0.060776196921572295 -0.3330379327576057 25.181634843912015
0.6301214164171585 0.7635199096556017 -0.14136600769610672 -17.306556561663193 -0.5833043274151719 0.34526609121569785 -0.7352192787701962 -2.687648574689648 -0.5125456683956742 0.5457368173544233 0.662924025807405 24.46458368012036
0.676926922899277 0.5832125965906387 -0.4490356424963623 -17.111658255625798 -0.7236254796394952 0.4156930168219533 -0.5509677676434197 -3.2025283854956195 -0.13467036151516965 0.6978985477442031 0.7034212896876989 24.55362775227659
0.4966716298385726 0.8677673383364451 -0.017237709533973744 -17.93871977838726 -0.27363293991562043 0.13770592448892605 -0.9519254658605292 -2.868435299776131 -0.8236760930770245 0.4775111777509845 0.30584435390609654 24.591703283972507
0.7501470832122805 0.6487366365333893 -0.12814105496464784 -17.422789659504748 -0.6468949250970475 0.6797423370372835 -0.34565490177744895 -4.452812086869942 -0.1371360982082886 0.3421858145195931 0.9295711693623945 24.98420740727225
0.6588795244260883 0.7497192152461831 -0.06163497856492767 -17.612604886285986 -0.7260036295514752 0.6123005054679375 -0.31306041091423975 -4.7869701640209765 -0.19696827706546072 0.2510163128052749 0.9477311372617808 25.46534640679561
0.6515294106413314 0.7580309802730887 -0.029974322604183784 -17.622293556671373 -0.7267892726168549 0.6123761252798737 -0.31108332388006804 -4.943446199626793 -0.21745523741317968 0.2244649507906048 0.9499098407681379 25.889542478471352
0.6422810486920913 0.7664500057080252 0.005426162654716772 -17.59816206696303 -0.727404496797782 0.6117618414251079 -0.3108539004331886 -5.102927607357598 -0.24157349301890102 0.19570855404485818 0.9504422177830264 26.296619295118397
