0.9999899678422716 -0.002507928216098922 -0.003711402389042054 -0.000774485315954576 0.0025041551974680667 0.9999963434735513 -0.0010209040988808835 -0.033123653813395486 0.0037139495903456697 0.0010116005091251718 0.9999924915953807 0.9994509611434395
0.9999891655136972 0.00014791259096148243 -0.004652630688924551 -0.06042211261055121 -0.0001586978963780823 0.9999973012383319 -0.0023178282361929845 -0.04096124387435367 0.004652275808408464 0.0023185421968235365 0.9999863902573624 1.8566697114351536
0.9999831979831321 0.0031417335854273727 -0.004871679536490039 -0.177673731770787 -0.0031622122385383555 0.9999861732928491 -0.0042016231248305815 -0.02271277476165378 0.0048584117967191845 0.004216957813740422 0.9999793063366914 2.573279847985522
0.9999530549568723 0.0037262649652082132 -0.00894443021258632 -0.2107261622632172 -0.0037622700791134778 0.9999848745646442 -0.004011977789647926 -0.03739348514421098 0.008929345231906579 0.004045440809341092 0.9999519494467661 3.4319489056916166
0.999909384087347 0.002253565353340352 -0.013271965086617736 -0.22876050769832706 -0.002308577604131777 0.9999888020298491 -0.004131135964012126 -0.049290666345287504 0.013262506682670407 0.004161400978718238 0.9999033896624147 4.292112891752551
0.9998414638795657 0.0024998432831034143 -0.017629460874542716 -0.2641218568873357 -0.002592833479839448 0.999982837138961 -0.0052538216623352054 -0.06573560264226225 0.017616024571762312 0.005298698998218421 0.9998307854168191 5.150625624445259
0.9985249028152003 0.00944876539793133 -0.053467179562324385 -1.2345175506516761 -0.01393226317585109 0.9963587125385525 -0.08411425557726182 -0.03383975460905314 0.052477714324213956 0.08473509769259112 0.9950206292928471 4.3066365974195895
0.9996809175525377 0.012412190730034033 0.022000013695392916 -1.303316563177217 -0.009944733321710836 0.9940011217924959 -0.10891681300157313 -0.11628641816379245 -0.023219934549353824 0.10866327528903613 0.9938073894085225 5.03658388632304
0.9980155637398339 0.014521603197114201 0.061270364562720434 -1.2760620761809045 -0.007107010335122278 0.9928040649847126 -0.11953902690722462 -0.23526705590692829 -0.06256536531627982 0.11886636021354102 0.9909371137829206 5.827100440886793
0.996243227242145 0.016718275951333003 0.08497017961244392 -1.1837834693679379 -0.0059287142522514704 0.9920532277931583 -0.12567912942287418 -0.3551550152322761 -0.08639607931770431 0.12470321757834271 0.9884254271335483 6.638126053674452
0.9997735090959081 0.016672389567022935 -0.013227317799896356 -1.093601174717569 -0.016746730753434285 0.9998444734114886 -0.005529556724992047 -0.3118030693445442 0.013133069676431755 0.0057498186604751506 0.9998972257518495 9.637766774117376
0.8164754015172987 0.47827815478253033 -0.32344694367853355 -2.7619188848850413 -0.5272180743551819 0.8459616152037795 -0.0799377737682659 -0.1541297155755939 0.23539120797170865 0.23579430073610924 0.9428637372123235 7.581917444786661
0.8652650251035997 0.1945839925486106 -0.4620102879550506 -2.7485818916330405 -0.3408941842946053 0.9041043646988729 -0.25765568661794064 -0.535799757319592 0.367569845670972 0.3804370743977105 0.848622437234091 8.310736596354714
0.8622846733616857 0.04233170148574409 -0.5046515323813582 -2.9985229351597593 -0.2518404749680466 0.9003907688839832 -0.3547856232661889 -0.9341093700888663 0.4393649021637934 0.43301788687978154 0.7870539958533778 9.00455468386313
0.8516098854246786 -0.05271067084822651 -0.5215191158775441 -3.282770373745819 -0.2001115557553263 0.8868816956208337 -0.41640872136147417 -1.3974174405709128 0.4844749408381699 0.4589797851228796 0.7447292048445575 9.668397328666716
0.8400701480237238 -0.11381967839151301 -0.5304028914044973 -3.6296920750000083 -0.17071224054454298 0.8725997789840598 -0.4576319008168376 -1.9004528481772973 0.5149169615847398 0.4749891646425447 0.7136146131803335 10.282435690831706
0.18495721791885777 -0.33530519381403967 -0.9237755433767693 -1.9610535243565055 -0.7756239345549291 0.5274288388290572 -0.34673668989157147 -0.9976038960481495 0.6034884751884226 0.7806338751122464 -0.16251896302275246 9.16772906772727
0.0576339322673302 -0.4727144348745729 -0.8793289446575827 -2.3701541499979513 -0.845254716362151 0.44559204246732576 -0.29494439502614045 -1.0760786105624078 0.5312464534648151 0.7602557429911401 -0.37388288397577846 9.043029274206685
0.019838967700003252 -0.5493035023317592 -0.8353873818095776 -2.914814443596952 -0.8686063393483716 0.40429826455359386 -0.28647153527492825 -1.2281273912761073 0.49510548634045687 0.7313060751867272 -0.469107644139983 8.667749928957301
0.006069073842469693 -0.5990773974567598 -0.800668119884344 -3.4845949322762233 -0.880789561703139 0.37590298287322177 -0.2879352278930204 -1.4276935208204171 0.47346902151828885 0.7069676225425391 -0.5253797353715347 8.187798229401931
-0.15922283228680698 -0.5605134854478133 -0.8126947288556208 -4.1803626676181755 -0.8778660671975969 0.4569961920165421 -0.14319793485034754 -1.7009792809046174 0.4516627699308323 0.6906367446882072 -0.5648199971184485 9.901657322477085
0.04386458126881259 -0.09983626539499213 -0.9940365278107702 -5.001793830145072 -0.37306481232364735 -0.9246539219657949 0.07640530347557892 -1.6006860729085737 -0.9267677941728625 0.36748856404690233 -0.07780495471827144 9.823298549412629
0.04733705260211398 -0.10104775324935229 -0.9937547760962977 -6.023440457032072 -0.37922791696500313 -0.9222009242549907 0.07570761056607987 -1.5603278035437484 -0.9240916569503966 0.3732757785692751 -0.0819744026399221 9.753719795031042
0.04601731250910204 -0.09178830177655771 -0.9947146900525873 -6.974418420841123 -0.35228540455726864 -0.9332844295433703 0.06982239832480036 -1.5132022200264692 -0.9347606114323391 0.34721042788038664 -0.07528292027915547 9.646364939895426
0.039218003417063906 -0.0799960342139667 -0.9960233846240844 -7.922811800181766 -0.32413506703680695 -0.9439075445260003 0.06304764629977462 -1.4546917550079235 -0.9451975489415027 0.3203735037373327 -0.06294768921923605 9.643860251025702
0.03438470682806287 -0.06748454142396558 -0.9971276390739277 -8.873499848277197 -0.29821312959957796 -0.9529585611005387 0.0542117160733357 -1.4427160258080467 -0.9538797729644828 0.2954924998946465 -0.05289197704036762 9.672082754173218
-0.05169380964632792 0.024169328785567823 -0.9983704691096917 -6.895672598731322 0.14875848528066796 -0.9883675836903733 -0.03162961534784232 -1.3058792966034924 -0.9875214747544737 -0.1501511340486854 0.04749709299149955 10.874810080249324
-0.06500692037243326 0.03296402419581389 -0.997340199436737 -7.541114510931972 0.1961710288412322 -0.9795291407723739 -0.04516181817761235 -1.3613591327346293 -0.9784125038791486 -0.19858508374637066 0.057209586315427684 11.063352664220032
-0.0738310051180142 0.038436984179343554 -0.9965297692143776 -8.337292813614713 0.2270318996134207 -0.9723709447585639 -0.05432552206155215 -1.4419633129860066 -0.9710847024030322 -0.23025495442342914 0.06306470266543023 11.206021254556195
-0.08155061533427715 0.04031058710803094 -0.9958536808716466 -9.194460005317953 0.2532231573145975 -0.9655565842122554 -0.05982069277423619 -1.5217268632436107 -0.9639644857245666 -0.2570516275991435 0.06853415944187098 11.32692997911859
-0.23273752830506708 0.07218251084688636 -0.9698571688894649 -10.339059719343142 0.03163021052574605 -0.9961524753590076 -0.08172989427510144 0.41937564393645266 -0.9720250885139465 -0.04969840001409948 0.22955891691566507 9.509918553556076
-0.19504250859668484 0.7887883598445321 -0.5828990849315898 -10.187792445773454 -0.9216688679529127 0.055824616964545826 0.3839402427294607 1.0174891736924518 0.3353877124861732 0.6121246078328614 0.716113501338131 10.184127679523442
-0.24305728264046703 0.7313990119710791 -0.6371645334159466 -11.06232956871856 -0.9593184526508592 -0.08398150064197939 0.26954631133347584 1.2202366175821169 0.14363587211763523 0.6767588882590684 0.7220568837725707 10.906214571572873
-0.26411030480166725 0.6867423394019967 -0.6772227891692976 -11.89066066883787 -0.9642455732465209 -0.17211801470398788 0.2015089662740772 1.4007283975116394 0.02182249692542088 0.7062296710610724 0.707646402054663 11.544695395791313
-0.2696696749780166 0.6526585351663411 -0.7080360886789449 -12.70944105284984 -0.9607405357357949 -0.23216627253716388 0.15190933114952287 1.449498934807088 -0.06523717798423731 0.7212043111149061 0.6896437139842039 12.188860097224188
-0.2666291051489801 0.6281611507901281 -0.730973658161138 -13.54945216266385 -0.9545242392833225 -0.27706990858535935 0.11007153300056652 1.4234168749199134 -0.13338814380614286 0.7270803493387251 0.6734699463951077 12.791832990586546
0.4950723695124963 0.8144683586792286 -0.3025634506275429 -10.321529097287298 -0.7790566514174317 0.2619455055395034 -0.5696097664277825 2.930464203001226 -0.3846739955176861 0.5177121254500585 0.7641989743086821 13.392057102959072
0.6628041961760643 0.7083217931955584 -0.24283911302677288 -10.720547338982138 -0.589020585712776 0.2929632740724295 -0.7531449194221129 2.5173961821665083 -0.4623260182360272 0.6422248495106611 0.6113934048818565 14.326918192213315
0.7334607320852866 0.6483438320657701 -0.2041705902209898 -10.993602605744163 -0.4759364323006803 0.2753891563659554 -0.8352516536738778 1.63285877365912 -0.485303891286496 0.7097965116695908 0.5105575825740573 14.955639431926658
0.7738578172258257 0.6081261916961919 -0.1769932588873549 -11.202147800656082 -0.40041696260701565 0.2532322421552865 -0.8806473116915636 0.5721684113853988 -0.4907242960920641 0.752366909497017 0.43946979272625275 15.416700776738548
0.7747243508841339 0.6276662564890833 -0.0764019018882193 -11.90107805276355 -0.35901605092201 0.33719607093365334 -0.8702909197086175 0.6850495817597434 -0.5204898225013835 0.7016650769504539 0.4865762678764672 13.700918488361582
0.9224273806127035 -0.3838524112916056 0.04224989753369602 -11.678965233602561 -0.09822625326040528 -0.3390288147212265 -0.9356340448910258 -0.24598073138806842 0.37346931690088087 0.8589044121055263 -0.35043384568167707 12.947704784203715
0.7009995269074129 -0.4437092896157703 0.5583204542055147 -10.505550295003772 0.3121884436210496 -0.5129618847145595 -0.7996302148490603 -0.9898118640284452 0.6412004670499318 0.734841595950281 -0.22106512596109215 12.83996507834468
0.4821609721193581 -0.3992813278087218 0.7798046025949187 -9.219039874712514 0.5201739975532391 -0.5857461294892271 -0.6215468478384165 -1.2841381303190829 0.7049395784281072 0.7053197098137074 -0.07472815877504904 13.08673169819531
0.31827478823049626 -0.35329206407970204 0.8797078359518784 -7.97177134568686 0.6303712548229606 -0.6142138784700654 -0.47473507621376193 -1.2940257670149484 0.7080488968071054 0.7056387382741003 0.02721636965462369 13.432336197712393
0.19372219019276002 -0.31144404786152274 0.9303087219189933 -6.783269004693657 0.69269841405943 -0.6280852070540812 -0.3545107612462294 -1.1325350231175535 0.6947234127237042 0.7130999773744642 0.09406275608373643 13.818724708906766
-0.9501753184971196 -0.23387189986681808 -0.20608444524413616 -13.017323522501412 0.061139761115836466 -0.788112934847266 0.6124866786609554 2.3482269749027713 -0.3056612401492814 0.5693697712199999 0.7631443309697642 13.791764376659113
-0.9351467393658003 -0.20762065345589872 -0.2870439689525945 -13.520410226952748 -0.03570823970784279 -0.7508930981214365 0.6594577141944423 2.943059003543567 -0.35245637669147023 0.626939566028606 0.6947814642586427 14.036136785948003
-0.9216662801835429 -0.18395063430436268 -0.3416042038846324 -13.979706065048488 -0.10915764563929253 -0.7219528457658362 0.6832779060448962 3.5932603982933253 -0.3723115313431986 0.6670429166325312 0.6453199756704023 14.416795419132594
-0.9082295619411356 -0.1629480242557492 -0.3854439053965707 -14.502920478887594 -0.16957145189228062 -0.6987593906034754 0.6949682271489852 4.260513489569022 -0.3825762479811793 0.6965509711676579 0.6070026021740235 14.802101517273154
-0.8910190277162395 -0.14244782520675292 -0.43103794420152236 -14.307292447989118 -0.16794471880708753 -0.7786951280028024 0.6045067981830378 4.982961912842503 -0.42175782585794036 0.6110176058990169 0.6699088158913996 12.995951177996817
-0.8821446234182421 -0.46811560933394497 -0.051852094192969996 -14.42884085637266 0.4669462803878899 -0.854899885246937 -0.22606936421524804 4.3464550392585455 0.06149824880597541 -0.22363801667579178 0.9727301799014547 13.811124262989289
-0.7980653700451351 -0.5521023649248834 -0.24140141627395584 -14.850470604700078 0.5996790957762417 -0.6885123513085903 -0.40784276894963495 3.9409609159814147 0.05896310052660113 -0.4702485733522931 0.8805621114018153 14.59559075883415
-0.7539085659763155 -0.5629167920731574 -0.33874261519566795 -15.343633958183872 0.6541478608988784 -0.5953656072953634 -0.46650870273902095 3.441353594445835 0.06092987960727141 -0.5732926642229849 0.817082046626381 15.292433192822699
-0.7298279632943264 -0.5597261108105478 -0.39250200619939907 -15.86325818154064 0.6808986387885868 -0.5438821040629929 -0.4904786443626887 2.9123555359531355 0.061058887064082426 -0.6252191117975437 0.7780571152258591 15.948572456535615
-0.7163240423826562 -0.5528687176239327 -0.4256947819476271 -16.414297449060935 0.6951618560411185 -0.512774842828129 -0.5037975332095764 2.3956118030073243 0.06024832122173005 -0.6568090602568263 0.7516461921373033 16.583782246738163
-0.8252285265412003 0.5132706811956217 -0.23569278055897563 -14.220376080478097 0.3981230624433558 0.23262893208827753 -0.8873453708146513 1.5315136796721922 -0.4006194030914666 -0.8260974444824595 -0.39631692631805043 11.964552392652955
-0.7826839459000344 0.5893969724383361 -0.20004261973608434 -13.96079998262507 0.4674184183331326 0.3443593253678322 -0.8142092343096855 1.5064286853574371 -0.4110059160563326 -0.7307721012140067 -0.5450195162138328 11.361810902582988
-0.7564942860742133 0.6274070522972186 -0.18459898662988888 -13.978983206192122 0.5131829942759443 0.3944977590991581 -0.7622432239460831 1.2239392300150234 -0.40541288771207395 -0.6713657042130302 -0.620409930355325 10.686457620309838
-0.7393424270880432 0.6501910189043882 -0.17499832697381748 -14.03517297004164 0.5423670037072603 0.42105929920391877 -0.7270124482039588 0.8408137713707295 -0.3990122915364518 -0.6324244662329077 -0.6639491589819596 9.963678853291825
-0.7630639543016616 0.6335585180154807 -0.12781629745670106 -14.829546904309861 0.5358302304313451 0.509536296887747 -0.6732449229736626 1.2090064933285232 -0.3614130127726499 -0.5822167692569062 -0.7282885882633664 11.002941520960844
-0.6467865401330355 -0.6758871540646153 -0.35333231733478854 -15.570629553587132 0.5037127278237775 -0.030706122447258788 -0.8633253279457187 0.6335463527471057 0.5726610335364768 -0.7363651872642327 0.360313268773501 12.241117259321522
-0.6791205281148546 -0.5818257871308584 -0.4475199009234766 -16.173102404042446 0.5800321335954564 -0.05173514114556942 -0.8129490753837854 -0.13744098277773642 0.4498422304427472 -0.8116663283641898 0.3726120490672428 12.458065413166633
-0.6990877651707798 -0.4754064024064381 -0.5341020961759015 -16.8676998233211 0.6300895661995223 -0.0564643966566725 -0.7744668556346977 -0.7951241561165845 0.33802874900668173 -0.8779524613902311 0.339022182731178 12.624428458650108
-0.7016765090803637 -0.377827466443393 -0.6040666206684167 -17.644483989677596 0.6680702865573842 -0.05420029270664156 -0.7421215671907455 -1.3731782640112025 0.24765332387013947 -0.9242882309493511 0.2904463759536182 12.70279242239177
-0.6943899853823325 -0.2914031304299699 -0.657956505991344 -18.46551531801475 0.6988956697073528 -0.05535926320812084 -0.71307797248363 -1.8913127189769758 0.17136916602771543 -0.9549971557825018 0.24210130396653678 12.715116907918906
0.5087216973534091 -0.4523476564403242 -0.7325188273039901 -15.309937039461854 0.8089430528490096 0.5423396583905804 0.22688947129409345 -0.2923907620456796 0.29464108995384714 -0.7079896133770149 0.6418234457084548 16.763575241702977
0.6034834199440959 -0.16188881844987543 -0.7807687060285409 -16.491015964308573 0.6955498009068575 0.5856663646120418 0.41617950913103013 -0.08226705902683051 0.38989516066631186 -0.7942209515135054 0.4660416761041582 17.533373719922942
0.6225232959317168 0.01384446391124486 -0.78247880280639 -17.67192915184594 0.6384781456161234 0.5692013374643028 0.5180303996865878 0.5243552928624118 0.4525598342682526 -0.8220816068054674 0.34550170500191835 17.811344850527174
0.6215106039705544 0.136205826106685 -0.7714742653431499 -18.748770876976145 0.603018950935695 0.5454581514253573 0.5821026970011782 1.235774336611763 0.500092705370285 -0.8269966009472031 0.2568733307628529 17.861981589961616
0.6388100783298525 0.1607434587752879 -0.7523850239639044 -17.97048543321708 0.6388402520692998 0.4341232742535901 0.6351536153462207 0.1656568108400751 0.42872463908695624 -0.8863963691330754 0.1746329311082519 19.433115757796987
0.5379475681915687 -0.3724905146800341 -0.7562163912202517 -18.37447311208486 0.7187485115951275 0.6714110284190008 0.18057632180640143 0.25598685659096865 0.44046905788780055 -0.640669998822126 0.6289109330045792 19.1900776145175
0.514555027656865 -0.2891188367915101 -0.8072443383049317 -19.111973642024168 0.6623256781407312 0.7319237810170082 0.16003835433166438 0.48707643027908565 0.5445712254503201 -0.6170071936323683 0.5681058910251203 19.777490340911907
0.5047876815129024 -0.23659846111235872 -0.8301870661435847 -19.873553517369476 0.6155548548163301 0.7728990155322323 0.15401081942952072 0.6282621597534769 0.6052120432582909 -0.5887684434381393 0.5357892334739053 20.204694656529195
0.5030244680357667 -0.19670754306249089 -0.8415892864453853 -20.59648632789005 0.578983069133857 0.7996547815420456 0.1591566398655165 0.7561655939138923 0.6416735854105833 -0.5673256321190334 0.516136258101546 20.621769087723337
0.5028836417819774 -0.16804626747011206 -0.8478611294412896 -21.305826843013637 0.5526050861264763 0.8167694322093184 0.16587740471690748 0.8980854850406695 0.6646319745658084 -0.5519494058315769 0.5036032086741745 21.011806919986423
-0.1980621310996619 -0.4845899945654703 -0.8520234324191427 -18.457129637946277 0.2879024692524465 0.8021414311983694 -0.5231455749152191 -1.201279389928048 0.9369544068003546 -0.34891497749748246 -0.019359185296053242 21.197860177236617
-0.4437156744499545 -0.4511931264861724 -0.774300434494941 -18.66243035675477 0.19463879591253613 0.794868666618917 -0.5747169233224159 -1.4736738014561332 0.8747754794077965 -0.4057198114944574 -0.26487599964466746 21.41557463167348
-0.5575211340296145 -0.4286287686078449 -0.7109483552495611 -18.96040961854885 0.13556865049866537 0.7978915679478951 -0.5873586526132228 -1.834386534408254 0.8190185139008187 -0.4238471711824577 -0.3867327880699068 21.22825797120852
-0.6224236027766867 -0.41138117566727955 -0.6658486216949735 -19.292831025198712 0.09777761932273793 0.8031941928652769 -0.587638175842137 -2.2179161931089992 0.7765490299176653 -0.43086496359544396 -0.45970315126158284 20.943657563956513
-0.6111960997357009 -0.3377415726555022 -0.715800221967034 -18.213728754393575 0.13891313053695215 0.8445694742359976 -0.5171127008236737 -2.985068950562792 0.7791934739410301 -0.4154913155397095 -0.4692808294388239 22.510327715954958
-0.7194873456020296 -0.029971215139782247 -0.6938585488279219 -18.645997999051687 0.6412888761440094 0.3548720847112071 -0.6803046235523281 -3.5987265843532525 0.2666205859503327 -0.9344343367812242 -0.23610576738346384 22.403394982446486
-0.6171327022100098 -0.15114789589635677 -0.7722056341604069 -19.185998103142232 0.6853029278164326 0.3790024231611552 -0.6218657896718534 -4.0584255873499515 0.38666151216431754 -0.912968497158624 -0.13031269395851866 22.402485515160862
-0.5355105980847144 -0.2074383675183211 -0.8186560468354741 -19.756749075534174 0.7153349188599879 0.40385854913569247 -0.5702580347084896 -4.394089496157181 0.4489146391002712 -0.8909924780666486 -0.06788262539211345 22.43502593016296
-0.47512613318995284 -0.24303804338274573 -0.845687688824101 -20.310135498850673 0.7305625848161341 0.4267328039387284 -0.5330829426171496 -4.685143164429091 0.49044211404275984 -0.8711094210897259 -0.025197405858360066 22.420234687706017
-0.4267901908540942 -0.26411181794741667 -0.8649248988271971 -20.871842991626234 0.7415841362106411 0.4451768594993838 -0.5018670468231438 -4.932570379118605 0.5175935682670756 -0.855606516680873 0.0058640175459886 22.446096093961803
0.8804742620173253 -0.17965007076159895 -0.43873787846548956 -18.136153648934364 0.47409155234127737 0.3365829902910053 0.8136025384949352 -3.112454841972136 0.0015079534754145535 -0.9243580165293733 0.3815232409096443 23.636749240073012
0.9670085353121488 -0.11720545657761046 -0.22617995840013447 -17.683954187329014 0.2533340414645215 0.34916487138276425 0.9021672550184414 -3.0588331578260437 -0.026764828949663953 -0.9297025188417486 0.3673375428548023 23.812323073226622
0.9901687968163027 -0.08811364128185005 -0.10863581376051297 -17.38285070472868 0.1329236362885833 0.3508976781047498 0.9269315651203794 -2.832334173028709 -0.04355526061425684 -0.9322589799625153 0.3591603173404258 24.05264663026503
0.9966366326082031 -0.07536938107042213 -0.03216953435228713 -17.118418217505173 0.05672209860263744 0.35114575720409363 0.9346011238639061 -2.5101936720125755 -0.05914411275430661 -0.9332824404190968 0.35423983447924184 24.237855992563507
0.9963675531339117 -0.08313833904560677 -0.018431376581231933 -16.499129689902826 0.03807655056514933 0.2413508157558785 0.969690651718903 -3.615900414064055 -0.07617004239857744 -0.9668701051923727 0.24363974291213092 25.19640681117338
0.2673788712105256 0.8802847616944266 -0.391927643269484 -16.73188496426868 -0.21070337106405274 0.45030495367792633 0.867657500466264 -3.278610894306398 0.9402726352778908 -0.14941280742194604 0.30588099700024396 25.189972472657796
0.4607030117265998 0.8096922560527494 -0.3635260451112814 -16.889677811122898 -0.2105235173840984 0.49758313178458585 0.8414813578396553 -2.8225493034071127 0.8622253670672576 -0.3111422141909605 0.3996973091404032 25.483415054528596
0.5654126944026099 0.7554477198791908 -0.3310698227530143 -17.03582945793399 -0.20894811974480607 0.5194873357302674 0.8285370186485203 -2.41715374604786 0.7979029817361827 -0.3992889311578768 0.4515741148375417 25.76626238126543
0.6361944442138726 0.7091361397066004 -0.30394500244850714 -17.155623597488983 -0.2042055309211582 0.5346707855993598 0.8200166170071016 -2.032137041256022 0.7440139315178244 -0.45962276530714286 0.484964105185946 26.048086832515928
0.6840740761517269 0.6722083508325669 -0.2831582444643314 -17.19117761591202 -0.19745361183944832 0.5443638270177973 0.815279151583121 -1.7114075248367882 0.7021785595621086 -0.5018007143333875 0.5051151488381476 26.409591569674284
0.6578555598764975 0.7000250500035962 -0.2778326685381752 -17.670139805420096 -0.7531317522337945 0.6135610497584564 -0.23735079944368265 -4.534513177472918 0.00431579851651852 0.36538714753910473 0.9308456404240186 25.75530272124678
0.6587209591743477 0.7406675296799619 -0.13228117183564098 -17.69597877024145 -0.7413308239477466 0.608900693080883 -0.2822561875859861 -4.813589932572262 -0.12851189598392307 0.2839921767292245 0.9501753186371524 26.00378945239809
0.6472669765919524 0.7614551029814203 -0.03509397607949516 -17.645269494453927 -0.7333644649748828 0.6095107988851172 -0.3011198225865083 -5.04918574153228 -0.20789906812108833 0.22064159214885465 0.9529403261948789 26.338157756796793
