0.9999899678408926 -0.0025079281538607145 -0.003711401886331844 -0.0007744853159546878 0.0025041550056302707 0.9999962434742001 -0.0010209048441464654 -0.03312365381339615 0.003713950090991413 0.0010115996607375961 0.9999924915964856 0.9994509611434401
0.995537613414163 -0.023740510003252148 0.09133082714802013 1.258863713405658 0.03136756639377714 0.9960554258530836 -0.08300294813552336 0.25127857309646207 -0.08900002775897 0.08549737750135795 0.9923552870863479 1.0685457574498005
0.9788661403857225 -0.029856081654382843 0.2023109556132059 1.8601763077592608 0.046529341536915444 0.9958538965583339 -0.0781653195374037 0.32446816056750616 -0.1991384425465757 0.0859267769141274 0.9761968261294768 -0.21412595790113542
0.9793686776714756 -0.012695236351759048 0.201682676572141 1.3978914142112002 0.027987580005860123 0.99692774776448 -0.07315414017414827 0.32942640762741504 -0.20013435027001164 0.0772894764934001 0.9767150961281393 -0.9301760042481377
0.9791149086087213 -0.008797118188234572 0.2031174711867289 1.1662556474117638 0.02448988162405473 0.9968919565519914 -0.07487601752849456 0.21265044748900228 -0.2018274915418978 0.07828654038168577 0.9762871737924428 -0.5426820947682132
0.9781436036427458 -0.01925209867557588 0.2070376755166062 0.9124556960129442 0.035655753823995884 0.9964857407470977 -0.07579296416441067 0.23715528521657944 -0.20485093912679728 0.08151847915409573 0.9753925163668636 -0.10263635620221623
0.977051521686758 -0.02701145325274434 0.2112837758741718 0.47068382455570135 0.0445781184043537 0.9958910474299947 -0.07882596353082115 0.2415349816484107 -0.2082864434329315 0.08643565482640687 0.9742408900944504 0.2809021318673297
0.9759593868835622 -0.014694420503955951 0.21745693117320214 0.21422419696421668 0.03267247311649247 0.9963142156985483 -0.07931105758586927 0.23787362656458727 -0.21549002797440298 0.08450921980082973 0.9728421892018725 0.4528833291195409
0.9750741729854295 -0.03219510929714888 0.21953131505615786 0.19395466391232505 0.05050884289538607 0.9956473982621274 -0.0783254263144006 0.3247462003182436 -0.2160541054793585 0.08746136401849539 0.9724561041882704 -0.36994415483653414
0.9747842684532267 -0.0289457989330804 0.2212643524451969 -0.05061760236964982 0.046997652870772975 0.9959412208381516 -0.07676000966582504 0.2904371534329154 -0.21814441633082116 0.08522334710716632 0.972188137574452 -1.0386705411554806
0.9723357022711061 -0.025290963033791438 0.23221493525173098 -0.3136782759815441 0.04423390408662751 0.9960698596415577 -0.07673336859767142 0.2710148675377596 -0.22936164341475365 0.08488236199439134 0.9696329032174346 -0.5660518934021456
0.9686212805775818 -0.030262154959754324 0.246692521864555 -0.5431917827434223 0.05024690621351881 0.9959075483024541 -0.0751214859809492 0.2533941957566061 -0.24340961261100522 0.08515979853860248 0.9661776961352063 0.38395340870286787
0.9678638309825672 -0.017216038135406245 0.2508852747946393 -0.43099452714586417 0.037821550193082795 0.9962713198353609 -0.07754245513399002 0.1878291234393632 -0.24861483434061793 0.08453939837164268 0.9649059794704017 1.1868408179956578
0.9670516100037454 -0.012649364684955484 0.2542664238011196 -0.6575760734804189 0.034462587978755524 0.9960757458118898 -0.08151830739339322 0.09770656997798799 -0.25223747927372836 0.08759507673101269 0.9636924495099757 2.9171596943110414
0.9684029137717105 -0.002275855427828174 0.24938102122862937 -1.1085685328882073 0.0238396877429443 0.9962238896941022 -0.0834833101252922 -0.06923339674065268 -0.24824935431182601 0.0867906336009225 0.9648001949100027 5.621792337166397
0.9670610934883842 0.0010463097020592337 0.25454270860462636 -1.1158847662451477 0.021388230973602297 0.9961210818100049 -0.08535294404040639 -0.27991141750649945 -0.2536446828683989 0.08798571593708264 0.9632874234509403 8.228005448945726
0.9660259741578145 0.0015749439218634216 0.25844070945107556 0.1232914227071944 0.022455819058529437 0.995688008583664 -0.09000535978308585 -0.4168106406239769 -0.2574680836559617 0.09275100011992382 0.9618249362809302 10.211518897135772
0.9709070544251673 -0.011342679099014413 0.23918831978509772 1.6784088381694215 0.03439779453617151 0.9951242138957735 -0.09243629027376857 -0.4718751087526407 -0.2369736186890255 0.09797458711509466 0.966563123237116 11.92104424195113
0.9748643899133865 -0.01797742398738559 0.22207306399444024 2.9257346847891283 0.03899469994544703 0.9951215360962152 -0.09062250401548927 -0.6217167917420309 -0.21936053390558355 0.09700431542245633 0.9708094160544245 13.907982201643605
0.9795007198876083 -0.012028647493449868 0.20108163953170566 5.077784118569429 0.030623427041386368 0.99550499756529 -0.08962073721815639 -0.6652930509653042 -0.19909977277894686 0.09394137899662441 0.9754660748568716 16.036740073027016
0.9817066059700557 -0.011091314964459524 0.19007694774533998 6.171480593594559 0.028266661185906948 0.9957290816586807 -0.08788871389560222 -0.7503569257548082 -0.18829035788155837 0.09165376697713 0.9778272193488489 18.040834838775265
0.9823827160602014 -0.008647470925473919 0.18668017861088002 6.696517435828089 0.02512687997686528 0.9959702655307404 -0.08609155522760004 -0.8573533677002574 -0.18518343267650497 0.0892655443266538 0.9786411753566914 19.85119330917979
