9.999978e-01 5.272628e-04 -2.066935e-03 -4.690294e-02 -5.296506e-04 9.999992e-01 -1.154865e-03 -2.839928e-02 2.066324e-03 1.155958e-03 9.999971e-01 8.586941e-01
9.999910e-01 1.048972e-03 -4.131348e-03 -9.374345e-02 -1.058514e-03 9.999968e-01 -2.308104e-03 -5.676064e-02 4.128913e-03 2.312456e-03 9.999887e-01 1.716275e+00
9.999796e-01 1.566466e-03 -6.198571e-03 -1.406429e-01 -1.587952e-03 9.999927e-01 -3.462706e-03 -8.515762e-02 6.193102e-03 3.472479e-03 9.999747e-01 2.574964e+00
9.999637e-01 2.078471e-03 -8.263498e-03 -1.874858e-01 -2.116664e-03 9.999871e-01 -4.615826e-03 -1.135202e-01 8.253797e-03 4.633149e-03 9.999551e-01 3.432648e+00
9.999433e-01 2.586172e-03 -1.033094e-02 -2.343818e-01 -2.645881e-03 9.999798e-01 -5.770163e-03 -1.419150e-01 1.031581e-02 5.797170e-03 9.999299e-01 4.291335e+00
9.999184e-01 3.088363e-03 -1.239599e-02 -2.812195e-01 -3.174350e-03 9.999710e-01 -6.922975e-03 -1.702743e-01 1.237425e-02 6.961759e-03 9.998991e-01 5.148987e+00
9.998890e-01 3.586305e-03 -1.446384e-02 -3.281178e-01 -3.703403e-03 9.999605e-01 -8.077186e-03 -1.986703e-01 1.443430e-02 8.129853e-03 9.998627e-01 6.007777e+00
9.998551e-01 4.078705e-03 -1.652913e-02 -3.749547e-01 -4.231669e-03 9.999484e-01 -9.229794e-03 -2.270290e-01 1.649063e-02 9.298401e-03 9.998207e-01 6.865477e+00
9.998167e-01 4.566671e-03 -1.859652e-02 -4.218367e-01 -4.760342e-03 9.999347e-01 -1.038342e-02 -2.554151e-01 1.854788e-02 1.047004e-02 9.997731e-01 7.724036e+00
9.997738e-01 5.049868e-03 -2.066463e-02 -4.687329e-01 -5.289072e-03 9.999194e-01 -1.153730e-02 -2.838096e-01 2.060470e-02 1.164399e-02 9.997198e-01 8.582886e+00
9.997264e-01 5.527315e-03 -2.272922e-02 -5.155474e-01 -5.816781e-03 9.999025e-01 -1.268908e-02 -3.121547e-01 2.265686e-02 1.281782e-02 9.996611e-01 9.440275e+00
9.996745e-01 6.000540e-03 -2.479692e-02 -5.624310e-01 -6.345160e-03 9.998840e-01 -1.384246e-02 -3.405416e-01 2.471098e-02 1.399530e-02 9.995966e-01 1.029896e+01
9.996182e-01 6.468772e-03 -2.686440e-02 -6.093087e-01 -6.873365e-03 9.998639e-01 -1.499561e-02 -3.689250e-01 2.676374e-02 1.517453e-02 9.995266e-01 1.115757e+01
9.995562e-01 7.058450e-03 -2.894213e-02 -6.562052e-01 -7.530449e-03 9.998399e-01 -1.623192e-02 -3.973964e-01 2.882292e-02 1.644266e-02 9.994492e-01 1.201541e+01
9.995095e-01 5.595311e-03 -3.081450e-02 -7.018788e-01 -6.093682e-03 9.998517e-01 -1.610315e-02 -4.239119e-01 3.071983e-02 1.628303e-02 9.993953e-01 1.286965e+01
9.994226e-01 7.842768e-03 -3.306167e-02 -7.498241e-01 -8.456089e-03 9.997940e-01 -1.845198e-02 -4.540039e-01 3.291014e-02 1.872089e-02 9.992829e-01 1.373146e+01
9.993587e-01 8.704386e-03 -3.473400e-02 -7.992511e-01 -9.439421e-03 9.997338e-01 -2.105422e-02 -4.840770e-01 3.454149e-02 2.136859e-02 9.991747e-01 1.460026e+01
9.992482e-01 1.235688e-02 -3.674849e-02 -8.546642e-01 -1.320676e-02 9.996488e-01 -2.297477e-02 -5.155070e-01 3.645169e-02 2.344282e-02 9.990604e-01 1.547957e+01
9.991826e-01 1.352279e-02 -3.809783e-02 -9.072868e-01 -1.439161e-02 9.996404e-01 -2.262373e-02 -5.464705e-01 3.777819e-02 2.315352e-02 9.990178e-01 1.636940e+01
9.991241e-01 1.328777e-02 -3.967996e-02 -9.609163e-01 -1.412604e-02 9.996813e-01 -2.092052e-02 -5.783595e-01 3.938933e-02 2.146271e-02 9.989934e-01 1.726896e+01
9.990604e-01 1.351433e-02 -4.118029e-02 -1.011589e+00 -1.432436e-02 9.997084e-01 -1.943894e-02 -6.092403e-01 4.090558e-02 2.001055e-02 9.989626e-01 1.817318e+01
9.990174e-01 1.304822e-02 -4.235654e-02 -1.066256e+00 -1.386115e-02 9.997242e-01 -1.895579e-02 -6.387363e-01 4.209752e-02 1.952427e-02 9.989227e-01 1.908411e+01
9.989383e-01 1.325999e-02 -4.411963e-02 -1.118651e+00 -1.413494e-02 9.997084e-01 -1.957870e-02 -6.686219e-01 4.384715e-02 2.018154e-02 9.988343e-01 1.999722e+01
9.989120e-01 1.152857e-02 -4.518863e-02 -1.171840e+00 -1.247777e-02 9.997062e-01 -2.077977e-02 -6.990778e-01 4.493579e-02 2.132101e-02 9.987623e-01 2.091368e+01
9.988800e-01 1.128892e-02 -4.595003e-02 -1.224279e+00 -1.218132e-02 9.997417e-01 -1.918760e-02 -7.287421e-01 4.572155e-02 1.972584e-02 9.987594e-01 2.184042e+01
9.988593e-01 1.299421e-02 -4.594914e-02 -1.280807e+00 -1.370812e-02 9.997896e-01 -1.525610e-02 -7.604717e-01 4.574123e-02 1.586857e-02 9.988272e-01 2.277432e+01
9.988876e-01 1.379030e-02 -4.509495e-02 -1.334841e+00 -1.432558e-02 9.998304e-01 -1.156850e-02 -7.929673e-01 4.492776e-02 1.220164e-02 9.989157e-01 2.370953e+01
9.989649e-01 1.285173e-02 -4.363580e-02 -1.385747e+00 -1.325687e-02 9.998715e-01 -9.007757e-03 -8.209244e-01 4.351442e-02 9.576906e-03 9.990068e-01 2.465175e+01
9.990298e-01 1.265253e-02 -4.218321e-02 -1.436633e+00 -1.299403e-02 9.998849e-01 -7.831284e-03 -8.456208e-01 4.207926e-02 8.371815e-03 9.990791e-01 2.559694e+01
9.990746e-01 1.289592e-02 -4.103309e-02 -1.487044e+00 -1.333334e-02 9.998570e-01 -1.040438e-02 -8.702127e-01 4.089305e-02 1.094186e-02 9.991036e-01 2.654471e+01
9.990967e-01 1.391010e-02 -4.015465e-02 -1.538025e+00 -1.454998e-02 9.997711e-01 -1.568743e-02 -8.971121e-01 3.992724e-02 1.625751e-02 9.990703e-01 2.749627e+01
9.991533e-01 1.320645e-02 -3.896502e-02 -1.586551e+00 -1.396325e-02 9.997178e-01 -1.921474e-02 -9.254151e-01 3.870026e-02 1.974255e-02 9.990558e-01 2.845466e+01
9.992105e-01 1.079096e-02 -3.823584e-02 -1.633363e+00 -1.148611e-02 9.997718e-01 -1.800793e-02 -9.555630e-01 3.803279e-02 1.843289e-02 9.991064e-01 2.942293e+01
9.992215e-01 9.086312e-03 -3.839229e-02 -1.680971e+00 -9.596057e-03 9.998679e-01 -1.311391e-02 -9.838377e-01 3.826806e-02 1.347211e-02 9.991766e-01 3.039839e+01
9.992105e-01 5.838117e-03 -3.929763e-02 -1.728893e+00 -6.198498e-03 9.999398e-01 -9.054940e-03 -1.011772e+00 3.924239e-02 9.291377e-03 9.991865e-01 3.137765e+01
9.991830e-01 -1.840283e-03 -4.037463e-02 -1.768976e+00 1.460769e-03 9.999545e-01 -9.427292e-03 -1.036363e+00 4.039014e-02 9.360611e-03 9.991401e-01 3.235714e+01
9.991063e-01 -4.894794e-03 -4.198475e-02 -1.815834e+00 4.337365e-03 9.999014e-01 -1.335777e-02 -1.059789e+00 4.204599e-02 1.316373e-02 9.990289e-01 3.333631e+01
9.990442e-01 -4.076714e-03 -4.352240e-02 -1.870663e+00 3.306848e-03 9.998370e-01 -1.774634e-02 -1.088016e+00 4.358766e-02 1.758545e-02 9.988948e-01 3.432021e+01
9.989620e-01 -3.501086e-03 -4.541814e-02 -1.929780e+00 2.639355e-03 9.998156e-01 -1.901940e-02 -1.129880e+00 4.547635e-02 1.887978e-02 9.987869e-01 3.533097e+01
9.989126e-01 -3.564847e-03 -4.648700e-02 -1.993748e+00 2.782576e-03 9.998536e-01 -1.688161e-02 -1.194548e+00 4.654037e-02 1.673390e-02 9.987762e-01 3.638751e+01
9.988708e-01 -2.386257e-04 -4.750925e-02 -2.061112e+00 -4.151975e-04 9.999053e-01 -1.375168e-02 -1.249881e+00 4.750803e-02 1.375587e-02 9.987761e-01 3.742850e+01
9.988085e-01 2.160348e-06 -4.880145e-02 -2.126953e+00 -6.257569e-04 9.999183e-01 -1.276297e-02 -1.305052e+00 4.879743e-02 1.277830e-02 9.987269e-01 3.847151e+01
9.987592e-01 8.809214e-04 -4.979299e-02 -2.190967e+00 -1.403287e-03 9.999443e-01 -1.045676e-02 -1.349142e+00 4.978101e-02 1.051366e-02 9.987048e-01 3.950365e+01
9.987569e-01 4.894213e-04 -4.984526e-02 -2.256115e+00 -8.210333e-04 9.999776e-01 -6.632571e-03 -1.393047e+00 4.984090e-02 6.665250e-03 9.987349e-01 4.053855e+01
9.987132e-01 6.466500e-03 -5.030151e-02 -2.329940e+00 -6.722014e-03 9.999653e-01 -4.912121e-03 -1.426813e+00 5.026800e-02 5.243927e-03 9.987219e-01 4.156111e+01
9.987143e-01 6.952179e-03 -5.021498e-02 -2.399728e+00 -7.192513e-03 9.999635e-01 -4.606971e-03 -1.460731e+00 5.018112e-02 4.962219e-03 9.987278e-01 4.258303e+01
9.987083e-01 6.676282e-03 -5.037160e-02 -2.465214e+00 -7.006772e-03 9.999550e-01 -6.387280e-03 -1.489501e+00 5.032669e-02 6.731971e-03 9.987101e-01 4.359302e+01
9.987013e-01 8.983148e-03 -5.015069e-02 -2.535885e+00 -9.456170e-03 9.999129e-01 -9.202712e-03 -1.522850e+00 5.006365e-02 9.664992e-03 9.986992e-01 4.459790e+01
9.986535e-01 8.808468e-03 -5.112439e-02 -2.600016e+00 -9.296065e-03 9.999135e-01 -9.307503e-03 -1.559885e+00 5.103798e-02 9.770225e-03 9.986489e-01 4.559882e+01
9.986012e-01 6.863746e-03 -5.242779e-02 -2.661881e+00 -7.280160e-03 9.999434e-01 -7.755765e-03 -1.593756e+00 5.237159e-02 8.126598e-03 9.985945e-01 4.659803e+01
9.985540e-01 7.061951e-03 -5.329345e-02 -2.728914e+00 -7.431486e-03 9.999497e-01 -6.738977e-03 -1.629817e+00 5.324317e-02 7.125281e-03 9.985561e-01 4.759275e+01
9.985154e-01 9.830435e-03 -5.357609e-02 -2.800794e+00 -1.032218e-02 9.999070e-01 -8.909522e-03 -1.664529e+00 5.348352e-02 9.449317e-03 9.985240e-01 4.857856e+01
9.984686e-01 1.023790e-02 -5.436634e-02 -2.871336e+00 -1.103255e-02 9.998363e-01 -1.433651e-02 -1.697621e+00 5.421067e-02 1.491435e-02 9.984181e-01 4.955600e+01
9.984385e-01 1.064895e-02 -5.483888e-02 -2.937935e+00 -1.149460e-02 9.998195e-01 -1.512829e-02 -1.729013e+00 5.466788e-02 1.573501e-02 9.983805e-01 5.053773e+01
9.984274e-01 1.026893e-02 -5.511221e-02 -3.002463e+00 -1.093885e-02 9.998697e-01 -1.186763e-02 -1.766742e+00 5.498316e-02 1.245183e-02 9.984096e-01 5.151845e+01
9.984356e-01 7.566176e-03 -5.540070e-02 -3.065844e+00 -8.064009e-03 9.999290e-01 -8.767995e-03 -1.798994e+00 5.533043e-02 9.201029e-03 9.984256e-01 5.249501e+01
9.984285e-01 6.348755e-03 -5.568046e-02 -3.130185e+00 -6.799312e-03 9.999456e-01 -7.906116e-03 -1.830051e+00 5.562724e-02 8.272279e-03 9.984173e-01 5.346498e+01
9.984326e-01 3.282949e-03 -5.587138e-02 -3.191520e+00 -3.779690e-03 9.999542e-01 -8.787440e-03 -1.858398e+00 5.583997e-02 8.984842e-03 9.983992e-01 5.442804e+01
9.984068e-01 -1.460363e-04 -5.642638e-02 -3.248811e+00 -4.508913e-04 9.999441e-01 -1.056600e-02 -1.886487e+00 5.642476e-02 1.057461e-02 9.983508e-01 5.539178e+01
9.983367e-01 -1.591214e-03 -5.763218e-02 -3.310922e+00 1.036802e-03 9.999529e-01 -9.648457e-03 -1.913841e+00 5.764481e-02 9.572654e-03 9.982912e-01 5.635039e+01
9.982641e-01 -4.382863e-03 -5.873397e-02 -3.371514e+00 4.075329e-03 9.999773e-01 -5.354817e-03 -1.938229e+00 5.875611e-02 5.106161e-03 9.982593e-01 5.731251e+01
9.982268e-01 -5.964740e-03 -5.922694e-02 -3.438994e+00 5.986946e-03 9.999820e-01 1.974663e-04 -1.956763e+00 5.922470e-02 -5.517038e-04 9.982445e-01 5.827400e+01
9.982022e-01 -4.407760e-03 -5.977459e-02 -3.511313e+00 4.547914e-03 9.999872e-01 2.208854e-03 -1.975962e+00 5.976408e-02 -2.476732e-03 9.982094e-01 5.922540e+01
9.981161e-01 -2.919496e-03 -6.128511e-02 -3.579193e+00 2.920554e-03 9.999957e-01 -7.231076e-05 -1.998111e+00 6.128506e-02 -1.068112e-04 9.981202e-01 6.016633e+01
9.980242e-01 -1.762043e-03 -6.280674e-02 -3.641784e+00 1.227247e-03 9.999627e-01 -8.552514e-03 -2.021539e+00 6.281946e-02 8.458535e-03 9.979890e-01 6.109125e+01
9.979547e-01 -9.592105e-04 -6.391830e-02 -3.703384e+00 5.024105e-05 9.998989e-01 -1.422089e-02 -2.049159e+00 6.392547e-02 1.418860e-02 9.978538e-01 6.200632e+01
9.978643e-01 4.204986e-03 -6.518610e-02 -3.776035e+00 -5.092497e-03 9.998965e-01 -1.345487e-02 -2.078109e+00 6.512277e-02 1.375809e-02 9.977824e-01 6.291678e+01
9.977905e-01 7.492613e-03 -6.601519e-02 -3.843940e+00 -8.206300e-03 9.999107e-01 -1.054641e-02 -2.112094e+00 6.593028e-02 1.106485e-02 9.977628e-01 6.381519e+01
9.976764e-01 1.025448e-02 -6.735521e-02 -3.912602e+00 -1.087073e-02 9.999023e-01 -8.789172e-03 -2.145353e+00 6.725849e-02 9.500949e-03 9.976903e-01 6.469786e+01
9.975909e-01 1.034502e-02 -6.859620e-02 -3.978228e+00 -1.103350e-02 9.998924e-01 -9.665437e-03 -2.173835e+00 6.848883e-02 1.039901e-02 9.975976e-01 6.556672e+01
9.974616e-01 1.183547e-02 -7.021661e-02 -4.046625e+00 -1.248174e-02 9.998836e-01 -8.772233e-03 -2.201409e+00 7.010461e-02 9.626390e-03 9.974931e-01 6.642163e+01
9.973396e-01 1.318380e-02 -7.169363e-02 -4.114442e+00 -1.380046e-02 9.998718e-01 -8.112825e-03 -2.230822e+00 7.157748e-02 9.080646e-03 9.973937e-01 6.726455e+01
9.972258e-01 1.296774e-02 -7.329823e-02 -4.179994e+00 -1.352350e-02 9.998834e-01 -7.090915e-03 -2.258366e+00 7.319772e-02 8.062491e-03 9.972848e-01 6.809328e+01
9.971241e-01 1.256612e-02 -7.473754e-02 -4.244856e+00 -1.307757e-02 9.998942e-01 -6.357728e-03 -2.283310e+00 7.464974e-02 7.316829e-03 9.971829e-01 6.890994e+01
9.969894e-01 1.489953e-02 -7.609372e-02 -4.313021e+00 -1.525772e-02 9.998751e-01 -4.127928e-03 -2.307845e+00 7.602271e-02 5.276517e-03 9.970921e-01 6.971424e+01
9.968772e-01 1.677181e-02 -7.716622e-02 -4.381935e+00 -1.677976e-02 9.998590e-01 5.454462e-04 -2.329476e+00 7.716449e-02 7.510882e-04 9.970180e-01 7.050799e+01
9.966886e-01 1.928865e-02 -7.899331e-02 -4.445510e+00 -1.916694e-02 9.998136e-01 2.298764e-03 -2.355391e+00 7.902292e-02 -7.770902e-04 9.968724e-01 7.128437e+01
9.964961e-01 2.232345e-02 -8.060564e-02 -4.514875e+00 -2.246983e-02 9.997471e-01 -9.091952e-04 -2.382091e+00 8.056495e-02 2.717205e-03 9.967456e-01 7.203735e+01
9.963707e-01 2.284027e-02 -8.199948e-02 -4.580210e+00 -2.361073e-02 9.996856e-01 -8.438421e-03 -2.409731e+00 8.178096e-02 1.034386e-02 9.965966e-01 7.276791e+01
9.962563e-01 2.164989e-02 -8.369451e-02 -4.644343e+00 -2.291184e-02 9.996374e-01 -1.414702e-02 -2.432982e+00 8.335788e-02 1.601165e-02 9.963910e-01 7.348065e+01
9.962035e-01 2.236698e-02 -8.413330e-02 -4.709494e+00 -2.381956e-02 9.995833e-01 -1.630112e-02 -2.459523e+00 8.373364e-02 1.824325e-02 9.963211e-01 7.417539e+01
9.960873e-01 2.480834e-02 -8.482128e-02 -4.775730e+00 -2.599143e-02 9.995793e-01 -1.287207e-02 -2.490277e+00 8.446625e-02 1.502633e-02 9.963130e-01 7.485147e+01
9.959529e-01 2.606958e-02 -8.601342e-02 -4.837515e+00 -2.697536e-02 9.995920e-01 -9.385091e-03 -2.525955e+00 8.573366e-02 1.166735e-02 9.962497e-01 7.550744e+01
9.959075e-01 2.291063e-02 -8.742661e-02 -4.891889e+00 -2.409575e-02 9.996312e-01 -1.252425e-02 -2.556654e+00 8.710742e-02 1.457961e-02 9.960922e-01 7.613828e+01
9.960426e-01 1.503549e-02 -8.759638e-02 -4.937677e+00 -1.662384e-02 9.997098e-01 -1.743140e-02 -2.585469e+00 8.730887e-02 1.881860e-02 9.960035e-01 7.675010e+01
9.961635e-01 1.044107e-02 -8.688679e-02 -4.985837e+00 -1.249941e-02 9.996532e-01 -2.317957e-02 -2.616742e+00 8.661463e-02 2.417667e-02 9.959484e-01 7.734409e+01
9.963973e-01 1.211154e-02 -8.393973e-02 -5.039038e+00 -1.414999e-02 9.996182e-01 -2.373245e-02 -2.646048e+00 8.362024e-02 2.483469e-02 9.961881e-01 7.792534e+01
9.966394e-01 1.770654e-02 -7.997749e-02 -5.092732e+00 -1.941041e-02 9.995998e-01 -2.057726e-02 -2.675699e+00 7.958113e-02 2.206050e-02 9.965842e-01 7.849464e+01
9.970121e-01 1.664848e-02 -7.543122e-02 -5.133801e+00 -1.801913e-02 9.996840e-01 -1.752686e-02 -2.701840e+00 7.511558e-02 1.883369e-02 9.969969e-01 7.904953e+01
9.974633e-01 1.217037e-02 -7.013516e-02 -5.159772e+00 -1.315774e-02 9.998205e-01 -1.363335e-02 -2.729207e+00 6.995665e-02 1.452158e-02 9.974443e-01 7.959230e+01
9.980240e-01 7.887781e-03 -6.233726e-02 -5.183357e+00 -8.483336e-03 9.999208e-01 -9.294846e-03 -2.756800e+00 6.225900e-02 9.805306e-03 9.980118e-01 8.012304e+01
9.985955e-01 1.068615e-02 -5.189267e-02 -5.208269e+00 -1.122407e-02 9.998861e-01 -1.008572e-02 -2.780022e+00 5.177898e-02 1.065400e-02 9.986017e-01 8.063455e+01
9.991827e-01 1.624761e-02 -3.701415e-02 -5.235209e+00 -1.664974e-02 9.998054e-01 -1.058172e-02 -2.801727e+00 3.683502e-02 1.118935e-02 9.992587e-01 8.113538e+01
9.995878e-01 2.136933e-02 -1.917552e-02 -5.248892e+00 -2.156744e-02 9.997155e-01 -1.018473e-02 -2.822088e+00 1.895242e-02 1.059410e-02 9.997642e-01 8.162286e+01
9.997985e-01 1.993349e-02 2.394767e-03 -5.236828e+00 -1.990872e-02 9.997522e-01 -9.958356e-03 -2.839863e+00 -2.592678e-03 9.908671e-03 9.999475e-01 8.209701e+01
9.994836e-01 1.619025e-02 2.775764e-02 -5.207469e+00 -1.594000e-02 9.998305e-01 -9.213406e-03 -2.859306e+00 -2.790210e-02 8.766190e-03 9.995722e-01 8.255594e+01
9.982814e-01 1.472502e-02 5.672377e-02 -5.163543e+00 -1.430176e-02 9.998668e-01 -7.860647e-03 -2.878004e+00 -5.683196e-02 7.035887e-03 9.983589e-01 8.300846e+01
9.959138e-01 1.420072e-02 8.918593e-02 -5.105620e+00 -1.367050e-02 9.998851e-01 -6.553178e-03 -2.895751e+00 -8.926873e-02 5.307184e-03 9.959934e-01 8.345454e+01
9.920007e-01 1.389449e-02 1.254661e-01 -5.029560e+00 -1.324753e-02 9.998943e-01 -5.989348e-03 -2.911918e+00 -1.255360e-01 4.279320e-03 9.920798e-01 8.388530e+01
9.859899e-01 1.389745e-02 1.662252e-01 -4.934649e+00 -1.302694e-02 9.998951e-01 -6.326123e-03 -2.926167e+00 -1.662957e-01 4.072087e-03 9.860675e-01 8.431338e+01
9.775146e-01 1.346779e-02 2.104374e-01 -4.817297e+00 -1.236226e-02 9.999020e-01 -6.568159e-03 -2.942364e+00 -2.105053e-01 3.818988e-03 9.775852e-01 8.472869e+01
9.660755e-01 1.536344e-02 2.578024e-01 -4.680938e+00 -1.364848e-02 9.998712e-01 -8.440597e-03 -2.961855e+00 -2.578989e-01 4.635642e-03 9.661607e-01 8.511820e+01
9.507397e-01 1.607587e-02 3.095733e-01 -4.519193e+00 -1.319900e-02 9.998480e-01 -1.138540e-02 -2.980545e+00 -3.097093e-01 6.738488e-03 9.508074e-01 8.550171e+01
9.313823e-01 1.599263e-02 3.636913e-01 -4.336344e+00 -1.189395e-02 9.998380e-01 -1.350660e-02 -2.995233e+00 -3.638483e-01 8.254080e-03 9.314216e-01 8.585373e+01
9.076306e-01 1.642664e-02 4.194484e-01 -4.130089e+00 -1.094447e-02 9.998204e-01 -1.547307e-02 -3.006846e+00 -4.196272e-01 9.453184e-03 9.076472e-01 8.620001e+01
8.794214e-01 1.652575e-02 4.757573e-01 -3.903866e+00 -9.195858e-03 9.998005e-01 -1.773051e-02 -3.018353e+00 -4.759554e-01 1.121759e-02 8.793978e-01 8.652588e+01
8.470020e-01 1.463490e-02 5.313884e-01 -3.656380e+00 -4.922887e-03 9.997940e-01 -1.968841e-02 -3.030941e+00 -5.315670e-01 1.406015e-02 8.468995e-01 8.681210e+01
8.111527e-01 1.400217e-02 5.846668e-01 -3.393066e+00 -2.514888e-03 9.997876e-01 -2.045480e-02 -3.048142e+00 -5.848290e-01 1.512159e-02 8.110156e-01 8.709558e+01
7.722941e-01 1.213857e-02 6.351492e-01 -3.115393e+00 -7.665609e-05 9.998192e-01 -1.901471e-02 -3.063358e+00 -6.352652e-01 1.463625e-02 7.721553e-01 8.734503e+01
7.306835e-01 1.139090e-02 6.826214e-01 -2.817803e+00 -2.276654e-04 9.998648e-01 -1.644104e-02 -3.074584e+00 -6.827163e-01 1.185778e-02 7.305872e-01 8.759401e+01
6.869081e-01 1.002390e-02 7.266752e-01 -2.508137e+00 1.642222e-03 9.998809e-01 -1.534491e-02 -3.084460e+00 -7.267424e-01 1.173390e-02 6.868098e-01 8.782010e+01
6.415606e-01 8.605910e-03 7.670241e-01 -2.182602e+00 5.801600e-03 9.998540e-01 -1.607086e-02 -3.093149e+00 -7.670504e-01 1.476039e-02 6.414170e-01 8.800813e+01
5.961032e-01 5.416591e-03 8.028896e-01 -1.847638e+00 1.299442e-02 9.997812e-01 -1.639257e-02 -3.103538e+00 -8.028026e-01 2.020475e-02 5.959023e-01 8.818799e+01
5.506435e-01 6.831839e-03 8.347126e-01 -1.511055e+00 1.267694e-02 9.997827e-01 -1.654562e-02 -3.116572e+00 -8.346443e-01 1.969233e-02 5.504372e-01 8.834349e+01
5.045001e-01 9.750747e-03 8.633566e-01 -1.165582e+00 8.934955e-03 9.998237e-01 -1.651313e-02 -3.127427e+00 -8.633654e-01 1.604492e-02 5.043240e-01 8.850204e+01
4.602983e-01 1.148164e-02 8.876901e-01 -8.110714e-01 8.704640e-03 9.998099e-01 -1.744550e-02 -3.138031e+00 -8.877216e-01 1.575715e-02 4.601108e-01 8.864159e+01
4.188673e-01 9.627242e-03 9.079964e-01 -4.500223e-01 1.561927e-02 9.997194e-01 -1.780508e-02 -3.146259e+00 -9.079131e-01 2.164020e-02 4.185994e-01 8.874795e+01
3.806252e-01 1.378826e-03 9.247284e-01 -7.268361e-02 3.173796e-02 9.993902e-01 -1.455374e-02 -3.150458e+00 -9.241845e-01 3.488851e-02 3.803494e-01 8.883995e+01
3.461082e-01 -2.337058e-03 9.381917e-01 3.020916e-01 3.764494e-02 9.992261e-01 -1.139850e-02 -3.156586e+00 -9.374390e-01 3.926327e-02 3.459283e-01 8.893047e+01
3.138409e-01 1.002432e-03 9.494751e-01 6.763450e-01 3.611653e-02 9.992631e-01 -1.299301e-02 -3.166835e+00 -9.487884e-01 3.836947e-02 3.135734e-01 8.902315e+01
2.833112e-01 8.752363e-03 9.589881e-01 1.050891e+00 2.492263e-02 9.995534e-01 -1.648542e-02 -3.185174e+00 -9.587041e-01 2.857100e-02 2.829665e-01 8.912503e+01
2.551133e-01 1.327093e-02 9.668201e-01 1.434583e+00 1.946154e-02 9.996327e-01 -1.885662e-02 -3.205997e+00 -9.667153e-01 2.362638e-02 2.547613e-01 8.921056e+01
2.298762e-01 1.514276e-02 9.731021e-01 1.832910e+00 2.080734e-02 9.995739e-01 -2.047003e-02 -3.222114e+00 -9.729974e-01 2.495324e-02 2.294632e-01 8.927715e+01
2.067350e-01 1.580712e-02 9.782693e-01 2.240743e+00 2.747050e-02 9.993815e-01 -2.195352e-02 -3.234217e+00 -9.780112e-01 3.141210e-02 2.061729e-01 8.932950e+01
1.870149e-01 2.174817e-02 9.821163e-01 2.662750e+00 3.631700e-02 9.989184e-01 -2.903574e-02 -3.232193e+00 -9.816855e-01 4.109762e-02 1.860228e-01 8.937210e+01
1.677054e-01 2.973015e-02 9.853888e-01 3.089762e+00 3.891920e-02 9.985663e-01 -3.675147e-02 -3.233114e+00 -9.850686e-01 4.451395e-02 1.663079e-01 8.941899e+01
1.501195e-01 3.105637e-02 9.881800e-01 3.536770e+00 3.662397e-02 9.986458e-01 -3.694904e-02 -3.247013e+00 -9.879892e-01 4.173784e-02 1.487788e-01 8.947222e+01
1.346625e-01 2.612444e-02 9.905471e-01 4.002128e+00 3.409387e-02 9.989383e-01 -3.098074e-02 -3.269703e+00 -9.903048e-01 3.794352e-02 1.336289e-01 8.952059e+01
1.200339e-01 2.244059e-02 9.925162e-01 4.475771e+00 3.438479e-02 9.990507e-01 -2.674681e-02 -3.292077e+00 -9.921741e-01 3.733797e-02 1.191484e-01 8.955606e+01
1.066450e-01 2.015680e-02 9.940929e-01 4.962461e+00 3.689254e-02 9.990258e-01 -2.421462e-02 -3.311658e+00 -9.936124e-01 3.925697e-02 1.057975e-01 8.958341e+01
9.481660e-02 1.910255e-02 9.953115e-01 5.460049e+00 4.091002e-02 9.988965e-01 -2.306858e-02 -3.327578e+00 -9.946538e-01 4.290548e-02 9.393048e-02 8.960332e+01
8.451437e-02 1.970806e-02 9.962274e-01 5.974572e+00 4.433756e-02 9.987397e-01 -2.351912e-02 -3.344693e+00 -9.954353e-01 4.615798e-02 8.353405e-02 8.962101e+01
7.611140e-02 2.033196e-02 9.968920e-01 6.504623e+00 4.662512e-02 9.986258e-01 -2.392709e-02 -3.362740e+00 -9.960086e-01 4.830132e-02 7.505883e-02 8.963826e+01
7.011217e-02 2.055161e-02 9.973274e-01 7.050381e+00 4.845902e-02 9.985372e-01 -2.398322e-02 -3.379767e+00 -9.963613e-01 5.001101e-02 6.901370e-02 8.965473e+01
6.433620e-02 2.169879e-02 9.976924e-01 7.614093e+00 4.999818e-02 9.984379e-01 -2.493915e-02 -3.394968e+00 -9.966749e-01 5.148728e-02 6.315079e-02 8.967153e+01
5.805224e-02 2.266708e-02 9.980562e-01 8.197957e+00 5.045707e-02 9.983978e-01 -2.560970e-02 -3.409306e+00 -9.970376e-01 5.184568e-02 5.681551e-02 8.968785e+01
5.340714e-02 2.263529e-02 9.983163e-01 8.800912e+00 5.292689e-02 9.982736e-01 -2.546577e-02 -3.426200e+00 -9.971692e-01 5.419782e-02 5.211692e-02 8.970167e+01
4.996154e-02 2.243890e-02 9.984991e-01 9.420230e+00 5.465687e-02 9.981880e-01 -2.516676e-02 -3.442284e+00 -9.972544e-01 5.583219e-02 4.864457e-02 8.970786e+01
4.649404e-02 2.206005e-02 9.986750e-01 1.005978e+01 5.576839e-02 9.981395e-01 -2.464457e-02 -3.460292e+00 -9.973606e-01 5.684031e-02 4.517728e-02 8.971666e+01
4.330615e-02 2.144658e-02 9.988317e-01 1.071458e+01 5.731411e-02 9.980697e-01 -2.391518e-02 -3.477648e+00 -9.974165e-01 5.828281e-02 4.199336e-02 8.971954e+01
4.207275e-02 2.108560e-02 9.988921e-01 1.138837e+01 6.197780e-02 9.977967e-01 -2.367295e-02 -3.495197e+00 -9.971903e-01 6.290510e-02 4.067321e-02 8.972145e+01
4.227179e-02 2.071974e-02 9.988913e-01 1.207462e+01 6.595748e-02 9.975460e-01 -2.348308e-02 -3.511618e+00 -9.969266e-01 6.687701e-02 4.080144e-02 8.972018e+01
4.410340e-02 2.054931e-02 9.988156e-01 1.278190e+01 6.780199e-02 9.974216e-01 -2.351448e-02 -3.529809e+00 -9.967235e-01 6.875874e-02 4.259640e-02 8.972729e+01
4.733313e-02 2.077681e-02 9.986631e-01 1.350501e+01 7.020740e-02 9.972418e-01 -2.407483e-02 -3.549541e+00 -9.964088e-01 7.125306e-02 4.574389e-02 8.973868e+01
5.107260e-02 2.062413e-02 9.984820e-01 1.424395e+01 7.097170e-02 9.971840e-01 -2.422755e-02 -3.570045e+00 -9.961699e-01 7.210131e-02 4.946505e-02 8.975239e+01
5.485120e-02 1.873660e-02 9.983188e-01 1.500260e+01 7.237751e-02 9.971191e-01 -2.269077e-02 -3.595307e+00 -9.958678e-01 7.350043e-02 5.333707e-02 8.977631e+01
5.870203e-02 1.722669e-02 9.981269e-01 1.577368e+01 7.228987e-02 9.971527e-01 -2.146141e-02 -3.621398e+00 -9.956546e-01 7.341427e-02 5.728957e-02 8.980526e+01
6.263966e-02 1.506436e-02 9.979225e-01 1.656055e+01 6.951846e-02 9.973916e-01 -1.942003e-02 -3.645849e+00 -9.956121e-01 7.059048e-02 6.142902e-02 8.984339e+01
6.659830e-02 1.396403e-02 9.976822e-01 1.735473e+01 6.848000e-02 9.974803e-01 -1.853246e-02 -3.669719e+00 -9.954271e-01 6.955549e-02 6.547424e-02 8.988363e+01
7.057071e-02 1.479215e-02 9.973971e-01 1.815651e+01 6.595721e-02 9.976326e-01 -1.946245e-02 -3.696455e+00 -9.953237e-01 6.715900e-02 6.942799e-02 8.992948e+01
7.390613e-02 1.816167e-02 9.970998e-01 1.895996e+01 6.387777e-02 9.976948e-01 -2.290720e-02 -3.726996e+00 -9.952173e-01 6.538548e-02 7.257563e-02 8.997884e+01
7.513596e-02 2.442768e-02 9.968741e-01 1.976819e+01 5.827767e-02 9.978836e-01 -2.884490e-02 -3.758629e+00 -9.954688e-01 6.026278e-02 7.355335e-02 9.003338e+01
7.474794e-02 2.749119e-02 9.968235e-01 2.058193e+01 5.566893e-02 9.979460e-01 -3.169656e-02 -3.789412e+00 -9.956473e-01 5.786133e-02 7.306400e-02 9.008278e+01
7.476584e-02 2.757564e-02 9.968198e-01 2.139947e+01 5.324229e-02 9.980814e-01 -3.160395e-02 -3.828201e+00 -9.957787e-01 5.543585e-02 7.315419e-02 9.013241e+01
7.451993e-02 2.494887e-02 9.969074e-01 2.221735e+01 5.043155e-02 9.983135e-01 -2.875388e-02 -3.869642e+00 -9.959434e-01 5.241831e-02 7.313604e-02 9.018269e+01
7.437195e-02 2.433854e-02 9.969336e-01 2.303432e+01 5.132069e-02 9.982840e-01 -2.820007e-02 -3.908789e+00 -9.959091e-01 5.326060e-02 7.299525e-02 9.022769e+01
7.447614e-02 2.322760e-02 9.969523e-01 2.385148e+01 4.903232e-02 9.984342e-01 -2.692503e-02 -3.948711e+00 -9.960166e-01 5.088814e-02 7.322062e-02 9.027374e+01
7.410208e-02 2.327013e-02 9.969792e-01 2.466660e+01 4.734121e-02 9.985185e-01 -2.682478e-02 -3.991884e+00 -9.961263e-01 4.918596e-02 7.289066e-02 9.031732e+01
7.412396e-02 2.412341e-02 9.969572e-01 2.547837e+01 4.481095e-02 9.986170e-01 -2.749528e-02 -4.031552e+00 -9.962417e-01 4.671265e-02 7.294045e-02 9.036500e+01
7.273598e-02 2.538877e-02 9.970281e-01 2.628880e+01 4.182689e-02 9.987188e-01 -2.848322e-02 -4.070675e+00 -9.964737e-01 4.377433e-02 7.158085e-02 9.041153e+01
6.992106e-02 2.548140e-02 9.972271e-01 2.710009e+01 3.897825e-02 9.988405e-01 -2.825561e-02 -4.110043e+00 -9.967907e-01 4.084581e-02 6.884676e-02 9.045782e+01
6.591466e-02 2.417630e-02 9.975324e-01 2.790992e+01 3.637502e-02 9.989837e-01 -2.661506e-02 -4.149285e+00 -9.971620e-01 3.803957e-02 6.496825e-02 9.049922e+01
6.089788e-02 2.167742e-02 9.979086e-01 2.872180e+01 3.431028e-02 9.991278e-01 -2.379771e-02 -4.189372e+00 -9.975541e-01 3.568775e-02 6.010101e-02 9.053737e+01
5.454557e-02 1.931204e-02 9.983245e-01 2.953344e+01 3.223633e-02 9.992577e-01 -2.109140e-02 -4.227712e+00 -9.979907e-01 3.333275e-02 5.388253e-02 9.056802e+01
4.700058e-02 1.930296e-02 9.987084e-01 3.034032e+01 3.172229e-02 9.992801e-01 -2.080691e-02 -4.264420e+00 -9.983910e-01 3.265924e-02 4.635441e-02 9.058889e+01
3.816210e-02 2.033872e-02 9.990646e-01 3.114204e+01 3.120822e-02 9.992809e-01 -2.153522e-02 -4.298961e+00 -9.987841e-01 3.200084e-02 3.749992e-02 9.060259e+01
2.806847e-02 2.112184e-02 9.993829e-01 3.194324e+01 3.180308e-02 9.992517e-01 -2.201229e-02 -4.332533e+00 -9.990999e-01 3.240129e-02 2.737573e-02 9.060409e+01
1.781185e-02 2.023573e-02 9.996366e-01 3.274069e+01 3.296529e-02 9.992397e-01 -2.081509e-02 -4.366800e+00 -9.992977e-01 3.332406e-02 1.713123e-02 9.059833e+01
6.968081e-03 1.874427e-02 9.998001e-01 3.353267e+01 3.197931e-02 9.993087e-01 -1.895795e-02 -4.400925e+00 -9.994642e-01 3.210501e-02 6.363835e-03 9.058651e+01
-4.213761e-03 1.806636e-02 9.998279e-01 3.432424e+01 3.337770e-02 9.992822e-01 -1.791584e-02 -4.430514e+00 -9.994339e-01 3.329646e-02 -4.813748e-03 9.056241e+01
-1.536171e-02 1.808549e-02 9.997185e-01 3.511039e+01 3.379189e-02 9.992746e-01 -1.755822e-02 -4.460151e+00 -9.993108e-01 3.351264e-02 -1.596171e-02 9.052962e+01
-2.648072e-02 1.872506e-02 9.994740e-01 3.588915e+01 3.400306e-02 9.992628e-01 -1.782022e-02 -4.490465e+00 -9.990708e-01 3.351327e-02 -2.709790e-02 9.049003e+01
-3.725612e-02 1.985515e-02 9.991085e-01 3.666363e+01 3.374649e-02 9.992573e-01 -1.859973e-02 -4.519810e+00 -9.987357e-01 3.302344e-02 -3.789849e-02 9.044253e+01
-4.758921e-02 2.088992e-02 9.986486e-01 3.743083e+01 3.458039e-02 9.992164e-01 -1.925393e-02 -4.548257e+00 -9.982682e-01 3.361737e-02 -4.827430e-02 9.038673e+01
-5.718399e-02 2.164931e-02 9.981289e-01 3.818958e+01 3.548667e-02 9.991771e-01 -1.963898e-02 -4.577147e+00 -9.977327e-01 3.429723e-02 -5.790519e-02 9.032361e+01
-6.683215e-02 2.208670e-02 9.975198e-01 3.894049e+01 3.617941e-02 9.991511e-01 -1.969887e-02 -4.607065e+00 -9.971080e-01 3.477315e-02 -6.757450e-02 9.025165e+01
-7.637784e-02 2.219893e-02 9.968318e-01 3.968363e+01 3.679438e-02 9.991339e-01 -1.943100e-02 -4.635152e+00 -9.963998e-01 3.519370e-02 -7.712847e-02 9.017629e+01
-8.502155e-02 2.197809e-02 9.961367e-01 4.041876e+01 3.826025e-02 9.990913e-01 -1.877773e-02 -4.664020e+00 -9.956442e-01 3.651592e-02 -8.578518e-02 9.009176e+01
-9.242347e-02 2.068885e-02 9.955049e-01 4.114574e+01 3.988263e-02 9.990587e-01 -1.705998e-02 -4.692210e+00 -9.949207e-01 3.812660e-02 -9.316159e-02 9.000290e+01
-9.778459e-02 1.924550e-02 9.950215e-01 4.186324e+01 4.272773e-02 9.989723e-01 -1.512291e-02 -4.721760e+00 -9.942899e-01 4.103621e-02 -9.850640e-02 8.991031e+01
-1.017231e-01 1.749021e-02 9.946590e-01 4.257483e+01 4.579707e-02 9.988677e-01 -1.288059e-02 -4.746579e+00 -9.937580e-01 4.424220e-02 -1.024090e-01 8.981611e+01
-1.045887e-01 1.626385e-02 9.943826e-01 4.327463e+01 4.754502e-02 9.988048e-01 -1.133542e-02 -4.770015e+00 -9.933784e-01 4.609237e-02 -1.052369e-01 8.972399e+01
-1.064238e-01 1.554435e-02 9.941994e-01 4.395946e+01 4.803206e-02 9.987908e-01 -1.047457e-02 -4.793116e+00 -9.931600e-01 4.663869e-02 -1.070417e-01 8.963442e+01
-1.074152e-01 1.566224e-02 9.940909e-01 4.463116e+01 4.845889e-02 9.987700e-01 -1.049981e-02 -4.815263e+00 -9.930325e-01 4.704469e-02 -1.080420e-01 8.954649e+01
-1.066568e-01 1.685791e-02 9.941530e-01 4.528497e+01 4.949480e-02 9.987067e-01 -1.162513e-02 -4.837060e+00 -9.930632e-01 4.796549e-02 -1.073532e-01 8.946022e+01
-1.039437e-01 1.811139e-02 9.944183e-01 4.592280e+01 5.064114e-02 9.986336e-01 -1.289480e-02 -4.858683e+00 -9.932931e-01 4.901813e-02 -1.047188e-01 8.937856e+01
-9.900439e-02 1.888729e-02 9.949078e-01 4.654259e+01 5.067771e-02 9.986181e-01 -1.391474e-02 -4.880596e+00 -9.937957e-01 4.904201e-02 -9.982473e-02 8.930650e+01
-9.158105e-02 1.937642e-02 9.956091e-01 4.714397e+01 4.996096e-02 9.986409e-01 -1.483978e-02 -4.902936e+00 -9.945435e-01 4.838254e-02 -9.242464e-02 8.924451e+01
-8.067749e-02 1.959419e-02 9.965477e-01 4.772631e+01 4.891325e-02 9.986800e-01 -1.567626e-02 -4.926346e+00 -9.955393e-01 4.747965e-02 -8.152941e-02 8.919325e+01
-6.719239e-02 1.967589e-02 9.975460e-01 4.828879e+01 4.841075e-02 9.986922e-01 -1.643767e-02 -4.950044e+00 -9.965648e-01 4.718745e-02 -6.805703e-02 8.915280e+01
-5.072110e-02 2.086047e-02 9.984950e-01 4.883147e+01 4.714178e-02 9.987174e-01 -1.847044e-02 -4.973119e+00 -9.975996e-01 4.613398e-02 -5.163944e-02 8.912695e+01
-3.001449e-02 2.349433e-02 9.992733e-01 4.936647e+01 4.565938e-02 9.987123e-01 -2.210970e-02 -5.001409e+00 -9.985060e-01 4.496258e-02 -3.104857e-02 8.912113e+01
-6.012730e-03 2.652506e-02 9.996301e-01 4.989376e+01 4.359308e-02 9.987047e-01 -2.623831e-02 -5.029978e+00 -9.990312e-01 4.341918e-02 -7.161249e-03 8.913018e+01
2.161174e-02 2.824599e-02 9.993674e-01 5.041670e+01 4.145875e-02 9.987156e-01 -2.912415e-02 -5.056479e+00 -9.989064e-01 4.206193e-02 2.041294e-02 8.914842e+01
5.426707e-02 2.797547e-02 9.981345e-01 5.093941e+01 3.943816e-02 9.987674e-01 -3.013741e-02 -5.083698e+00 -9.977473e-01 4.100004e-02 5.309688e-02 8.919154e+01
9.163408e-02 2.556617e-02 9.954645e-01 5.145679e+01 3.803664e-02 9.988509e-01 -2.915448e-02 -5.111122e+00 -9.950660e-01 4.053566e-02 9.055633e-02 8.925586e+01
1.328286e-01 2.208643e-02 9.908929e-01 5.196384e+01 3.578779e-02 9.989928e-01 -2.706431e-02 -5.139956e+00 -9.904927e-01 3.905678e-02 1.319044e-01 8.933556e+01
1.770684e-01 1.742295e-02 9.840444e-01 5.246407e+01 3.263936e-02 9.991893e-01 -2.356422e-02 -5.168307e+00 -9.836571e-01 3.629105e-02 1.763561e-01 8.945093e+01
2.245365e-01 1.412619e-02 9.743633e-01 5.295984e+01 2.803140e-02 9.993875e-01 -2.094867e-02 -5.197886e+00 -9.740624e-01 3.201650e-02 2.240030e-01 8.959271e+01
2.747903e-01 1.261810e-02 9.614214e-01 5.343056e+01 2.372844e-02 9.995203e-01 -1.990011e-02 -5.228395e+00 -9.612113e-01 2.828138e-02 2.743591e-01 8.975037e+01
3.285181e-01 1.239074e-02 9.444164e-01 5.388945e+01 2.179716e-02 9.995481e-01 -2.069628e-02 -5.254058e+00 -9.442461e-01 2.738469e-02 3.280996e-01 8.994526e+01
3.855813e-01 1.285007e-02 9.225844e-01 5.433154e+01 2.342307e-02 9.994444e-01 -2.370995e-02 -5.281038e+00 -9.223765e-01 3.075187e-02 3.850661e-01 9.016419e+01
4.443980e-01 1.583459e-02 8.956895e-01 5.473889e+01 2.326734e-02 9.993024e-01 -2.921047e-02 -5.307765e+00 -8.955272e-01 3.382138e-02 4.437196e-01 9.038860e+01
5.031692e-01 1.924202e-02 8.639737e-01 5.513319e+01 2.368969e-02 9.990692e-01 -3.604743e-02 -5.336870e+00 -8.638631e-01 3.860521e-02 5.022450e-01 9.066097e+01
5.605451e-01 2.352431e-02 8.277897e-01 5.549149e+01 1.882847e-02 9.989760e-01 -4.113899e-02 -5.362113e+00 -8.279098e-01 3.864626e-02 5.595281e-01 9.094160e+01
6.156356e-01 2.682680e-02 7.875742e-01 5.583593e+01 1.377101e-02 9.989015e-01 -4.478976e-02 -5.389737e+00 -7.879106e-01 3.841985e-02 6.145899e-01 9.127112e+01
6.681238e-01 2.787792e-02 7.435277e-01 5.615845e+01 1.109601e-02 9.988134e-01 -4.742037e-02 -5.418165e+00 -7.439674e-01 3.993286e-02 6.670216e-01 9.162030e+01
7.170289e-01 2.626286e-02 6.965485e-01 5.644855e+01 9.622649e-03 9.988218e-01 -4.756544e-02 -5.448053e+00 -6.969770e-01 4.080842e-02 7.159313e-01 9.196615e+01
7.622181e-01 2.264837e-02 6.469240e-01 5.672244e+01 6.903411e-03 9.990465e-01 -4.310967e-02 -5.479109e+00 -6.472835e-01 3.732494e-02 7.613349e-01 9.235602e+01
8.038727e-01 1.798655e-02 5.945294e-01 5.696793e+01 4.662333e-03 9.993214e-01 -3.653692e-02 -5.510534e+00 -5.947831e-01 3.214292e-02 8.032433e-01 9.276492e+01
8.408561e-01 1.529420e-02 5.410427e-01 5.717528e+01 1.699980e-03 9.995211e-01 -3.089649e-02 -5.539453e+00 -5.412561e-01 2.689926e-02 8.404274e-01 9.317127e+01
8.725465e-01 1.221869e-02 4.883783e-01 5.737005e+01 -4.511298e-04 9.997069e-01 -2.420557e-02 -5.564449e+00 -4.885309e-01 2.090016e-02 8.722962e-01 9.361062e+01
8.986353e-01 1.248378e-02 4.385189e-01 5.753992e+01 -4.757360e-03 9.998135e-01 -1.871374e-02 -5.590987e+00 -4.386707e-01 1.473063e-02 8.985271e-01 9.406120e+01
9.196509e-01 1.403544e-02 3.924860e-01 5.768438e+01 -8.629860e-03 9.998421e-01 -1.553372e-02 -5.612666e+00 -3.926420e-01 1.089850e-02 9.196268e-01 9.450798e+01
9.354383e-01 2.009299e-02 3.529185e-01 5.781242e+01 -1.677232e-02 9.997816e-01 -1.246502e-02 -5.628018e+00 -3.530919e-01 5.740989e-03 9.355710e-01 9.498160e+01
9.478455e-01 2.467478e-02 3.177737e-01 5.792720e+01 -2.141611e-02 9.996761e-01 -1.374446e-02 -5.638494e+00 -3.180099e-01 6.222142e-03 9.480669e-01 9.544688e+01
9.575689e-01 2.703186e-02 2.869340e-01 5.804176e+01 -2.398075e-02 9.996123e-01 -1.414319e-02 -5.648502e+00 -2.872051e-01 6.662179e-03 9.578459e-01 9.592488e+01
9.641795e-01 2.129999e-02 2.643943e-01 5.816224e+01 -1.820981e-02 9.997343e-01 -1.413344e-02 -5.661977e+00 -2.646251e-01 8.812601e-03 9.643110e-01 9.640217e+01
9.684686e-01 1.824212e-02 2.484671e-01 5.827731e+01 -1.542480e-02 9.997928e-01 -1.328105e-02 -5.680139e+00 -2.486579e-01 9.029716e-03 9.685492e-01 9.688437e+01
9.715089e-01 2.227795e-02 2.359539e-01 5.838327e+01 -1.962485e-02 9.997151e-01 -1.358695e-02 -5.692607e+00 -2.361893e-01 8.569285e-03 9.716692e-01 9.738035e+01
9.736636e-01 2.774803e-02 2.262947e-01 5.848694e+01 -2.542298e-02 9.995898e-01 -1.318291e-02 -5.698710e+00 -2.265677e-01 7.082631e-03 9.739696e-01 9.788806e+01
9.747832e-01 3.487426e-02 2.204121e-01 5.858946e+01 -3.249051e-02 9.993678e-01 -1.443214e-02 -5.712881e+00 -2.207760e-01 6.906903e-03 9.753000e-01 9.840345e+01
9.751968e-01 4.130161e-02 2.174521e-01 5.869673e+01 -3.824103e-02 9.991016e-01 -1.826602e-02 -5.732310e+00 -2.180111e-01 9.497371e-03 9.759000e-01 9.892830e+01
9.753059e-01 4.290914e-02 2.166502e-01 5.881399e+01 -3.946071e-02 9.990165e-01 -2.022010e-02 -5.756138e+00 -2.173047e-01 1.117161e-02 9.760398e-01 9.946087e+01
9.748460e-01 4.206880e-02 2.188736e-01 5.894036e+01 -3.790111e-02 9.990119e-01 -2.320746e-02 -5.778487e+00 -2.196337e-01 1.432814e-02 9.754771e-01 1.000024e+02
9.740428e-01 4.025106e-02 2.227568e-01 5.907451e+01 -3.435475e-02 9.989508e-01 -3.028340e-02 -5.797891e+00 -2.237420e-01 2.184457e-02 9.744035e-01 1.005505e+02
9.731349e-01 4.014621e-02 2.267087e-01 5.920976e+01 -3.294070e-02 9.988274e-01 -3.547901e-02 -5.818562e+00 -2.278672e-01 2.705792e-02 9.733161e-01 1.011106e+02
9.718871e-01 4.493798e-02 2.311193e-01 5.934323e+01 -3.793231e-02 9.986787e-01 -3.466905e-02 -5.844770e+00 -2.323718e-01 2.492751e-02 9.723075e-01 1.016926e+02
9.703452e-01 4.844800e-02 2.368188e-01 5.947979e+01 -4.230693e-02 9.986252e-01 -3.094804e-02 -5.872668e+00 -2.379925e-01 2.001121e-02 9.710608e-01 1.022853e+02
9.692780e-01 4.541030e-02 2.417398e-01 5.963546e+01 -4.019101e-02 9.988410e-01 -2.648059e-02 -5.900971e+00 -2.426622e-01 1.595128e-02 9.699797e-01 1.028883e+02
9.685083e-01 4.085678e-02 2.456065e-01 5.979880e+01 -3.690930e-02 9.991051e-01 -2.065604e-02 -5.928075e+00 -2.462306e-01 1.094038e-02 9.691495e-01 1.034998e+02
9.677060e-01 3.817011e-02 2.491753e-01 5.996454e+01 -3.530703e-02 9.992492e-01 -1.595117e-02 -5.953554e+00 -2.495970e-01 6.638405e-03 9.683270e-01 1.041244e+02
9.670771e-01 3.374565e-02 2.522366e-01 6.013424e+01 -3.096203e-02 9.994080e-01 -1.499784e-02 -5.975190e+00 -2.525933e-01 6.694307e-03 9.675493e-01 1.047544e+02
9.670770e-01 3.012062e-02 2.526952e-01 6.030914e+01 -2.652167e-02 9.994926e-01 -1.763722e-02 -5.998250e+00 -2.530982e-01 1.035465e-02 9.673851e-01 1.053923e+02
9.672372e-01 2.935759e-02 2.521715e-01 6.048079e+01 -2.413441e-02 9.994258e-01 -2.378160e-02 -6.023068e+00 -2.527249e-01 1.691644e-02 9.673902e-01 1.060354e+02
9.674264e-01 3.108975e-02 2.512362e-01 6.064973e+01 -2.389677e-02 9.992139e-01 -3.163137e-02 -6.049018e+00 -2.520221e-01 2.459729e-02 9.674088e-01 1.066923e+02
9.679171e-01 3.485791e-02 2.488402e-01 6.081912e+01 -2.666631e-02 9.989881e-01 -3.621546e-02 -6.075562e+00 -2.498508e-01 2.841791e-02 9.678672e-01 1.073637e+02
9.685648e-01 3.339321e-02 2.465099e-01 6.099510e+01 -2.633527e-02 9.991449e-01 -3.187395e-02 -6.103151e+00 -2.473634e-01 2.438008e-02 9.686159e-01 1.080547e+02
9.690741e-01 2.877873e-02 2.450863e-01 6.117722e+01 -2.348928e-02 9.994243e-01 -2.447838e-02 -6.135437e+00 -2.456496e-01 1.796446e-02 9.691922e-01 1.087607e+02
9.696494e-01 2.911215e-02 2.427603e-01 6.135508e+01 -2.561797e-02 9.995179e-01 -1.753858e-02 -6.168814e+00 -2.431539e-01 1.078724e-02 9.699277e-01 1.094778e+02
9.700047e-01 3.237650e-02 2.409204e-01 6.152759e+01 -2.883405e-02 9.994182e-01 -1.821556e-02 -6.198021e+00 -2.413700e-01 1.072247e-02 9.703739e-01 1.102002e+02
9.702632e-01 3.845449e-02 2.389783e-01 6.169627e+01 -3.397645e-02 9.991618e-01 -2.283122e-02 -6.225332e+00 -2.396559e-01 1.403265e-02 9.707564e-01 1.109295e+02
9.711702e-01 3.945438e-02 2.350997e-01 6.187414e+01 -3.375909e-02 9.990320e-01 -2.820239e-02 -6.252301e+00 -2.359848e-01 1.945256e-02 9.715620e-01 1.116692e+02
9.721966e-01 3.867136e-02 2.309511e-01 6.205312e+01 -3.231967e-02 9.989897e-01 -3.122404e-02 -6.282018e+00 -2.319252e-01 2.289163e-02 9.724642e-01 1.124214e+02
9.731405e-01 3.672904e-02 2.272633e-01 6.223417e+01 -3.078898e-02 9.990867e-01 -2.962862e-02 -6.315240e+00 -2.281439e-01 2.183560e-02 9.733825e-01 1.131891e+02
9.741028e-01 3.235463e-02 2.237790e-01 6.241758e+01 -2.673172e-02 9.992473e-01 -2.811183e-02 -6.351409e+00 -2.245201e-01 2.140181e-02 9.742344e-01 1.139649e+02
9.745476e-01 3.082445e-02 2.220517e-01 6.260024e+01 -2.588369e-02 9.993491e-01 -2.512708e-02 -6.387404e+00 -2.226817e-01 1.874001e-02 9.747110e-01 1.147551e+02
9.749759e-01 2.776787e-02 2.205697e-01 6.278483e+01 -2.339025e-02 9.994746e-01 -2.243445e-02 -6.419328e+00 -2.210768e-01 1.671386e-02 9.751131e-01 1.155643e+02
9.752499e-01 2.247719e-02 2.199602e-01 6.297372e+01 -1.826607e-02 9.996092e-01 -2.116033e-02 -6.450506e+00 -2.203499e-01 1.661880e-02 9.752793e-01 1.163732e+02
