0.9999899678408926 -0.0025079281538607145 -0.003711401886331844 -0.0007744853159546878 0.0025041550056302707 0.9999962434742001 -0.0010209048441464654 -0.03312365381339615 0.003713950090991413 0.0010115996607375961 0.9999924915964856 0.9994509611434401
0.9999891655113387 0.00014791238831841176 -0.004652630188197387 -0.060422112179853174 -0.00015869808886561713 0.9999972012403626 -0.0023178289827929526 -0.040961243820464406 0.004652276308801098 0.00231854121756682 0.9999863902579615 1.8566697114136104
0.9999936624204431 0.003325478260685848 -0.0012713431033210731 -0.13560630419891007 -0.0033347647043375263 0.9999672551563287 -0.007373463194780307 -0.01685259756018934 0.0012467811818297114 0.007377656094978688 0.9999720074718236 2.6767679747132918
0.999978116068558 0.0038971315598451597 -0.005346003140935216 -0.16556885230471455 -0.003935503165473856 0.9999664361732781 -0.007185982309179966 -0.03425233237321199 0.005317818990166538 0.007206864263919551 0.9999598901499347 3.535499616159041
0.9999503481970338 0.0024107564126699885 -0.009668991371865695 -0.18050906492715207 -0.002481390664386325 0.999970276614339 -0.00729990330159315 -0.0488782681228885 0.009651105688010005 0.00732353339315693 0.9999266083156495 4.395680838636191
0.9998981165977011 0.0026432506910490953 -0.014027460573965655 -0.21277859479305244 -0.0027615896766373695 0.9999607076600925 -0.008423583464568774 -0.06804069505612173 0.014004643759402904 0.008461463331536339 0.9998661278348524 5.254258995811204
0.9998117806357755 0.0050916522426077224 -0.018721067794346197 -0.23961420954674953 -0.005264418497355798 0.9999439062634309 -0.009190768439871513 -0.07973126893875843 0.01867322146296291 0.009287594094865853 0.999782502045382 6.114299243544982
0.9997560108376862 0.003311777205211542 -0.021839206159091476 -0.28294132424120105 -0.003479191090445524 0.9999648216477893 -0.00763221437468667 -0.09930233372695663 0.02181316169821383 0.007706334968585905 0.9997323633743582 6.972429149574722
0.9996641650534531 0.002071645927943952 -0.025831480622156556 -0.32861270289494593 -0.0021896954105176656 0.9999872852166662 -0.004542536627212437 -0.12167072735039006 0.0258217416529711 0.004597574159232332 0.9996559908137685 7.831231239241942
0.9995679675407732 0.002020679512974578 -0.029322263226325338 -0.35553134671211134 -0.0020854309129054323 0.999995453954306 -0.0021778541340218317 -0.12979664630580945 0.02931772918074599 0.0022380627845130013 0.9995676374466398 8.691369704700186
0.9967726837399619 -0.035396450094576835 0.07205073400414425 0.5165539409420092 0.04006275592114466 0.9971206804254709 -0.06438419259297179 -0.40968848659802354 -0.06956430505537016 0.0670629554116744 0.9953207359809273 10.406003393497809
0.9983762230916915 -0.028351759954150398 0.049407437422634745 0.5369470736632058 0.03142717166000159 0.9975423020283212 -0.06262338656996062 -0.46673823288481725 -0.047510525640347794 0.06407443617809018 0.9968135315001687 11.272322796212341
0.9982615526662028 -0.03584873116028968 0.046783981688808096 0.573437827606311 0.03883228899981803 0.9971615449144458 -0.06450509030200435 -0.5003263489913624 -0.04433876181735429 0.06620968069725454 0.9968201203740177 12.132153577954934
0.998229096506937 -0.039028271731448586 0.0448939293513075 0.5741232744639742 0.04188301560002435 0.9970376310233316 -0.06451182316157948 -0.5394494490649017 -0.042243152003515215 0.06627787209196595 0.9969065953136075 12.9913397801507
0.9982136526310806 -0.042324802505848115 0.04216769846406874 0.6375063483923532 0.04502903430883271 0.9968431915336864 -0.06539141810779688 -0.5885919129883068 -0.039266904259562564 0.06717337706097315 0.9969683283054154 13.843786646596135
0.9983668674068966 -0.04110088442833027 0.03967764311736606 0.6809254672005585 0.04373332098019722 0.9967309909167675 -0.06793179213094447 -0.654927785784317 -0.036755879804230854 0.06955608560929706 0.9969006752202191 14.704063268067824
0.9984109397774177 -0.040628809209947485 0.039049906465384525 0.6967253909078575 0.043313856606677685 0.9965660224003201 -0.07056963102540086 -0.7261776259588034 -0.03604864988636539 0.07214889368096192 0.9967422093911665 15.571904072000603
0.9985649495630037 -0.03825887607595893 0.0374739897214149 0.70693520040628 0.04091803909227263 0.9964942187075032 -0.07297250276210608 -0.8000657843764275 -0.03455076816916632 0.07440114571649288 0.9966296774303853 16.450493810347623
0.998569887638739 -0.038492532786772685 0.03710127249589108 0.7180825766995953 0.04109622833574691 0.9965446874684842 -0.07217884658899776 -0.8796120147544316 -0.03419472938526242 0.07360034509430718 0.996701414509013 17.338904554950467
0.9985524201615824 -0.040079795688473925 0.0358702406880304 0.7385710740114682 0.04255569745495863 0.996557182961463 -0.07115331125136931 -0.954383322112249 -0.032894935834699796 0.07257679426292168 0.9968202105349533 18.23737656045595
0.9905064908253361 -0.022059994372181174 0.13568437006957487 3.2193422080373946 0.029552482904143505 0.9981328188609525 -0.05345583847334985 -0.9332000875643363 -0.13425178727703518 0.056958165007204346 0.9893089633941127 20.921875560049447
0.9936761126907537 -0.008328166174116573 0.11197510757292758 3.287881136240654 0.017237843540372663 0.99673843908777 -0.07883743270143267 -1.076459739606231 -0.11095332269864673 0.08026908304603705 0.9905787371476729 21.884240218522518
0.9938698685648579 -0.011328471899878857 0.10997431556179765 3.35749018181077 0.020166817407324584 0.9966235829896722 -0.07959103784024446 -1.1344507965105028 -0.10870135157638024 0.08132096625865468 0.9907426086588922 22.794872427266306
0.9941941122195794 -0.012896530665470286 0.10682577743558341 3.500926708027907 0.021522792609057904 0.9965628004543328 -0.07999596332893712 -1.2262382981180697 -0.10542692552773082 0.08183070479601008 0.9910544380236428 23.69740472258571
0.9939937198113639 -0.013623835038994779 0.10858580061130715 3.5603994266067716 0.022166849514403737 0.9967177671242707 -0.07786092396968865 -1.310027652558583 -0.10716863234255661 0.07980027454613248 0.9910331984470491 24.6204351836606
0.9938677474621584 -0.016477488966407734 0.10934071936774928 3.621467103679403 0.024823448526388372 0.9968433292559219 -0.07541334975472067 -1.355152969449741 -0.10775294407928139 0.07766510976836377 0.9911394623194636 25.55351671893736
0.9937320400795239 -0.017747895533546363 0.11037048846281126 3.7178231061011915 0.02572606425901641 0.9971240440187908 -0.07128681825801575 -1.4274910509690222 -0.10878787679300553 0.07367939361680954 0.9913306939760965 26.48306808606111
0.9935039407212468 -0.019076656080895055 0.11218734761159586 3.807439420509433 0.02685337086716298 0.9973087249671683 -0.06822172364747027 -1.505734987229918 -0.1105839782447005 0.07079115973857504 0.9913424208912093 27.419550600925543
0.993313486145404 -0.020092844200553246 0.113686392561275 3.9015948874531885 0.027888850239982603 0.9973358244172926 -0.06740523248362378 -1.57569091284973 -0.11202914921553163 0.07012510923921506 0.991227490932446 28.359135218381244
0.9930414101075927 -0.01894604855143619 0.11623168696965021 4.0067612982775165 0.027224628732316673 0.9971714896880285 -0.0700559757889773 -1.654918950320384 -0.11457564052586248 0.072732849508629 0.9907483813766459 29.29938203358227
0.9765839165173011 -0.07582425900771303 0.20133190444055526 5.788087713485292 0.09167086216328761 0.9932852053553353 -0.07057587301939122 -2.2579674335399877 -0.19462863877129954 0.08737953174594724 0.9769772312607341 29.993478654320512
0.9775225727536149 -0.07072600642850715 0.1986138257318171 5.970817290598243 0.08689719823463747 0.9934717344434055 -0.07391068800235408 -2.3585143622751854 -0.19208981413943876 0.08950835087680832 0.9772869376120762 30.935240732968683
0.9773841176381782 -0.07267801022976712 0.19859051693794738 6.197766376667441 0.08854463967387183 0.9934514002549777 -0.07220915535061119 -2.443673265823483 -0.19204200939810906 0.08816020735267373 0.9774188684826325 31.87449390177894
0.9768112154571353 -0.07382736298987748 0.200971067149263 6.311313863774507 0.08866981671914091 0.9938806406001173 -0.06587059923285431 -2.5705883965886813 -0.1948782003204739 0.08216320778950977 0.9773800153090869 32.836691381888144
0.9766333985216875 -0.07862687568358384 0.2000125478869226 6.490534978494751 0.09249631058420928 0.9938454419387728 -0.060956296359220126 -2.645457635473819 -0.1939887559120103 0.07803237762468822 0.9778953474794467 33.798172679669484
0.9761254915333945 -0.08654491224017138 0.1992209902194806 6.707251534601475 0.1002813683124679 0.993153951072943 -0.05990723359980039 -2.7213201847531114 -0.19267244729869518 0.07845513133978534 0.9781217308793361 34.75156936949697
0.9760033037547169 -0.08818890262999361 0.19909864015807607 6.8848647676163175 0.10263488105893472 0.9926951688857131 -0.06342225840337216 -2.7930965631990885 -0.19205111884572781 0.08233479898489637 0.97792502198595 35.713287200536726
0.9763216784744191 -0.08710717966776728 0.19801090725316173 7.060775615543848 0.10223936960231347 0.992466431167378 -0.06750921647604917 -2.8667443509615085 -0.19063864100495068 0.08615522187433465 0.9778722750439188 36.68052886033159
0.9767854018750632 -0.0869115740513688 0.1957974897175258 7.262259278629073 0.10198531959500126 0.9924419381542752 -0.06824949801787288 -2.9318683162002155 -0.18838596888005396 0.08663358291390012 0.9782665020538235 37.67153608905674
0.9770561877234917 -0.08975496156684008 0.1931456779360382 7.479515524965805 0.1042534317097375 0.9923424818640522 -0.06623911732984053 -2.9997006775218593 -0.18572137197420185 0.08485543920119878 0.9789316250024779 38.707291193367965
0.9748583830982847 -0.058425141635176994 0.2150293834058662 6.041455319823825 0.0684624742252459 0.9968704564956428 -0.03952445558292875 -2.3712832690754304 -0.21204721768029655 0.05325219048150852 0.9758074511310959 38.53395542351109
0.9764467668844549 -0.05258363479709264 0.20925265301166932 6.2281904912039465 0.06109831668375959 0.9975376668835144 -0.034432526003827686 -2.3969332488696837 -0.20692681590191953 0.04640651355272623 0.977255201245086 39.5446917476957
0.9769679981992146 -0.048069311727924724 0.20790111054206337 6.441854142752437 0.05646944457227336 0.9978026454040884 -0.03465663939712444 -2.4530688002474608 -0.20577835727869595 0.045598487854389816 0.9775357004125602 40.55592018863342
0.9769669503929042 -0.04782373795922977 0.2079626599358534 6.622377576153531 0.05595157284974136 0.9978755173134721 -0.03337474257594625 -2.47642387254516 -0.20592474192196666 0.0442418583919974 0.977567214379857 41.57757636522385
